[
  {
    "vqe2_energy": [
      -983.7267626022906,
      -964.3303274186975,
      -858.2916786322792
    ],
    "vqe2_vector": [
      [
        0,
        0,
        1,
        0,
        1,
        0,
        0,
        1,
        1,
        1
      ],
      [
        0,
        0,
        1,
        1,
        0,
        0,
        1,
        1,
        0,
        1
      ],
      [
        0,
        0,
        1,
        0,
        1,
        1,
        0,
        1,
        0,
        0
      ]
    ],
    "vqe2_min_error": [
      1.5421718256538264,
      3.4834943098049798,
      14.09653795053586
    ],
    "vqe2_params": [
      [
        4.1215230649126475,
        6.257489572081686,
        4.975312705556694,
        3.5315264916696854,
        5.356480766646075,
        2.21839739754971,
        3.044238483308156,
        0.4371588761523194,
        2.697463501246887,
        6.172645041874592,
        6.01675694395813,
        6.40984074349354,
        5.91418180431898,
        3.955726519883346,
        1.7062691814267084,
        1.7861067467350429,
        0.8126879489834398,
        4.128821555171946,
        0.45994831927180074,
        0.17194062375740557,
        0.20578183638226316,
        3.285770835257378,
        0.5389114362760821,
        3.447600109660103,
        6.26298474847475,
        0.3546890126327205,
        2.9411859820889537,
        2.420747790999276,
        4.542494616404572,
        -0.16338493086185268,
        5.48882601296811,
        0.7070811671077125,
        1.3302059974250091,
        4.194291908179889,
        5.713922462296918,
        2.8179063281294066,
        6.196432739856926,
        6.299504493676037,
        0.9911337053646273,
        1.234067441990609
      ],
      [
        4.639574894317184,
        4.827040240223949,
        6.2520337050584,
        7.267804674449235,
        2.7757522423312033,
        5.688114490653152,
        4.209523410307943,
        5.000041554121907,
        6.899431709317665,
        2.2074381881342995,
        1.52836977875922,
        4.1125417631755825,
        3.082907547540254,
        4.578958469239927,
        1.466354417490193,
        3.3825679306922423,
        5.043916739717807,
        2.5545445744322315,
        1.402048647380492,
        0.9706896144349911,
        2.2199341668830983,
        1.1515970424315054,
        6.09453379972902,
        1.4484116249988663,
        1.8474403932702659,
        3.5415805684572197,
        0.19650213232079275,
        5.544714990691169,
        2.293507457705094,
        3.828561579414736,
        3.4432499929921536,
        3.9599510420265847,
        5.766733769986907,
        4.916959283504436,
        1.5085729170317026,
        3.634196882836346,
        0.831847733690272,
        4.755743728475716,
        4.914289925982241,
        4.788505899799989,
        5.717205218251102,
        4.695571665127921,
        1.9834204019369404,
        1.4078292072224068,
        3.6549590925603086,
        3.938755994660424,
        3.6026490691850523,
        3.6340743241543225,
        5.546211040432369,
        6.078096879481286,
        0.8949644341473832,
        3.9145397721064175,
        3.0715635084344304,
        1.1924750744570947,
        0.3451135711262523,
        6.292593798053968,
        5.429610180761534,
        5.059435205463755,
        5.15862488380747,
        3.0728200487902253
      ],
      [
        1.1886424471959467,
        5.549804814366241,
        2.258580613029246,
        2.7210548660659994,
        3.454555819088725,
        2.3105031175693087,
        2.300085061772625,
        4.365139798911599,
        7.074220375811703,
        1.3222884433960698,
        2.0345426612563227,
        0.8426629366394898,
        2.017616144646556,
        5.711391673697712,
        0.8725950674983334,
        1.5194831729150347,
        1.2720731953767281,
        2.271552573804665,
        2.157568114576538,
        2.3413831066585877,
        4.885029104747999,
        4.418809882263364,
        3.187957714851206,
        3.701129347048132,
        5.464735047761581,
        2.5798093131300392,
        4.689396851755936,
        4.309357103600139,
        2.537973384124395,
        4.284647392358026,
        0.4559642865667399,
        3.421953869468917,
        0.7382464025833891,
        6.200506718999738,
        2.204105926282273,
        3.746749185079866,
        5.133905582729818,
        0.45084379297373484,
        5.383915048696467,
        4.758512927450442,
        5.962820147422392,
        2.1101435676833975,
        4.695449371546343,
        4.208072132404504,
        2.9361648400392824,
        3.0319026857246487,
        4.368669242583342,
        2.1899926250533968,
        4.613753196007125,
        2.347029989231915,
        5.127307008915709,
        5.199281272803935,
        5.324229896016339,
        4.468936866636792,
        1.1347522393043998,
        2.6318006187131515,
        5.682652977120868,
        6.7115415084761185,
        3.845086980521061,
        1.5210664900099322,
        2.9582436191841355,
        0.027511859358727072,
        0.5773057505791502,
        1.4572891547106286,
        3.4146437698041057,
        5.908984390106533,
        2.5940884130717596,
        6.039464429744823,
        5.002097808408513,
        5.7388908650035235,
        5.15963230236907,
        3.448251377250492,
        5.973945870835075,
        5.951627307937037,
        2.433492635542326,
        5.0414429359886075,
        1.1737005906355171,
        0.43715007246300697,
        4.693179970714606,
        0.7141624087594838,
        4.148363207780765,
        5.1739762952815855,
        3.476323495264163,
        3.242452426992809,
        5.95991229872549,
        5.873269144537605,
        0.6077256125458055,
        2.3903531710017987,
        1.836011599976124,
        2.5065720275717
      ]
    ],
    "vqe2_time": [
      15.655061960220337,
      9.261164665222168,
      46.60426163673401
    ],
    "solution_vector": [
      0,
      0,
      0,
      0,
      0,
      1,
      1,
      1,
      1,
      1
    ],
    "solution_min_energy": -999.1351432821946,
    "solution_time": 0.02306222915649414,
    "matrix_size": 10,
    "qubo_matrix": [
      [
        -120.90400765598042,
        7.794426300476463,
        15.588852600952926,
        31.17770520190585,
        3.8972131502382314,
        3.8972130931935434,
        7.794426186387087,
        15.588852372774173,
        31.177704745548347,
        3.8972130931935434
      ],
      [
        7.794426300476463,
        -234.01358901148438,
        31.17770520190585,
        62.3554104038117,
        7.794426300476463,
        7.794426186387087,
        15.588852372774173,
        31.177704745548347,
        62.355409491096694,
        7.794426186387087
      ],
      [
        15.588852600952926,
        31.17770520190585,
        -436.8494728210629,
        124.7108208076234,
        15.588852600952926,
        15.588852372774173,
        31.177704745548347,
        62.355409491096694,
        124.71081898219339,
        15.588852372774173
      ],
      [
        31.17770520190585,
        62.3554104038117,
        124.7108208076234,
        -748.9881248345024,
        31.17770520190585,
        31.177704745548347,
        62.355409491096694,
        124.71081898219339,
        249.42163796438678,
        31.177704745548347
      ],
      [
        3.8972131502382314,
        7.794426300476463,
        15.588852600952926,
        31.17770520190585,
        -120.90400765598042,
        3.8972130931935434,
        7.794426186387087,
        15.588852372774173,
        31.177704745548347,
        3.8972130931935434
      ],
      [
        3.8972130931935434,
        7.794426186387087,
        15.588852372774173,
        31.177704745548347,
        3.8972130931935434,
        -120.90417165726436,
        7.794430026950291,
        15.588860053900582,
        31.177720107801164,
        3.8972150134751455
      ],
      [
        7.794426186387087,
        15.588852372774173,
        31.177704745548347,
        62.355409491096694,
        7.794426186387087,
        7.794430026950291,
        -234.01391328757842,
        31.177720107801164,
        62.35544021560233,
        7.794430026950291
      ],
      [
        15.588852372774173,
        31.177704745548347,
        62.355409491096694,
        124.71081898219339,
        15.588852372774173,
        15.588860053900582,
        31.177720107801164,
        -436.85010646735566,
        124.71088043120466,
        15.588860053900582
      ],
      [
        31.177704745548347,
        62.355409491096694,
        124.71081898219339,
        249.42163796438678,
        31.177704745548347,
        31.177720107801164,
        62.35544021560233,
        124.71088043120466,
        -748.9893325035067,
        31.177720107801164
      ],
      [
        3.8972130931935434,
        7.794426186387087,
        15.588852372774173,
        31.177704745548347,
        3.8972130931935434,
        3.8972150134751455,
        7.794430026950291,
        15.588860053900582,
        31.177720107801164,
        -120.90417165726436
      ]
    ],
    "ansatze": [
      "twolocal",
      "alternating_ry_rz",
      "random_circuit"
    ],
    "histories_energy": [
      [
        [
          -768.3005973275656,
          -734.9620760115516,
          -681.9881870900259,
          -781.7817053466816,
          -784.0884528069943,
          -764.3781677177551,
          -790.880053566864,
          -882.1758586822755,
          -877.5865460709387,
          -871.7910717343445,
          -898.3569832516001,
          -892.4775375484819,
          -877.177688487602,
          -893.6756688456755,
          -891.1692009892924,
          -878.1110265912159,
          -881.2203183182685,
          -869.2223757331143,
          -894.3002970622535,
          -888.596602055473,
          -887.2659350072269,
          -891.8844034140167,
          -866.4486672188705,
          -853.8299836051375,
          -873.7335716469029,
          -886.2171371552067,
          -882.7920467922512,
          -887.6135090221978,
          -881.0970577025059,
          -890.7331798952835,
          -885.7585159775542,
          -885.585379753546,
          -889.6012008973122,
          -885.3044325493274,
          -878.4722306890447,
          -881.2623324429917,
          -889.3294816332469,
          -892.6257312860803,
          -892.030032812513,
          -887.902972730705,
          -888.6417144881549,
          -887.17043831873,
          -881.5771030740691,
          -901.1263626068836,
          -903.1745943267364,
          -901.712314264168,
          -896.0447404078436,
          -897.7901559202732,
          -878.8126199995907,
          -876.3260295782032,
          -896.3531381835205,
          -898.1993494509157,
          -890.289691742833,
          -916.7559378855013,
          -929.8516313230671,
          -919.1259060984047,
          -928.7475286590063,
          -924.0561417016605,
          -926.7389270830247,
          -923.437570579988,
          -926.3891979703881,
          -924.6768713786104,
          -924.3407175188541,
          -926.9912209553656,
          -921.2032180176303,
          -924.3054896333815,
          -921.7669524483631,
          -927.2300732633976,
          -928.6868804653725,
          -924.8608221704463,
          -934.794017455112,
          -944.6608577197212,
          -948.0886357797812,
          -945.6900941800127,
          -948.2344653161333,
          -950.1052289590798,
          -951.3897917901471,
          -948.007995435512,
          -951.3827611863853,
          -947.8009598073928,
          -947.6377769727995,
          -949.601306853284,
          -951.1048001855524,
          -939.9741738387715,
          -946.2915616259276,
          -956.3281021693485,
          -954.9369928480611,
          -945.0656302642277,
          -954.4299020254972,
          -948.4852385327548,
          -951.4466408754522,
          -964.5559022220986,
          -958.5452045751824,
          -965.8818362260987,
          -963.0645834071133,
          -964.8637108683456,
          -962.4380186871166,
          -964.0568409635719,
          -967.0884650254862,
          -967.2641138969864
        ]
      ],
      [
        [
          -827.9816465380379,
          -824.5791182019223,
          -851.259484648011,
          -880.1747737137405,
          -872.5115997663978,
          -874.7575129150948,
          -877.2178633449802,
          -878.4923625036542,
          -881.2074091790431,
          -887.2069860242511,
          -876.6237624246018,
          -889.0582602309778,
          -874.4382763410449,
          -867.3827190761333,
          -874.1956614646365,
          -881.2245361552565,
          -878.2418686038445,
          -877.736271900903,
          -863.46542098188,
          -884.7306058288276,
          -883.6227508426476,
          -876.8532702785852,
          -851.6231411406452,
          -873.0521184234727,
          -883.3084628326379,
          -877.9989177315585,
          -871.4650704643883,
          -884.6643303012697,
          -867.4944675022356,
          -888.1718233828943,
          -881.3025994954701,
          -882.6935931185501,
          -884.9710754243389,
          -884.0444500060933,
          -887.8368738332949,
          -875.2113997129702,
          -877.4211409576593,
          -884.9835895975128,
          -882.8287473249849,
          -880.9349098161499,
          -879.3884169121903,
          -878.7894970277606,
          -877.0010121514255,
          -879.5880847903388,
          -878.7438044345163,
          -878.0877678218633,
          -880.4664792033877,
          -883.1987225890329,
          -873.2236765520213,
          -881.3867939200142,
          -874.6592561609955,
          -876.1612184414796,
          -878.5925625026364,
          -885.2755935643747,
          -882.3940975623659,
          -881.9453622731882,
          -877.5756921769165,
          -883.5147396949344,
          -881.2079717031668,
          -883.1477870062294,
          -876.4296548770606,
          -848.4680331384401,
          -878.5985828725376,
          -854.7133538272651,
          -895.8495718880106,
          -848.9411613531119,
          -894.5215627445236,
          -913.9156134913245,
          -850.212474475038,
          -919.2796400167828,
          -930.0344711380494,
          -928.3333873611383,
          -926.2118756958628,
          -925.3347055788191,
          -928.2457412195407,
          -928.5532890334828,
          -904.642509026063,
          -922.5927729317406,
          -931.8914306890047,
          -922.5797027060268,
          -928.955782643042,
          -922.924865274096,
          -930.5909810857793,
          -930.0735827082999,
          -923.2625553513988,
          -924.932858608818,
          -929.7204732921141,
          -928.4945614244392,
          -931.1623102998432,
          -927.2406024768294,
          -928.355586707267,
          -929.6910729341344,
          -929.6530052582202,
          -928.6511857995196,
          -931.2328534495697,
          -938.0258682121117,
          -937.9598040895299,
          -938.8329390988043,
          -937.1310367098803,
          -935.6041541667831
        ]
      ],
      [
        [
          -808.9049041793204,
          -837.5836468013541,
          -826.5518780785223,
          -823.7535771866931,
          -856.148528287864,
          -863.0809481768456,
          -834.9143180536194,
          -859.8282122566683,
          -862.0638202411016,
          -867.1554140385472,
          -864.6577325244227,
          -868.7901246105753,
          -858.4936117510425,
          -814.2834672434457,
          -851.1528440059836,
          -853.0299207704547,
          -835.8597000999719,
          -880.4622195441996,
          -866.0495124749043,
          -854.2729375887544,
          -848.1170848579112,
          -872.2940131675301,
          -887.9410893727434,
          -858.5682176712813,
          -891.4882458181828,
          -882.9860746226121,
          -895.7050487185236,
          -883.0953508947048,
          -895.4540956479535,
          -869.0184365415471,
          -888.811167463316,
          -890.8209293443374,
          -887.7894357396987,
          -891.1436091397879,
          -889.2477805675156,
          -884.1943122612364,
          -884.4845976064508,
          -890.4560038260947,
          -893.5600780698372,
          -886.9485272354001,
          -892.0485104663763,
          -890.9995981700288,
          -882.5218282651746,
          -883.0687139982028,
          -888.235485532717,
          -887.7471274525365,
          -895.8502379919419,
          -886.2166408794989,
          -887.3984823813795,
          -890.4914572429293,
          -888.1783027903551,
          -881.177487517453,
          -889.891244773133,
          -891.3736561957792,
          -883.870828223274,
          -894.6563156298962,
          -889.4329276248583,
          -890.4721232291619,
          -899.0453745900145,
          -884.9891067595178,
          -886.9362911906323,
          -882.5522309311274,
          -885.0685853389957,
          -893.983833715895,
          -882.5147699613843,
          -891.7975442294944,
          -885.7890096722105,
          -884.7571918937707,
          -888.8671671467315,
          -892.1744478564826,
          -883.616271868272,
          -883.5634953479719,
          -890.0580499377227,
          -889.9059330518016,
          -896.1874635396101,
          -890.1708140997486,
          -887.886856213788,
          -896.7710888566614,
          -885.6420322126182,
          -880.2412721995912,
          -884.090742420077,
          -890.5724251908846,
          -893.3489904001777,
          -880.4133207719937,
          -887.5494756299561,
          -883.6565868374441,
          -885.457554965401,
          -882.3683200134894,
          -887.209958922511,
          -889.8502403925924,
          -886.443573544676,
          -894.6711794557533,
          -884.7203468849128,
          -860.9971544216387,
          -888.0769213488334,
          -874.2368764164643,
          -883.2565227522429,
          -867.186769404959,
          -895.0448283556424,
          -877.1190664491016
        ]
      ]
    ]
  }
]