[
  {
    "vqe2_energy": [
      -844.9019473203409,
      -848.1388993431617,
      -844.7565449501201
    ],
    "vqe2_vector": [
      [
        1,
        1,
        1,
        0,
        0,
        1,
        0,
        0,
        1,
        1
      ],
      [
        1,
        1,
        0,
        0,
        0,
        1,
        0,
        1,
        1,
        0
      ],
      [
        1,
        0,
        1,
        1,
        0,
        0,
        1,
        0,
        0,
        0
      ]
    ],
    "vqe2_min_error": [
      0.38170817771373544,
      5.486013433531056e-05,
      0.39885186615503665
    ],
    "vqe2_params": [
      [
        3.4553204889686766,
        2.94432367035454,
        2.262824618348802,
        6.702622733342957,
        8.017078232975207,
        0.20999725212520967,
        3.2396993131344396,
        5.862570154104129,
        0.6742907949939745,
        2.240642595909964,
        5.8615980066406035,
        1.4808426667467856,
        7.58618735975324,
        5.045460988381452,
        2.9582651066130135,
        1.0283808692422087,
        3.2688006501685307,
        5.8499779261306575,
        1.3880078325756433,
        1.762055382845731,
        5.285189037488791,
        0.2623072026573492,
        2.758293004762489,
        0.94870533845351,
        5.484583130579864,
        6.282350079823364,
        3.148004894932626,
        2.3239492584779224,
        2.9744963341948787,
        0.43374541615090456,
        4.837500583271503,
        0.33184055525246625,
        0.6980965927690254,
        0.2938663540686861,
        2.342947265167278,
        3.547942247198632,
        3.3304659937564565,
        4.768209859860592,
        5.37690554283424,
        1.3239963807526054
      ],
      [
        4.916753907746198,
        5.562573383794759,
        0.023191697856537716,
        5.32156509854444,
        6.261855120969292,
        3.9083409548156136,
        1.3190476966754243,
        4.1737874762835805,
        0.16072346664515344,
        3.477083208154859,
        4.530022010338811,
        2.2373006632188224,
        1.768945118762378,
        3.794743867541071,
        4.196378448970358,
        1.9409360740697987,
        2.5085588016998654,
        5.277419357945335,
        5.424049151755621,
        4.314804459848548,
        5.081372117505517,
        0.8171873943715188,
        3.4841529766900425,
        3.8281711400056895,
        0.23455500909593713,
        0.8720036146363728,
        1.8352402580674068,
        1.9667913241554902,
        4.2856306208159,
        3.4807304921086817,
        5.713623574784366,
        1.6007301106100973,
        2.721545126720732,
        3.927787727747238,
        2.3931208308593495,
        0.15738855037284016,
        2.3338872475473895,
        4.458107937192409,
        2.337226957030608,
        2.8804508264302298,
        4.97175614988765,
        1.3703315251234658,
        5.477919885240112,
        3.0125773738773893,
        5.9109410020777675,
        3.8004564283039146,
        1.5917075629965682,
        5.674466411581429,
        0.9259572105993764,
        6.00163152571338,
        5.081154407792352,
        2.567657053052667,
        4.659791019060747,
        5.189198473766506,
        3.0863830608105234,
        5.6829424463098155,
        2.072484946967087,
        4.760179451719945,
        5.160608856365002,
        2.506800401654333
      ],
      [
        4.485561766127381,
        5.375513581983746,
        3.63358788528641,
        4.3364887895456246,
        1.476991976827754,
        6.428507060977822,
        3.0908639562950806,
        1.4421981885829898,
        0.6248560575836999,
        5.164667141328556,
        6.112004680804818,
        2.4633384758982677,
        5.549661214603647,
        1.1126033871488223,
        5.169731507832387,
        2.6505588506785154,
        1.7777529130463852,
        1.8796238694855583,
        1.9530201945235475,
        1.9268659503568852,
        4.52308664945358,
        4.921211869105074,
        2.2252568408810975,
        1.3786462962061254,
        2.3316289726518797,
        4.127460528110234,
        5.066401168514819,
        4.640345562005254,
        4.354937037111801,
        0.8336870792634982,
        2.6943476939184734,
        4.324885126005646,
        6.962683623038879,
        3.6879023610804293,
        4.063728882983326,
        2.7330357392019757,
        5.175455853056211,
        1.3423156397638127,
        6.204079330782309,
        1.4022197281705646,
        3.337248575324402,
        2.1144869091221734,
        6.106375625825608,
        4.653055680016703,
        4.472349256869154,
        3.6528573078251156,
        1.2031694379202105,
        0.6911222687485636,
        5.190877625498174,
        6.05517124402545,
        2.368995974220604,
        5.554658272180697,
        2.827996755745915,
        2.480696202462018,
        1.7398329454708104,
        0.5484149899265903,
        3.834167874637927,
        4.9003726291924075,
        1.9067249331499072,
        0.9855989330061964,
        3.645500489716514,
        0.29665845911533223,
        1.6554956891311534,
        5.8109260547128265,
        0.7808787738257291,
        1.3749028624577706,
        4.3375342231059335,
        5.38575350860546,
        2.4848500030643965,
        5.232320113032982,
        3.471221205736976,
        6.034871586279228,
        2.587313925247268,
        4.7569789745347135,
        1.8539893599513024,
        4.5599110880227745,
        4.834156637824293,
        3.803288108744324,
        1.3705654521545456,
        4.867675246984344,
        3.758279512785952,
        5.852358870865529,
        0.4022471658866342,
        2.6903403105498596,
        0.4575104022458988,
        0.37845162576296315,
        4.598410305323814,
        4.503404240148579,
        5.116252026489015,
        1.641252067411533
      ]
    ],
    "vqe2_time": [
      19.197282314300537,
      18.130749702453613,
      38.94876456260681
    ],
    "solution_vector": [
      0,
      0,
      0,
      0,
      0,
      1,
      1,
      1,
      1,
      1
    ],
    "solution_min_energy": -848.1393646335565,
    "solution_time": 0.028280973434448242,
    "matrix_size": 10,
    "qubo_matrix": [
      [
        -102.63651719303444,
        6.6170623431861175,
        13.234124686372235,
        26.46824937274447,
        3.3085311715930588,
        3.308531107448375,
        6.61706221489675,
        13.2341244297935,
        26.468248859587,
        3.308531107448375
      ],
      [
        6.6170623431861175,
        -198.65597204288275,
        26.46824937274447,
        52.93649874548894,
        6.6170623431861175,
        6.61706221489675,
        13.2341244297935,
        26.468248859587,
        52.936497719174,
        6.61706221489675
      ],
      [
        13.234124686372235,
        26.46824937274447,
        -370.843694713021,
        105.87299749097788,
        13.234124686372235,
        13.2341244297935,
        26.468248859587,
        52.936497719174,
        105.872995438348,
        13.2341244297935
      ],
      [
        26.46824937274447,
        52.93649874548894,
        105.87299749097788,
        -635.8143919350642,
        26.46824937274447,
        26.468248859587,
        52.936497719174,
        105.872995438348,
        211.745990876696,
        26.468248859587
      ],
      [
        3.3085311715930588,
        6.6170623431861175,
        13.234124686372235,
        26.46824937274447,
        -102.63651719303444,
        3.308531107448375,
        6.61706221489675,
        13.2341244297935,
        26.468248859587,
        3.308531107448375
      ],
      [
        3.308531107448375,
        6.61706221489675,
        13.2341244297935,
        26.468248859587,
        3.308531107448375,
        -102.63668237029928,
        6.617062944093599,
        13.234125888187197,
        26.468251776374395,
        3.3085314720467993
      ],
      [
        6.61706221489675,
        13.2341244297935,
        26.468248859587,
        52.936497719174,
        6.61706221489675,
        6.617062944093599,
        -198.65630179650495,
        26.468251776374395,
        52.93650355274879,
        6.617062944093599
      ],
      [
        13.2341244297935,
        26.468248859587,
        52.936497719174,
        105.872995438348,
        13.2341244297935,
        13.234125888187197,
        26.468251776374395,
        -370.84435181663554,
        105.87300710549758,
        13.234125888187197
      ],
      [
        26.468248859587,
        52.936497719174,
        105.872995438348,
        211.745990876696,
        26.468248859587,
        26.468251776374395,
        52.93650355274879,
        105.87300710549758,
        -635.8156965277735,
        26.468251776374395
      ],
      [
        3.308531107448375,
        6.61706221489675,
        13.2341244297935,
        26.468248859587,
        3.308531107448375,
        3.3085314720467993,
        6.617062944093599,
        13.234125888187197,
        26.468251776374395,
        -102.63668237029928
      ]
    ],
    "ansatze": [
      "twolocal",
      "alternating_ry_rz",
      "random_circuit"
    ],
    "histories_energy": [
      [
        [
          -738.6773297891536,
          -733.485632267254,
          -718.2846646532772,
          -725.5242433519871,
          -738.4439433854432,
          -748.3667132263131,
          -736.8155190105123,
          -732.0302920374894,
          -744.7873995765741,
          -739.7606957868945,
          -755.294223817521,
          -747.3969047681225,
          -753.9485823116702,
          -762.9107352825874,
          -757.3224985199085,
          -753.679925369751,
          -754.2276009474147,
          -744.5702435711069,
          -756.7722533288143,
          -759.660892191818,
          -754.3706729366904,
          -755.819600435743,
          -683.9877328776108,
          -761.8881825884973,
          -752.516161017698,
          -758.500820073086,
          -757.409096902745,
          -754.5840720348563,
          -762.9300504512975,
          -772.4891304320109,
          -768.5481798581887,
          -767.2286330744461,
          -759.0004016369005,
          -764.3050326162302,
          -764.1568244448288,
          -764.8074120650964,
          -769.5837924186837,
          -761.2272485070129,
          -766.6072849887954,
          -760.1793782033222,
          -766.575466528929,
          -775.66250935742,
          -763.4438295692038,
          -779.1035437794869,
          -782.3873625814508,
          -791.7075559126297,
          -788.4220779887848,
          -751.7450016995452,
          -796.397186580697,
          -776.935146571215,
          -781.36729721863,
          -791.8139599059961,
          -793.080783624511,
          -801.2378974871002,
          -797.8844172202007,
          -804.9782511843312,
          -805.7146765990342,
          -806.110937705592,
          -804.2260054204992,
          -803.7042528046512,
          -786.6430705913808,
          -773.0498019284573,
          -805.5025301047472,
          -805.5719087890061,
          -805.7432942662443,
          -807.1444947351156,
          -810.1670980811418,
          -806.0684069231875,
          -808.123616378852,
          -801.5838946285328,
          -811.2134858821399,
          -816.9629575278316,
          -816.1826307600081,
          -811.184703155803,
          -814.8292749460584,
          -811.6398227204376,
          -813.0611646952484,
          -813.4675081482957,
          -814.7060258901046,
          -815.0634648684031,
          -814.8960401335463,
          -816.0790860953032,
          -802.8105703754414,
          -822.6082838230958,
          -813.6430562669343,
          -751.5838669078491,
          -824.0814883415609,
          -823.2249732954471,
          -818.4734418071304,
          -811.6314982017033,
          -825.8671358734204,
          -814.048069156949,
          -823.8245105701244,
          -822.6706420633833,
          -822.4548621035556,
          -825.1817583828806,
          -820.5027310480995,
          -799.1389923695953,
          -822.3315089657887,
          -795.3158593086848
        ]
      ],
      [
        [
          -734.7499468624615,
          -736.3112356654343,
          -738.1810314579438,
          -733.1525181014297,
          -732.1445868928824,
          -733.606938651722,
          -721.8820699102364,
          -747.204653086739,
          -750.1675675064585,
          -747.6115117420784,
          -749.857710819701,
          -746.7776694562659,
          -765.5906820468497,
          -771.18728925083,
          -784.154166998123,
          -780.5143113444108,
          -776.0705057080819,
          -714.8378395686188,
          -780.2281093631656,
          -776.6540392476309,
          -779.0149222250806,
          -781.3871164137755,
          -714.9428691804171,
          -778.6699368615987,
          -775.9865271982042,
          -775.7693071826412,
          -775.0452097229771,
          -716.512804869416,
          -793.0548002259777,
          -789.2172348112177,
          -787.0518829494142,
          -794.2264299998392,
          -793.2111546598803,
          -791.0402670930887,
          -789.2509494772474,
          -792.2384865990336,
          -788.1241607400424,
          -790.3680583733162,
          -797.4236794600458,
          -792.2147290832517,
          -794.1706425693375,
          -793.2915749359553,
          -795.3714373998761,
          -795.073575449233,
          -792.6831519261755,
          -795.7514418636928,
          -788.3980917801957,
          -791.6182975464955,
          -790.2351259134633,
          -793.2101005044399,
          -791.6090267051582,
          -793.9249066240957,
          -792.2081399977528,
          -792.4513828925193,
          -796.1162510484064,
          -793.2618817627542,
          -789.0187424670077,
          -793.4339662676252,
          -792.9489516121932,
          -788.3884456567641,
          -792.4015258113121,
          -784.0347360673919,
          -796.2406062623639,
          -746.1030520034407,
          -783.7089549554196,
          -788.3535192198515,
          -788.1224151857472,
          -788.1205906167298,
          -790.7777238886808,
          -785.1874492696937,
          -793.5671181236102,
          -791.2977362533693,
          -788.3671889451443,
          -795.4404133109475,
          -787.6414338328993,
          -733.0126417811027,
          -793.9095566616139,
          -782.5983517145467,
          -760.0149334342582,
          -795.5235362515534,
          -780.8635920904713,
          -791.3734153994957,
          -788.8354527185879,
          -788.8226473279968,
          -792.2453949418025,
          -783.1943822143479,
          -793.5654702619745,
          -796.1216114419262,
          -789.1791227747929,
          -795.1004643412447,
          -787.1544349922897,
          -790.6246860624843,
          -794.3580558185679,
          -787.5875337579618,
          -790.5727470549164,
          -791.4616225494337,
          -796.7488210374329,
          -791.0487674782831,
          -790.7171369516108,
          -795.5267030723851
        ]
      ],
      [
        [
          -697.1778069291995,
          -702.991455211783,
          -696.4852394841154,
          -692.1986288793893,
          -696.6111034930246,
          -686.7495897222391,
          -714.7477345813282,
          -716.1826971289313,
          -711.2484107185927,
          -707.7860663006377,
          -720.9224514318638,
          -707.7527039730562,
          -733.3840739727825,
          -725.5615245003712,
          -720.1099509440538,
          -721.7255036229647,
          -732.7189551925583,
          -710.8539892890113,
          -741.8910952035145,
          -728.2753380923564,
          -735.1394352069872,
          -744.0580299380374,
          -732.4962544561816,
          -737.3202089137095,
          -743.8415594636765,
          -731.4140386015926,
          -741.26309042353,
          -712.1661098581277,
          -729.4368416590652,
          -735.1729077361662,
          -737.4629471141147,
          -732.711720402481,
          -740.440672897683,
          -747.8451055361131,
          -736.3585381545668,
          -742.9133095177201,
          -738.9085321491798,
          -739.8689700739011,
          -728.0169706263104,
          -740.6282759598508,
          -733.231710878025,
          -735.581479905881,
          -738.031732544501,
          -734.0764350362259,
          -738.4696119402694,
          -732.7898839989166,
          -740.0968669466708,
          -734.1108403693877,
          -746.8021304836157,
          -744.1133960897064,
          -741.0045613629827,
          -743.8269141545524,
          -749.6104420516388,
          -742.762144399705,
          -748.4561471021116,
          -740.245846067666,
          -740.7136699700962,
          -737.646863507449,
          -737.2890426089232,
          -738.9212381363081,
          -743.5146104932364,
          -743.3853165128816,
          -736.8669197953277,
          -743.3012805688674,
          -739.5136770658428,
          -733.6454869582387,
          -736.8879664002303,
          -735.6540678215192,
          -733.453564100997,
          -736.8885586754075,
          -741.0810975733267,
          -742.1199524272251,
          -736.0134440553909,
          -736.8394499806683,
          -734.2389489881102,
          -741.4397959505518,
          -741.2124505522063,
          -737.9971267656781,
          -747.5699075265982,
          -732.2318656444145,
          -739.1122346728719,
          -733.5751321398953,
          -736.007456809312,
          -731.9232672851076,
          -733.5129913336596,
          -740.3521567705546,
          -738.8661209958101,
          -737.1271305911546,
          -743.1843164525089,
          -741.1284925021049,
          -732.8275368678095,
          -739.4424316094497,
          -730.8723013740454,
          -715.1730033864045,
          -737.4776897349684,
          -723.1857518796845,
          -742.4030339564539,
          -731.1465468788648,
          -740.7706445032724,
          -713.811824834107
        ]
      ]
    ]
  }
]