[
  {
    "vqe2_energy": [
      -841.6198859218752,
      -851.8461937122754,
      -855.1099904636461
    ],
    "vqe2_vector": [
      [
        1,
        0,
        1,
        0,
        0,
        0,
        0,
        0,
        1,
        1
      ],
      [
        0,
        0,
        0,
        1,
        0,
        1,
        0,
        0,
        1,
        0
      ],
      [
        0,
        1,
        1,
        1,
        1,
        0,
        0,
        0,
        0,
        1
      ]
    ],
    "vqe2_min_error": [
      1.5776035718085057,
      0.3816982276269143,
      1.677843849412497e-05
    ],
    "vqe2_params": [
      [
        5.076221435930077,
        -0.1292008161882312,
        -0.032838450676533425,
        4.631549732832143,
        0.9255281945786114,
        6.211909004038448,
        5.885592822619444,
        6.644247483466951,
        5.439255591617178,
        4.805748384092293,
        4.583830556240047,
        5.12501871113693,
        5.7163262214901,
        0.35481177517167917,
        1.9828409535363953,
        1.8149499210503337,
        2.425802162474135,
        3.0246908163162116,
        5.756334785545751,
        2.647675892579328,
        2.140358057075918,
        3.0625175852560087,
        -0.1478069142288229,
        6.739582497509392,
        1.3373889931854757,
        0.07295566957518192,
        -0.39595119488460917,
        3.1911177163347597,
        1.6147196616446766,
        1.5645056313891834,
        1.6388595050808794,
        0.5725591714141555,
        2.8105700373157627,
        3.70186925260264,
        0.751113978202126,
        2.7039519716978684,
        2.4498341900820604,
        3.7327627446074976,
        5.1828376738295825,
        3.251518482929326
      ],
      [
        3.9301215180833915,
        1.603568998667654,
        3.74767100130483,
        1.5964736897243452,
        3.981920609934318,
        2.9038088058162392,
        3.9952447586465185,
        3.0144866662163095,
        4.322460943408926,
        3.8726043795600362,
        5.949420596651317,
        3.95868345070138,
        5.534136409253338,
        1.9576466744452805,
        6.020321319334621,
        4.801181322209848,
        3.1701437323049126,
        0.4263809589494191,
        3.042884698026274,
        4.251748853924761,
        4.083325188609115,
        1.0600546873220371,
        2.2705321304864534,
        0.63132650797662,
        5.991430848703026,
        5.992810971663269,
        3.1977549121411295,
        3.493262514141712,
        3.83936035419583,
        2.0706344200713884,
        2.4374282332476325,
        4.188413642918946,
        3.81235371931397,
        1.792379293211683,
        4.046080273332841,
        3.9153914047982896,
        3.40905296674257,
        5.8000371158648605,
        0.36100356365780906,
        5.837776490095126,
        2.638794832383925,
        3.2890073032183276,
        6.207114079419497,
        1.560668171915335,
        1.460579230864907,
        4.539847677226113,
        0.16609451366486547,
        1.316973028711911,
        5.137951387823395,
        0.3000976822380074,
        6.105106673812319,
        2.386571297964515,
        4.260454782093169,
        1.7867541049165874,
        2.7239602136554493,
        6.055470836056824,
        6.06467799575191,
        1.4087521940158938,
        0.857959992804344,
        2.093678362834015
      ],
      [
        2.0734523924579444,
        4.747703194181018,
        6.193934811357387,
        2.432946464826934,
        4.469332493357797,
        2.6466106336272204,
        5.12905476826691,
        4.051646594063611,
        4.208550013339233,
        0.7509175138149256,
        2.80072591926102,
        0.95234600602763,
        4.996357720658872,
        3.7994211584364526,
        4.300193685212211,
        1.7431125819741065,
        0.10901985430647901,
        5.799984776591165,
        6.435164077019353,
        3.890710857681129,
        5.00470426663273,
        1.8004919408303013,
        3.586884141184961,
        5.883583526093783,
        0.004050944770638407,
        2.0742106909069395,
        5.149527379075649,
        4.018480574796843,
        2.245081752048187,
        5.325915111825046,
        2.7744524994225173,
        3.206551761117976,
        4.522371698913012,
        3.3143971504447154,
        2.8326108882716166,
        5.750554147085058,
        5.522080678969659,
        1.047327020996016,
        4.534466333381905,
        2.323375082118473,
        0.5622879941802454,
        0.5265175000775894,
        0.6655982931114623,
        5.365430524025127,
        1.682245347182026,
        1.9861403215475484,
        0.9590402649509276,
        2.037216101130167,
        2.614446492533953,
        1.087410422718143,
        3.6950532668650413,
        5.604198739994142,
        0.07155018428611842,
        3.8836264334873816,
        3.562136839827789,
        4.239341224157095,
        1.973807359789888,
        1.0261477671935935,
        2.1049533346486227,
        1.2316631458152567,
        1.0943647781224095,
        6.02451856635576,
        2.893262974357715,
        2.790116466659721,
        0.5370907142177743,
        1.3569789511757242,
        4.824165686198862,
        2.0880374247586078,
        3.66530866704799,
        2.620287865431604,
        2.8490273083199846,
        2.933257713459089,
        0.4589956558115491,
        0.8936147138512908,
        3.419044094414868,
        1.394918764349094,
        1.4823419886824432,
        5.306264059530093,
        0.6258629239886804,
        2.042675157240429,
        0.8864566483198049,
        1.3044066041822286,
        0.5163368239680285,
        3.6963196839426744,
        2.5253534977196748,
        5.129353018725927,
        0.22823664731790388,
        0.758065567935563,
        0.3050255167002769,
        4.929157560479446
      ]
    ],
    "vqe2_time": [
      13.585533857345581,
      17.66025972366333,
      40.93664216995239
    ],
    "solution_vector": [
      1,
      1,
      1,
      1,
      1,
      0,
      0,
      0,
      0,
      0
    ],
    "solution_min_energy": -855.110133937774,
    "solution_time": 0.02311396598815918,
    "matrix_size": 10,
    "qubo_matrix": [
      [
        -103.47999830931754,
        6.671415325094223,
        13.342830650188446,
        26.685661300376893,
        3.3357076625471116,
        3.335707616404748,
        6.671415232809496,
        13.342830465618992,
        26.685660931237983,
        3.335707616404748
      ],
      [
        6.671415325094223,
        -200.28858129354083,
        26.685661300376893,
        53.371322600753786,
        6.671415325094223,
        6.671415232809496,
        13.342830465618992,
        26.685660931237983,
        53.371321862475966,
        6.671415232809496
      ],
      [
        13.342830650188446,
        26.685661300376893,
        -373.8915012867048,
        106.74264520150757,
        13.342830650188446,
        13.342830465618992,
        26.685660931237983,
        53.371321862475966,
        106.74264372495193,
        13.342830465618992
      ],
      [
        26.685661300376893,
        53.371322600753786,
        106.74264520150757,
        -641.040357371902,
        26.685661300376893,
        26.685660931237983,
        53.371321862475966,
        106.74264372495193,
        213.48528744990386,
        26.685660931237983
      ],
      [
        3.3357076625471116,
        6.671415325094223,
        13.342830650188446,
        26.685661300376893,
        -103.47999830931754,
        3.335707616404748,
        6.671415232809496,
        13.342830465618992,
        26.685660931237983,
        3.335707616404748
      ],
      [
        3.335707616404748,
        6.671415232809496,
        13.342830465618992,
        26.685660931237983,
        3.335707616404748,
        -103.47985345091907,
        6.671415220989292,
        13.342830441978585,
        26.68566088395717,
        3.335707610494646
      ],
      [
        6.671415232809496,
        13.342830465618992,
        26.685660931237983,
        53.371321862475966,
        6.671415232809496,
        6.671415220989292,
        -200.28829168084886,
        26.68566088395717,
        53.37132176791434,
        6.671415220989292
      ],
      [
        13.342830465618992,
        26.685660931237983,
        53.371321862475966,
        106.74264372495193,
        13.342830465618992,
        13.342830441978585,
        26.68566088395717,
        -373.89092247774056,
        106.74264353582868,
        13.342830441978585
      ],
      [
        26.685660931237983,
        53.371321862475966,
        106.74264372495193,
        213.48528744990386,
        26.685660931237983,
        26.68566088395717,
        53.37132176791434,
        106.74264353582868,
        -641.0392014196524,
        26.68566088395717
      ],
      [
        3.335707616404748,
        6.671415232809496,
        13.342830465618992,
        26.685660931237983,
        3.335707616404748,
        3.335707610494646,
        6.671415220989292,
        13.342830441978585,
        26.68566088395717,
        -103.47985345091907
      ]
    ],
    "ansatze": [
      "twolocal",
      "alternating_ry_rz",
      "random_circuit"
    ],
    "histories_energy": [
      [
        [
          -730.7536875155622,
          -727.279647629851,
          -724.6464150522179,
          -713.3757152381384,
          -722.9771373356725,
          -719.9098872027785,
          -736.4465320220661,
          -739.4826540105238,
          -752.7656262532045,
          -749.4950163005686,
          -745.5309677559461,
          -752.953123092462,
          -753.564555504496,
          -751.5017269390842,
          -750.136053929539,
          -748.6749835871395,
          -747.2710195737835,
          -740.5759303296314,
          -748.8637985554615,
          -747.4503770764063,
          -755.4451660102604,
          -746.4175499165627,
          -761.8659505818953,
          -736.9567213597948,
          -782.9127959394657,
          -771.2480543985725,
          -769.1484689375275,
          -660.8632419765177,
          -775.7986088132067,
          -769.3311633609769,
          -771.3154523787208,
          -775.3368829205469,
          -780.9246328072411,
          -771.0332367598185,
          -775.3455344820137,
          -776.0372404830855,
          -775.9906342067432,
          -777.3640000360557,
          -766.5471240365732,
          -778.5069499148418,
          -777.5429740919396,
          -828.6208641966963,
          -831.0722206893915,
          -835.2575572284973,
          -818.237291134288,
          -836.6848493821526,
          -832.4426542188111,
          -826.3345225710888,
          -798.2951901341984,
          -836.5225795713216,
          -817.3633438616491,
          -835.6357668554676,
          -833.6442772241861,
          -836.7517700024052,
          -837.6320940381684,
          -835.5898422224932,
          -832.8468035804725,
          -836.5817195781149,
          -830.1600094599806,
          -834.4087686876313,
          -835.234922408062,
          -835.2680933937231,
          -834.1903767390876,
          -835.513958537431,
          -834.0911423429072,
          -811.6675704957353,
          -822.209979535951,
          -835.6129803413063,
          -824.1974555565395,
          -836.5220363520147,
          -829.086099436009,
          -834.4668678547719,
          -829.311643850394,
          -837.3797400366792,
          -830.8511709601271,
          -838.0839998763159,
          -832.9210465103699,
          -838.2453548686997,
          -836.6742955868325,
          -838.374928771421,
          -836.9978533485619,
          -839.2785824689246,
          -825.1293950126178,
          -831.2636240416329,
          -822.4664214910354,
          -838.2498036206658,
          -799.4465906992534,
          -841.9469730730289,
          -834.1515829587214,
          -833.0789800877506,
          -840.3111941668695,
          -836.8347021467695,
          -839.0990350478024,
          -834.9356940772516,
          -839.1776229919278,
          -836.0456822345474,
          -836.9804241267238,
          -837.9589662985334,
          -837.6088228623464,
          -839.231914717586
        ]
      ],
      [
        [
          -763.9917250582662,
          -764.6516628484685,
          -770.6908247949742,
          -767.3862539148689,
          -778.7119521625904,
          -776.7853744143233,
          -776.3480686393832,
          -772.2790854989662,
          -770.0187844284255,
          -780.3921248616524,
          -789.0551118609759,
          -781.6174075340452,
          -786.8099036907041,
          -761.5293676475754,
          -779.7068572580035,
          -787.3180034158796,
          -781.7350211423613,
          -755.6171044971626,
          -774.9920884172341,
          -777.0353559522113,
          -787.0129996818591,
          -773.9932259706651,
          -716.0759589409247,
          -772.0368797607865,
          -788.6163994753979,
          -776.8169126356943,
          -782.100850654444,
          -790.4438403885482,
          -752.8989718158357,
          -789.3448029078597,
          -783.31883757011,
          -781.6656401341025,
          -780.0163702954457,
          -783.3220192911873,
          -778.1394449786865,
          -782.3303711536025,
          -787.8926326452173,
          -786.2944075210015,
          -781.5975451502072,
          -778.679307324699,
          -791.8941763185932,
          -785.4753077601853,
          -787.116409082914,
          -791.8358118664928,
          -779.7562820937139,
          -781.1803259704399,
          -781.7937370181199,
          -784.422363830017,
          -781.5011311415481,
          -784.7945673719876,
          -787.6105130914348,
          -785.4725254164281,
          -786.7408423763701,
          -784.3614259610063,
          -782.8045074471403,
          -784.2347562403473,
          -789.5846061664971,
          -788.7892310713581,
          -781.6100327053691,
          -782.9991357783866,
          -786.8872843886847,
          -769.1353857233165,
          -784.9204308584926,
          -756.4423513609612,
          -774.2984531969153,
          -779.6772261979485,
          -784.4943110647047,
          -787.2984885394769,
          -784.0851221513394,
          -782.0403426262295,
          -763.9274093768692,
          -797.9577693199775,
          -803.307172168261,
          -763.5612101627374,
          -796.1899701391077,
          -802.760224901322,
          -798.9774332919253,
          -798.0610845218333,
          -795.0452619640757,
          -792.4597853135027,
          -804.4690517099015,
          -803.9331270519525,
          -798.979290335189,
          -800.5212226642732,
          -799.8210326376213,
          -801.6181878535009,
          -802.5636691202064,
          -805.7576786225984,
          -800.4747003354323,
          -802.2884267236034,
          -793.7158149918737,
          -803.9417341258882,
          -796.6131066388697,
          -805.2143302512433,
          -806.6448675199221,
          -806.6538615823117,
          -804.2617646567463,
          -807.290540875533,
          -803.9356679702664,
          -807.6538161165275
        ]
      ],
      [
        [
          -675.3803348237841,
          -686.7415808499479,
          -680.1028971181051,
          -675.4779460083012,
          -668.988213529511,
          -653.887349022217,
          -670.279967209133,
          -681.9910621581922,
          -673.9786527422115,
          -690.5214814197119,
          -683.4524575412306,
          -729.075486586045,
          -708.9942553095509,
          -718.2128979488398,
          -719.7709020373761,
          -712.2562736989238,
          -702.5619749091841,
          -701.0003644460924,
          -712.8420238693695,
          -734.5401052253691,
          -719.2717632098346,
          -729.0916559591211,
          -705.4625823005173,
          -725.8597182695291,
          -724.3119866973265,
          -722.1915513733895,
          -724.4936895583485,
          -724.8859063750332,
          -730.2336673176673,
          -712.9556956601378,
          -728.2534749316688,
          -737.2303138366132,
          -722.3322288505785,
          -728.8820147296765,
          -721.9736797320655,
          -722.9180596368669,
          -719.5168639303116,
          -715.5872350938401,
          -719.031138563886,
          -726.5498189642112,
          -725.3466923221029,
          -731.5878810908312,
          -731.511297664147,
          -722.7005186193912,
          -727.0776716177338,
          -720.9921258318063,
          -720.5258503916947,
          -713.3836514823334,
          -726.2427114595855,
          -725.3701461439148,
          -723.8232723768751,
          -718.8564094924428,
          -719.3473715201538,
          -710.7781382077158,
          -721.3242109103734,
          -726.801895204639,
          -723.0028896300031,
          -721.1041714112382,
          -730.6613680172034,
          -728.9346529210346,
          -725.0590360345991,
          -733.8113906486813,
          -732.0769784763424,
          -723.0295116933793,
          -718.1696952876039,
          -717.2640789951332,
          -724.4890706948546,
          -717.9668634768071,
          -727.8134138429324,
          -729.6628241643755,
          -721.9053773493335,
          -718.7911891103194,
          -728.6374103979296,
          -717.8078848285088,
          -726.9634261474597,
          -732.6620594760697,
          -724.7630902986116,
          -721.7043293064562,
          -717.2551081070086,
          -725.9683247802986,
          -734.6647267606866,
          -717.8173748906179,
          -727.8842955462446,
          -727.6538256069321,
          -734.4613011042528,
          -728.1021314976097,
          -719.4405555386874,
          -727.1853158802138,
          -715.2642094893827,
          -728.3349090480226,
          -733.3602237038962,
          -736.272413299457,
          -727.7135378713019,
          -708.0010833160109,
          -725.8608711603373,
          -723.1898866305193,
          -722.655846479645,
          -734.550716617964,
          -717.1883794327032,
          -709.473396536005
        ]
      ]
    ]
  }
]