[
  {
    "vqe2_energy": [
      -697.026634291906,
      -686.2577745251444,
      -563.3995392235956
    ],
    "vqe2_vector": [
      [
        0,
        0,
        0,
        1,
        1,
        1,
        1,
        1,
        0,
        0
      ],
      [
        1,
        1,
        1,
        1,
        1,
        1,
        0,
        0,
        0,
        1
      ],
      [
        1,
        1,
        0,
        0,
        1,
        1,
        0,
        1,
        0,
        0
      ]
    ],
    "vqe2_min_error": [
      0.0002155761882227658,
      1.545183303655917,
      19.171191321736448
    ],
    "vqe2_params": [
      [
        1.187691825332823,
        3.228487588394829,
        1.601519644390392,
        2.6425355372907355,
        1.0637161879462558,
        0.016023397697373903,
        5.942598160697275,
        3.8750169693195216,
        7.040299959641671,
        6.5912759247745765,
        0.7680322903434093,
        3.5675510142597173,
        4.27179397062754,
        2.8390846335718227,
        3.5785892139878834,
        2.150491461999633,
        0.1789456397321437,
        2.268116093371888,
        2.2747210898333705,
        2.512920949252543,
        0.24620441352894168,
        3.0705623001706948,
        4.305503297025758,
        0.69658875449392,
        7.1934304078675595,
        1.6479981746838128,
        2.6603555250708206,
        4.62641017987151,
        5.48472082858001,
        1.5817877093136599,
        2.5773004151220875,
        1.9054439728421724,
        2.7823497767711167,
        1.5742228847552928,
        6.226830360592025,
        0.007924399051829782,
        1.0610362303876768,
        0.8562528755980133,
        5.1607473881183425,
        1.8309711885595061
      ],
      [
        4.358629733416328,
        4.854611860749166,
        0.8175994748276358,
        3.077998586659887,
        2.141865971022524,
        1.162021613351697,
        6.213207646589621,
        4.470655118247279,
        1.380174540315313,
        0.8471759562657105,
        1.5080687399986494,
        5.753084058878733,
        1.070420583122301,
        0.7000462997901058,
        5.514234299034323,
        3.9323148843700704,
        0.9396719794996689,
        1.603578024595589,
        4.502001994735947,
        4.861939147112377,
        5.502237496207307,
        1.3831491786655732,
        0.8698306444416501,
        2.783694947574639,
        1.3368322014109115,
        4.6273333210385905,
        0.9567358143026239,
        4.0845348972325946,
        0.6441908925353689,
        2.1574359739776945,
        3.5516259791235347,
        6.132535035534697,
        5.785813034966564,
        4.118185496270062,
        1.1812999073514276,
        1.5341224927379848,
        1.952721114407702,
        2.3143674709003124,
        2.2407281671191477,
        0.6049992223345078,
        2.625812413647674,
        4.182976769659527,
        0.34079331186703704,
        3.0002597405233096,
        5.047937546396341,
        5.129856994468406,
        1.5202704481016578,
        3.2791542698174587,
        5.385589005653633,
        1.3367364918436464,
        4.080928735597482,
        5.873255203404925,
        4.941045385434126,
        2.126483807829925,
        5.638259049330492,
        1.2002594006717695,
        1.663155093442686,
        2.030344935088011,
        1.1968468547802844,
        4.318575054603783
      ],
      [
        3.088510650537742,
        5.472741870356722,
        1.8722892580757664,
        6.04272351122335,
        5.881624757248474,
        5.745978297909399,
        0.8109915352137435,
        6.040165704502642,
        4.634784087395598,
        2.6034168777529705,
        1.5388335948264604,
        3.3070450438247896,
        2.4137085543344803,
        6.8323218168287845,
        2.5444144121936834,
        6.0849786066960885,
        3.582818054788869,
        5.889330098682149,
        2.769452278751471,
        4.150739712691969,
        4.882951230300401,
        4.999916198873686,
        1.0263314266991668,
        1.067051944094772,
        1.6352652811822743,
        5.71385770050184,
        5.12759292696213,
        5.896722297083155,
        2.3669539972984968,
        5.42606690089016,
        5.997020330775877,
        5.560557967783977,
        2.012014557131806,
        0.3216177412237478,
        5.550942042438439,
        4.983909912337113,
        2.735535172183964,
        6.148838584519285,
        0.12399889340729853,
        3.353075163835708,
        4.215940899705638,
        3.390864001547839,
        4.348480639761274,
        4.193910712394434,
        4.9864857206496485,
        1.4031588042018515,
        6.227812208883608,
        0.5840805764586005,
        1.1861918024359432,
        4.992623374825014,
        5.402271613496355,
        3.1448511994112502,
        3.5908850131089562,
        3.429472532320472,
        0.23721264651176843,
        4.5055437078876235,
        0.2742872746151286,
        5.385267547053343,
        5.553934678346348,
        3.4805874574286415,
        5.653088647825667,
        1.5583742230429771,
        0.5734120276704894,
        5.737011180493759,
        5.163724713755317,
        4.2354720150724505,
        4.4112594928666224,
        1.5842605357995618,
        0.029999733343603948,
        3.2219470730920206,
        1.4845826595028286,
        2.108806085919829,
        4.651698004321171,
        1.0102413158616463,
        1.9544336941239941,
        3.0270387269592693,
        0.16438181118674122,
        1.1225306520095863,
        1.6806568010077156,
        2.884715258881907,
        1.2923477903756098,
        2.7067213476119516,
        4.75795832690395,
        1.6938212500631868,
        5.763680380623085,
        5.355625127650003,
        5.736714225444746,
        4.518046663018251,
        5.292186529275262,
        5.233033867189614
      ]
    ],
    "vqe2_time": [
      25.948995351791382,
      28.42397713661194,
      28.300582885742188
    ],
    "solution_vector": [
      1,
      1,
      1,
      1,
      1,
      0,
      0,
      0,
      0,
      0
    ],
    "solution_min_energy": -697.0281369185944,
    "solution_time": 0.024244308471679688,
    "matrix_size": 10,
    "qubo_matrix": [
      [
        -84.3552801994032,
        5.438802885598806,
        10.877605771197612,
        21.755211542395223,
        2.719401442799403,
        2.7194013512723085,
        5.438802702544617,
        10.877605405089234,
        21.75521081017847,
        2.7194013512723085
      ],
      [
        5.438802885598806,
        -163.2717575132076,
        21.755211542395223,
        43.510423084790446,
        5.438802885598806,
        5.438802702544617,
        10.877605405089234,
        21.75521081017847,
        43.51042162035694,
        5.438802702544617
      ],
      [
        10.877605771197612,
        21.755211542395223,
        -304.78830348402,
        87.02084616958089,
        10.877605771197612,
        10.877605405089234,
        21.75521081017847,
        43.51042162035694,
        87.02084324071387,
        10.877605405089234
      ],
      [
        21.755211542395223,
        43.510423084790446,
        87.02084616958089,
        -522.555760798459,
        21.755211542395223,
        21.75521081017847,
        43.51042162035694,
        87.02084324071387,
        174.04168648142775,
        21.75521081017847
      ],
      [
        2.719401442799403,
        5.438802885598806,
        10.877605771197612,
        21.755211542395223,
        -84.3552801994032,
        2.7194013512723085,
        5.438802702544617,
        10.877605405089234,
        21.75521081017847,
        2.7194013512723085
      ],
      [
        2.7194013512723085,
        5.438802702544617,
        10.877605405089234,
        21.75521081017847,
        2.7194013512723085,
        -84.35506340595371,
        5.438802723930043,
        10.877605447860086,
        21.75521089572017,
        2.7194013619650215
      ],
      [
        5.438802702544617,
        10.877605405089234,
        21.75521081017847,
        43.51042162035694,
        5.438802702544617,
        5.438802723930043,
        -163.2713240879774,
        21.75521089572017,
        43.51042179144034,
        5.438802723930043
      ],
      [
        10.877605405089234,
        21.75521081017847,
        43.51042162035694,
        87.02084324071387,
        10.877605405089234,
        10.877605447860086,
        21.75521089572017,
        -304.7874372802346,
        87.02084358288069,
        10.877605447860086
      ],
      [
        21.75521081017847,
        43.51042162035694,
        87.02084324071387,
        174.04168648142775,
        21.75521081017847,
        21.75521089572017,
        43.51042179144034,
        87.02084358288069,
        -522.5540309775886,
        21.75521089572017
      ],
      [
        2.7194013512723085,
        5.438802702544617,
        10.877605405089234,
        21.75521081017847,
        2.7194013512723085,
        2.7194013619650215,
        5.438802723930043,
        10.877605447860086,
        21.75521089572017,
        -84.35506340595371
      ]
    ],
    "ansatze": [
      "twolocal",
      "alternating_ry_rz",
      "random_circuit"
    ],
    "histories_energy": [
      [
        [
          -613.5882141451794,
          -631.0253625054029,
          -616.5615896718638,
          -632.7216516473765,
          -625.6219594356893,
          -630.2236884816473,
          -623.7928117871988,
          -599.25275853072,
          -619.7461494233057,
          -635.8124655529385,
          -638.433420602759,
          -636.3731769050728,
          -636.3056438435634,
          -639.4783065146579,
          -638.5173307847152,
          -635.2890037982588,
          -636.0707256967112,
          -633.3838537227961,
          -642.1490788859095,
          -638.3122620234914,
          -644.2187837225724,
          -639.8460613983192,
          -659.3088563691188,
          -658.2211592068991,
          -653.7624591192265,
          -659.3629442920344,
          -664.2183481467978,
          -628.3390560586538,
          -665.1577637019976,
          -656.7893196169084,
          -660.3667298314175,
          -664.1348010786079,
          -663.4231516840887,
          -659.3613790407645,
          -661.2094736761958,
          -662.8093594648301,
          -662.5975430261961,
          -659.6848765864886,
          -659.4241826091161,
          -663.1281887690932,
          -662.7745367119521,
          -653.8497735482608,
          -667.3254538289747,
          -655.7412466506214,
          -665.0487713441304,
          -666.0202893065473,
          -669.4469092090892,
          -663.430969398414,
          -668.3199843004921,
          -631.4967172943234,
          -663.9745726266342,
          -657.2932852578737,
          -664.7518191761192,
          -668.2829928136887,
          -667.9966386238277,
          -667.8302615886784,
          -665.1805857014839,
          -667.4188088726955,
          -670.0410397437497,
          -663.7233701701803,
          -668.9857037766508,
          -664.7876706220518,
          -668.1619379611761,
          -668.4330535542123,
          -669.8774657318252,
          -635.7765382678485,
          -668.8239463298626,
          -661.6376172531299,
          -666.6906025201049,
          -663.4067379655395,
          -636.3988452107877,
          -662.8931639986359,
          -670.612612345672,
          -664.3930621696859,
          -669.1384243666558,
          -668.8370443407792,
          -668.1534797225067,
          -668.9287919320832,
          -668.6395412759616,
          -666.0137646718226,
          -666.5039404494577,
          -668.1322304925809,
          -667.8215040261597,
          -667.5401577762475,
          -668.5190537211781,
          -661.8483256861855,
          -665.6806152395683,
          -661.3150563985546,
          -671.0242212280818,
          -668.3590629310347,
          -668.1001588986155,
          -669.4976084624559,
          -670.7126881347976,
          -672.5011007833594,
          -661.9883308218509,
          -669.4782341744075,
          -667.6543951687805,
          -665.3168292880987,
          -667.057197865686,
          -669.0693055925708
        ]
      ],
      [
        [
          -592.8396451642591,
          -581.407617080664,
          -601.3836853950972,
          -589.5732935316254,
          -597.1392350649343,
          -603.7626187232776,
          -607.410585824488,
          -603.684146118291,
          -605.7824671436225,
          -597.0466857965541,
          -598.0541570546368,
          -594.2129547233659,
          -550.7799464076486,
          -598.4757623794649,
          -600.1264561735195,
          -605.7799479277876,
          -597.4518279154325,
          -601.437012876536,
          -594.7178132588896,
          -595.0755177284136,
          -601.5486751755564,
          -599.9204433091331,
          -570.3260322639069,
          -606.4262917597557,
          -595.5956975738931,
          -602.0841978235926,
          -593.53210115794,
          -595.5492888436899,
          -599.3285446088516,
          -588.2222588918202,
          -597.6720682373125,
          -600.8470240752101,
          -607.1236135105862,
          -597.7718263975943,
          -596.966863830008,
          -595.5633548056154,
          -603.564284125162,
          -594.4568476116275,
          -598.577022998209,
          -602.2833400349434,
          -599.2475761442353,
          -607.357294421902,
          -604.7744345318108,
          -605.4944793346533,
          -602.1707507061519,
          -600.5272912032897,
          -592.4609036102272,
          -593.2293298194322,
          -603.0796499387436,
          -608.2631476111511,
          -607.1275078924542,
          -612.4852220312898,
          -597.9256179023582,
          -590.9599626430183,
          -602.1848598916675,
          -609.0392835250183,
          -594.8162147796443,
          -594.9395123847039,
          -605.5594973423991,
          -603.9743597587554,
          -594.9500913383837,
          -601.5657129940353,
          -589.9737224354899,
          -585.5386569699381,
          -601.4716435207546,
          -580.5009933557529,
          -606.5358300488217,
          -598.6157760188295,
          -598.3294153356835,
          -607.9953283601221,
          -600.825625072015,
          -604.4330770962847,
          -603.1667418851412,
          -602.7108153298107,
          -605.2935345260039,
          -601.8613134860973,
          -593.3668010714556,
          -604.9739405699681,
          -599.1002096063402,
          -599.4788382568906,
          -596.704310984097,
          -606.3058158391266,
          -600.3380105699166,
          -600.5579013610204,
          -599.4962370418334,
          -593.0859482770154,
          -598.3237573066192,
          -600.4427115423886,
          -602.9649849640042,
          -603.7219780733719,
          -606.097119735295,
          -603.4057672801234,
          -608.1325041677275,
          -599.4998316023259,
          -605.3040677837141,
          -600.3655959967417,
          -602.9753862653317,
          -595.2677691577655,
          -602.5095020615612,
          -597.2672305477449
        ]
      ],
      [
        [
          -453.9121711347111,
          -484.7895096101556,
          -543.0969560129123,
          -545.8767611240023,
          -544.2540893486419,
          -539.5761032507158,
          -536.6255574382006,
          -534.9373414459922,
          -520.922930830174,
          -534.9005449826689,
          -536.1397241743201,
          -560.1084934047819,
          -557.6624875962303,
          -518.8433714308351,
          -560.9875784503405,
          -565.314697394544,
          -564.2175528647749,
          -572.4808831039397,
          -564.5546490183191,
          -547.6480832866072,
          -563.8733625627316,
          -558.760738935234,
          -528.8706678493212,
          -582.9678380964418,
          -588.7145437111062,
          -591.6628825515365,
          -591.450636021078,
          -589.8890972114178,
          -586.9886840557681,
          -601.5550146539017,
          -590.1640762567578,
          -592.7615949408432,
          -598.3054501688769,
          -586.4699476060987,
          -591.458982330757,
          -592.4622677386176,
          -591.6981454934261,
          -590.4391053557044,
          -592.3234639850647,
          -599.3340008935186,
          -596.4323157007624,
          -594.6363478763262,
          -590.6427111683664,
          -594.9578616499626,
          -595.9818829030943,
          -593.9736211249111,
          -591.711770308468,
          -588.3186320538945,
          -595.4967494663861,
          -590.428078406401,
          -596.9417117739503,
          -585.4616945142246,
          -588.4656349396773,
          -593.1138076560337,
          -593.2575526121594,
          -587.7404688178212,
          -588.4143922229232,
          -593.245674219814,
          -595.3922222330441,
          -591.6986294713345,
          -592.2468879532776,
          -593.9784384034946,
          -589.729604342883,
          -600.1412214523831,
          -596.6685384596944,
          -593.9666087933946,
          -579.8360529095341,
          -589.833234420212,
          -592.202248478211,
          -597.2623717992145,
          -597.5743317489307,
          -591.6281535579881,
          -589.3015750927511,
          -593.1699234775555,
          -589.9792525245402,
          -589.9891319696512,
          -585.8403765718637,
          -598.9621423317651,
          -591.1017310720625,
          -594.2684631751905,
          -599.9259087388035,
          -599.634724945346,
          -587.3654623715203,
          -593.9249051724162,
          -592.6402909075872,
          -590.6066271000094,
          -597.2807408955714,
          -594.2213547452714,
          -587.623254627837,
          -596.5053331801568,
          -595.0830584745031,
          -593.1192551505209,
          -585.300633581999,
          -581.905108473576,
          -588.0777951902617,
          -589.6981817842075,
          -596.9904292258364,
          -590.6990320107409,
          -592.174831990802,
          -582.3087912656716
        ]
      ]
    ]
  }
]