[
  {
    "vqe2_energy": [
      -983.7262649344858,
      -995.3269428739121,
      -999.1345717714895
    ],
    "vqe2_vector": [
      [
        1,
        0,
        0,
        1,
        0,
        0,
        0,
        0,
        1,
        1
      ],
      [
        0,
        0,
        1,
        1,
        0,
        0,
        0,
        1,
        0,
        1
      ],
      [
        0,
        0,
        1,
        0,
        1,
        0,
        1,
        0,
        1,
        1
      ]
    ],
    "vqe2_min_error": [
      1.5422216355126972,
      0.3811496806900849,
      5.72005407817322e-05
    ],
    "vqe2_params": [
      [
        3.2119366246538874,
        1.8220564689797618,
        0.6111133346220978,
        0.9491254886329723,
        2.6158578929151486,
        3.566153295719364,
        1.786253735297303,
        5.382381834645497,
        3.406849670125024,
        2.477626047920456,
        3.377854133598309,
        3.5689067228281566,
        4.061472701490567,
        3.999495416478082,
        4.725044089288491,
        0.9986938239598812,
        2.862075306997505,
        3.6471620643853133,
        2.5354363443978745,
        0.9374829065130573,
        5.992688322702829,
        1.2298603243468778,
        6.307630344226186,
        4.791332053022387,
        2.868840557992239,
        3.821215942955105,
        1.1955088083654783,
        -0.39409127300400076,
        3.740026292189366,
        4.5251524698784715,
        1.6736867914025073,
        2.148546783885471,
        2.0168932317672046,
        1.4558553759608648,
        4.043867022016719,
        3.726603692328815,
        4.9593718157209254,
        0.9851482660439497,
        5.134090627304725,
        6.068188771039183
      ],
      [
        4.166604075636895,
        2.825541208325667,
        1.7856041382990462,
        0.6802605092530238,
        1.6665383137062695,
        -0.131171824786915,
        2.2799555647956042,
        5.931941727143512,
        1.5188928321383144,
        3.735929820922532,
        4.134877816527293,
        0.43901788148397974,
        4.030544203778488,
        5.217809808749472,
        2.958066396919602,
        3.4845957676939743,
        0.3887430110466498,
        0.6053677901417269,
        1.0668705076954341,
        4.765541758815488,
        3.7412041140290775,
        3.222122399747967,
        5.027811233521308,
        0.6375706685891164,
        6.06924127919001,
        4.708023678657562,
        0.2579260667438576,
        3.4958227028073074,
        2.3761114306650333,
        1.7390448382673942,
        2.0261396006434116,
        4.35241794958365,
        1.398971409150096,
        6.333656289727857,
        2.46500344161716,
        3.2039635637882613,
        5.6222367419033965,
        1.0930614664769256,
        3.7542817754885727,
        4.4279719794731776,
        1.8243337585570834,
        3.184567213198445,
        5.635684280398747,
        5.842175977897007,
        6.169624211706169,
        1.5067304768997483,
        3.353451203656557,
        0.705765413565919,
        1.7361859186549438,
        5.134493847447831,
        0.021331371091305396,
        3.401941475461152,
        0.7023993802580565,
        4.2043841026027104,
        0.042250633916839794,
        3.677469427967858,
        0.025738202073182368,
        1.846654715825804,
        4.417493852160726,
        2.9031323961598967
      ],
      [
        3.954559501159255,
        1.9204710902235949,
        5.611463362277694,
        3.7077478736854985,
        0.5986038153173874,
        6.033828457141939,
        3.082350908266482,
        5.565461644023577,
        3.6592729996079676,
        0.18157886702314138,
        3.5041514880311286,
        3.121385215429782,
        5.77924317479569,
        0.7587136070915773,
        2.0959688654374395,
        4.838942459042953,
        2.8602342887056684,
        1.7198222330952584,
        2.7694681868203217,
        4.176633466763433,
        0.7893660647877724,
        1.7322655137194976,
        5.348785172912842,
        3.587581471710004,
        3.1152600316356907,
        2.239330710844174,
        4.115218791239724,
        2.5777215079978832,
        5.89500790121674,
        5.197236116041471,
        4.1965733601498165,
        3.7744706494857456,
        0.3508378468485852,
        0.8926968448844872,
        5.549354786177523,
        1.0851840084979492,
        1.0692927570170714,
        5.71709578700886,
        5.947900727579111,
        4.190316906542042,
        3.1588639524930175,
        4.343074101814199,
        3.7869302140638936,
        0.8783970245107842,
        3.5640946316719977,
        5.098727520899426,
        3.744355181118962,
        2.450813589431047,
        0.0004952418263678185,
        3.544203716664911,
        4.048035210574885,
        3.8260907679153937,
        0.49502939050015027,
        2.316705786222282,
        5.838971882572395,
        0.028819187802750577,
        5.565931048191916,
        2.7486634821174736,
        2.9986329462517047,
        3.795785883608793,
        3.676955084397255,
        3.812219765886113,
        0.9610088089328462,
        5.024337135957605,
        6.121652921681752,
        3.161254898767706,
        4.791821581545049,
        3.7816328514224877,
        1.9176959846248234,
        0.9860033221500651,
        1.285182054656151,
        2.6941110801108556,
        4.328826568147943,
        4.5241359794146,
        0.7947456733614613,
        0.6810958644684345,
        5.185473891353402,
        3.602029929861402,
        4.046753804299156,
        3.1184274248073596,
        3.6988202445914844,
        3.6102358131247265,
        3.7697899249166666,
        0.7878900603361062,
        5.944292116756818,
        2.83058769479367,
        1.7236309312390403,
        0.32691415948511554,
        0.989781347227567,
        5.121881596597006
      ]
    ],
    "vqe2_time": [
      17.478111028671265,
      19.20368766784668,
      22.709755420684814
    ],
    "solution_vector": [
      0,
      0,
      0,
      0,
      0,
      1,
      1,
      1,
      1,
      1
    ],
    "solution_min_energy": -999.1351432821946,
    "solution_time": 0.023216962814331055,
    "matrix_size": 10,
    "qubo_matrix": [
      [
        -120.90400765598042,
        7.794426300476463,
        15.588852600952926,
        31.17770520190585,
        3.8972131502382314,
        3.8972130931935434,
        7.794426186387087,
        15.588852372774173,
        31.177704745548347,
        3.8972130931935434
      ],
      [
        7.794426300476463,
        -234.01358901148438,
        31.17770520190585,
        62.3554104038117,
        7.794426300476463,
        7.794426186387087,
        15.588852372774173,
        31.177704745548347,
        62.355409491096694,
        7.794426186387087
      ],
      [
        15.588852600952926,
        31.17770520190585,
        -436.8494728210629,
        124.7108208076234,
        15.588852600952926,
        15.588852372774173,
        31.177704745548347,
        62.355409491096694,
        124.71081898219339,
        15.588852372774173
      ],
      [
        31.17770520190585,
        62.3554104038117,
        124.7108208076234,
        -748.9881248345024,
        31.17770520190585,
        31.177704745548347,
        62.355409491096694,
        124.71081898219339,
        249.42163796438678,
        31.177704745548347
      ],
      [
        3.8972131502382314,
        7.794426300476463,
        15.588852600952926,
        31.17770520190585,
        -120.90400765598042,
        3.8972130931935434,
        7.794426186387087,
        15.588852372774173,
        31.177704745548347,
        3.8972130931935434
      ],
      [
        3.8972130931935434,
        7.794426186387087,
        15.588852372774173,
        31.177704745548347,
        3.8972130931935434,
        -120.90417165726436,
        7.794430026950291,
        15.588860053900582,
        31.177720107801164,
        3.8972150134751455
      ],
      [
        7.794426186387087,
        15.588852372774173,
        31.177704745548347,
        62.355409491096694,
        7.794426186387087,
        7.794430026950291,
        -234.01391328757842,
        31.177720107801164,
        62.35544021560233,
        7.794430026950291
      ],
      [
        15.588852372774173,
        31.177704745548347,
        62.355409491096694,
        124.71081898219339,
        15.588852372774173,
        15.588860053900582,
        31.177720107801164,
        -436.85010646735566,
        124.71088043120466,
        15.588860053900582
      ],
      [
        31.177704745548347,
        62.355409491096694,
        124.71081898219339,
        249.42163796438678,
        31.177704745548347,
        31.177720107801164,
        62.35544021560233,
        124.71088043120466,
        -748.9893325035067,
        31.177720107801164
      ],
      [
        3.8972130931935434,
        7.794426186387087,
        15.588852372774173,
        31.177704745548347,
        3.8972130931935434,
        3.8972150134751455,
        7.794430026950291,
        15.588860053900582,
        31.177720107801164,
        -120.90417165726436
      ]
    ],
    "ansatze": [
      "twolocal",
      "alternating_ry_rz",
      "random_circuit"
    ],
    "histories_energy": [
      [
        [
          -865.191900780569,
          -870.740127392394,
          -882.4847677026858,
          -877.2711125185667,
          -878.9661225635633,
          -889.3519409313892,
          -870.1157639663577,
          -837.4208886200107,
          -876.0246951766752,
          -881.0023182259415,
          -883.3317349721902,
          -882.4165597777674,
          -866.2741086027597,
          -868.6314519895493,
          -884.7585511078285,
          -885.5967158237693,
          -880.5776882116027,
          -854.1334192942425,
          -878.9588023201063,
          -881.5724268636658,
          -885.782060333741,
          -883.3124275161548,
          -867.9789887377967,
          -889.4660128953543,
          -899.8011765079391,
          -889.324243084229,
          -889.1044224984919,
          -843.1825884490887,
          -874.2529393220063,
          -891.2118028141975,
          -889.0404391272521,
          -890.4207439732478,
          -890.9574338757222,
          -888.0926642057279,
          -883.2450377204221,
          -895.2993825887454,
          -893.4963448081239,
          -887.9438149442099,
          -892.960255621833,
          -895.8560594494543,
          -883.4671463193266,
          -919.6074319467425,
          -934.4998087474518,
          -923.2748253144508,
          -896.6493745976468,
          -929.2184142189192,
          -925.7070219448115,
          -933.3884329579398,
          -912.3892910170765,
          -936.0675468408336,
          -939.6544208874545,
          -941.904661357795,
          -911.320269155747,
          -936.4357307968864,
          -940.8215152106135,
          -935.8815750259488,
          -931.430216873931,
          -939.759487148759,
          -936.080963668898,
          -939.4625664959725,
          -941.7424033108512,
          -931.5247974140104,
          -941.3676643414718,
          -935.4006709263091,
          -916.0078705982648,
          -936.4215587101804,
          -916.5140567677101,
          -936.9297316395802,
          -942.0357933256284,
          -942.7155665391313,
          -939.5881482296181,
          -939.2881728345627,
          -941.6675146510158,
          -945.5477114171273,
          -941.6090383415193,
          -941.6745017236168,
          -943.8045992626692,
          -939.389696466645,
          -936.3265916096143,
          -939.6266126551413,
          -939.3035681998315,
          -936.7005973755644,
          -900.0753210896752,
          -943.8374556242676,
          -935.9501830826512,
          -924.2826871838347,
          -928.2980189888972,
          -927.9793219309337,
          -942.9522228579503,
          -956.8683636699989,
          -947.449801525642,
          -962.4756941632877,
          -959.4685105551799,
          -953.0045809290607,
          -956.385960508958,
          -962.3416099000087,
          -959.7857005980903,
          -958.0076691194322,
          -961.8996499053366,
          -960.0511456391791
        ]
      ],
      [
        [
          -859.8883134602207,
          -845.5131389168733,
          -801.139784524587,
          -848.5021241073534,
          -839.5912525964465,
          -848.7092324258583,
          -848.5976336622961,
          -851.2279694445044,
          -855.4541720288443,
          -848.5043602170233,
          -847.5712539720126,
          -841.965133991309,
          -799.8193343934036,
          -850.8236795702865,
          -849.5440350957306,
          -854.178387783984,
          -845.7242170562978,
          -847.6107317673471,
          -835.7598865429123,
          -840.2311576483786,
          -852.7210262952905,
          -857.0118662782253,
          -887.7336015285689,
          -913.8623367855772,
          -908.4207021562028,
          -906.1976167401112,
          -909.7215386258996,
          -836.1632293612861,
          -886.7047030001802,
          -906.2090400068786,
          -900.0214254299974,
          -895.9352294705241,
          -900.1712253832997,
          -911.6970891380031,
          -916.6372825530724,
          -910.1043488361755,
          -910.3492273097934,
          -907.0862604784777,
          -904.6559534645392,
          -910.9329121603464,
          -906.3875521789743,
          -913.9167319447838,
          -908.9992003778759,
          -902.4240891183499,
          -904.8768548407477,
          -906.1865144001331,
          -914.8838812418711,
          -903.6885649830018,
          -901.847291091394,
          -901.2003736104696,
          -906.8029268083242,
          -906.402312124586,
          -907.66567751657,
          -907.7412095174095,
          -901.4200944103616,
          -904.1326553134725,
          -901.3552425910385,
          -896.6756224934655,
          -905.5328419337238,
          -901.6371934964427,
          -909.9093038999719,
          -939.4761573691515,
          -930.6165972753311,
          -958.8926708705292,
          -935.0319827664217,
          -952.8639530065152,
          -940.9780394709082,
          -950.7780065064728,
          -959.0662426319024,
          -958.5073047463045,
          -950.3618464957323,
          -943.4737450480319,
          -901.5483278779211,
          -961.8865527427478,
          -950.2415390871552,
          -957.8803951331677,
          -956.436524625106,
          -948.0818240869138,
          -950.8841409180509,
          -956.8268706750896,
          -953.7075999844326,
          -958.2860168848398,
          -953.964390993115,
          -967.6383469853172,
          -957.4318303502772,
          -965.9612634088079,
          -956.3746987229671,
          -968.4374859698952,
          -963.661424437307,
          -965.9853667707914,
          -964.2434121077606,
          -964.1313914058733,
          -945.7758979193644,
          -966.3631776762738,
          -962.2175647187743,
          -968.005468640835,
          -941.6271107322749,
          -935.2998829683268,
          -955.7345686881669,
          -963.6722261139915
        ]
      ],
      [
        [
          -853.4031975359542,
          -853.0012589837132,
          -872.7265278667722,
          -882.262458846002,
          -866.2028620148471,
          -876.827219296751,
          -870.6802358186911,
          -873.5065482769343,
          -862.4711240335016,
          -871.2178243745187,
          -881.2765076744088,
          -827.0332170539239,
          -831.4891270273522,
          -847.881213854719,
          -865.8334025969464,
          -872.6164321781523,
          -867.5758440746803,
          -870.1123842075443,
          -858.3475504326743,
          -871.2937783922089,
          -873.8506397247759,
          -873.2776991858525,
          -886.6624253837854,
          -893.3688770616523,
          -885.0654320703609,
          -882.8570312350987,
          -886.5733956333094,
          -881.747919267486,
          -878.2606800773623,
          -887.9070842912988,
          -885.9252315194574,
          -883.8308560249051,
          -892.0184296661665,
          -891.892357964709,
          -887.6107804393121,
          -887.0608192085756,
          -886.4559430557844,
          -889.6323594255192,
          -888.6744866422188,
          -890.9982593364555,
          -882.0004730145492,
          -876.7564139474327,
          -888.5024212024679,
          -897.6269735639714,
          -892.6614758283754,
          -893.8037027461662,
          -895.9404423087619,
          -892.8717919382023,
          -885.5702021767686,
          -887.2625700400077,
          -880.9523060662312,
          -888.8419899342703,
          -881.1691898017447,
          -884.1246742897845,
          -893.1952901267758,
          -894.0842421922846,
          -892.8056535452345,
          -888.5068579510533,
          -891.744939139254,
          -876.8095827890014,
          -889.0244907893583,
          -886.8903745758442,
          -893.6945489415809,
          -894.9377660228714,
          -891.2848756090089,
          -893.8457478277427,
          -892.0812608611195,
          -880.4830181376719,
          -875.6330896476577,
          -884.6449181909546,
          -881.7253785108849,
          -889.0815037358759,
          -882.0622859901523,
          -890.9346127423435,
          -895.6181686944005,
          -883.6032634360187,
          -886.1707698574103,
          -897.5150237536245,
          -890.0295668938077,
          -887.3720190651885,
          -892.3247220448033,
          -899.0034049665926,
          -889.8613799560936,
          -888.1270735916889,
          -890.6780970678723,
          -888.3153737012985,
          -894.1627943177051,
          -887.914140741597,
          -888.3973617722347,
          -881.8643382341428,
          -890.488539274974,
          -853.2544915453817,
          -878.2600159208763,
          -886.4217023129702,
          -883.6287786576382,
          -892.4936179011034,
          -894.8421414323451,
          -862.2124018957452,
          -886.8873779268716,
          -876.7327731329945
        ]
      ]
    ]
  }
]