[
  {
    "vqe2_energy": [
      -506.3337998621225,
      -779.7305880910449,
      -818.2250972642775
    ],
    "vqe2_vector": [
      [
        1,
        1,
        0,
        0,
        0,
        0,
        1,
        0,
        0,
        1
      ],
      [
        1,
        1,
        0,
        1,
        1,
        1,
        1,
        1,
        0,
        1
      ],
      [
        1,
        0,
        1,
        0,
        0,
        1,
        0,
        0,
        1,
        0
      ]
    ],
    "vqe2_min_error": [
      39.09411733414145,
      6.207763095835395,
      1.5773353826881498
    ],
    "vqe2_params": [
      [
        1.6051622391043663,
        1.5910897472106553,
        4.705827947383148,
        0.29449784516626354,
        2.8712366599044845,
        1.643014246113882,
        6.755702199204028,
        5.476480264222559,
        1.7498728268723938,
        0.8854792726564924,
        5.312769190842756,
        3.7884440147973577,
        2.215332258283327,
        2.998050791202515,
        1.049001229408254,
        1.1117724593804426,
        4.7325486664766885,
        1.7598367522516365,
        0.3092397184951501,
        3.6269315211533057,
        1.1410040366941465,
        5.183373540603799,
        4.697561221463073,
        3.5320343732849837,
        2.287402623913149,
        0.3994782604713252,
        1.6138780439963314,
        0.3301799920755025,
        1.0633215024783966,
        3.7703059007298534,
        3.937273977049424,
        2.837940673046669,
        6.125400358425759,
        0.6484131067326172,
        4.488452322231136,
        4.060769941614848,
        1.815309158312784,
        2.640896183937362,
        2.289230806378916,
        5.504170153398318
      ],
      [
        2.698733372702624,
        4.618674518110886,
        2.5355953820757398,
        4.661103308598221,
        6.782277397859049,
        3.369436587441862,
        1.5700390749647735,
        1.0913637969086065,
        6.588906257961528,
        2.056783667274268,
        4.797132529480432,
        4.875359757626909,
        6.76953208995839,
        1.3034787081277839,
        5.086463318820448,
        2.774061934824866,
        0.5940632823180443,
        1.721267675213583,
        3.5204528185836454,
        4.1174863458369195,
        4.068249180196051,
        1.726346830328179,
        6.9579773396148665,
        4.52489722434599,
        4.7774114607879,
        1.639570276331226,
        0.3254691286949983,
        4.99362085218269,
        4.950885223135549,
        3.900218986153329,
        6.048841652959924,
        3.5647912217610034,
        3.9433764604782597,
        3.8391065515590554,
        2.3906622195626386,
        5.755873281993274,
        2.628160669392109,
        4.373897441758712,
        4.9281158211278555,
        3.1226537336637903,
        2.2965224344228057,
        2.7457710614754993,
        4.025465149052858,
        0.6323527170584122,
        1.1908308921899298,
        2.0005560251923535,
        4.609489598480118,
        5.579987589829374,
        2.72024859723486,
        5.671889912052258,
        5.57238481593462,
        3.1056412206060493,
        0.5626243941287451,
        5.169196869688705,
        5.660669323291648,
        3.562139716308841,
        5.9406182399531104,
        4.280625309501936,
        0.8145437907742945,
        0.9160893111709744
      ],
      [
        2.742047577684507,
        5.553058491343598,
        2.5559309029648793,
        2.0026304407262256,
        5.642990806924737,
        4.733016367442717,
        5.071133364684868,
        0.18191892469388019,
        3.5867891370931275,
        5.0106801302086215,
        3.397637544596915,
        1.9254932665296602,
        2.6860186627982165,
        6.042424129845202,
        3.84171911770196,
        4.755120189199521,
        5.850428981312003,
        1.9717305290968103,
        3.12001647749961,
        1.7441796196398973,
        0.9555647163792829,
        2.2215258060732985,
        3.7258799572809043,
        3.8171663688861535,
        4.233765715700177,
        4.343025570850198,
        2.7634972924694488,
        7.635434903868288,
        4.595726014000185,
        3.594167463687526,
        1.5007578634057284,
        6.862434347413975,
        2.6236967999331138,
        5.3811914823152955,
        2.0062121139285907,
        6.285564960660371,
        0.8193959559463379,
        4.481098120978562,
        7.266583632807819,
        2.44104253891058,
        5.650686222939739,
        0.12815184646995267,
        3.7452195437329703,
        4.773705527245739,
        2.6464867739930837,
        4.553949380689134,
        3.4039625027321003,
        -0.04718202421029512,
        2.4232818377786467,
        2.9296129593157247,
        5.097726126262518,
        1.9444668807707695,
        1.2705432433340345,
        0.20254350713259928,
        3.089931114388406,
        5.408020487038415,
        5.55840309954138,
        5.661678545743906,
        1.3088531829739074,
        1.5680592890643679,
        5.203510673556845,
        0.5472408423983687,
        2.929952672781226,
        2.96543247823139,
        1.2528639333777458,
        5.888144247217848,
        5.771625256188888,
        5.262981983345516,
        3.656259049150909,
        2.493085428102372,
        0.4233911846177505,
        1.5776220740937934,
        4.220605602823365,
        1.1782285588673538,
        3.1427128878470003,
        3.3148708108969798,
        4.303016340576874,
        1.6330707895601988,
        1.5382113138924598,
        1.0193421497791058,
        4.426739580824481,
        1.0394312161000063,
        4.3532450666642895,
        4.057838431089998,
        1.5348535567784731,
        -0.16329558634533303,
        6.353311643893405,
        4.087277207943482,
        2.7033121757634606,
        3.844010598660902
      ]
    ],
    "vqe2_time": [
      29.806163787841797,
      31.60774803161621,
      40.0337598323822
    ],
    "solution_vector": [
      0,
      0,
      0,
      1,
      0,
      0,
      0,
      0,
      1,
      0
    ],
    "solution_min_energy": -831.3380870612575,
    "solution_time": 0.022893428802490234,
    "matrix_size": 10,
    "qubo_matrix": [
      [
        -100.60430277032908,
        6.486067347928363,
        12.972134695856726,
        25.94426939171345,
        3.2430336739641814,
        3.2430336067226704,
        6.486067213445341,
        12.972134426890682,
        25.944268853781363,
        3.2430336067226704
      ],
      [
        6.486067347928363,
        -194.7225381927298,
        25.94426939171345,
        51.8885387834269,
        6.486067347928363,
        6.486067213445341,
        12.972134426890682,
        25.944268853781363,
        51.888537707562726,
        6.486067213445341
      ],
      [
        12.972134695856726,
        25.94426939171345,
        -363.50080699374615,
        103.7770775668538,
        12.972134695856726,
        12.972134426890682,
        25.944268853781363,
        51.888537707562726,
        103.77707541512545,
        12.972134426890682
      ],
      [
        25.94426939171345,
        51.8885387834269,
        103.7770775668538,
        -623.2245364206385,
        25.94426939171345,
        25.944268853781363,
        51.888537707562726,
        103.77707541512545,
        207.5541508302509,
        25.944268853781363
      ],
      [
        3.2430336739641814,
        6.486067347928363,
        12.972134695856726,
        25.94426939171345,
        -100.60430277032908,
        3.2430336067226704,
        6.486067213445341,
        12.972134426890682,
        25.944268853781363,
        3.2430336067226704
      ],
      [
        3.2430336067226704,
        6.486067213445341,
        12.972134426890682,
        25.944268853781363,
        3.2430336067226704,
        -100.60396669237724,
        6.4860671870677535,
        12.972134374135507,
        25.944268748271014,
        3.2430335935338768
      ],
      [
        6.486067213445341,
        12.972134426890682,
        25.944268853781363,
        51.888537707562726,
        6.486067213445341,
        6.4860671870677535,
        -194.72186619768672,
        25.944268748271014,
        51.88853749654203,
        6.4860671870677535
      ],
      [
        12.972134426890682,
        25.944268853781363,
        51.888537707562726,
        103.77707541512545,
        12.972134426890682,
        12.972134374135507,
        25.944268748271014,
        -363.49946364710246,
        103.77707499308406,
        12.972134374135507
      ],
      [
        25.944268853781363,
        51.888537707562726,
        103.77707541512545,
        207.5541508302509,
        25.944268853781363,
        25.944268748271014,
        51.88853749654203,
        103.77707499308406,
        -623.2218523011209,
        25.944268748271014
      ],
      [
        3.2430336067226704,
        6.486067213445341,
        12.972134426890682,
        25.944268853781363,
        3.2430336067226704,
        3.2430335935338768,
        6.4860671870677535,
        12.972134374135507,
        25.944268748271014,
        -100.60396669237724
      ]
    ],
    "ansatze": [
      "twolocal",
      "alternating_ry_rz",
      "random_circuit"
    ],
    "histories_energy": [
      [
        [
          -682.6758753995698,
          -691.4441314367659,
          -693.6607798481034,
          -697.1294770644465,
          -689.100732184525,
          -689.4963885867409,
          -700.5427596340478,
          -708.0891806730975,
          -696.8097134911297,
          -688.599351150212,
          -682.1614432575628,
          -689.319936600906,
          -701.7668390831338,
          -691.5632356013958,
          -696.5040794627897,
          -699.1936731475247,
          -694.9971017898067,
          -696.9064571982885,
          -693.9389990411277,
          -695.3449936223733,
          -689.9468541748461,
          -684.841597979366,
          -687.5955663598671,
          -699.0322048634589,
          -687.1197208709767,
          -695.9108204305817,
          -691.3049110385971,
          -699.4820405925901,
          -689.9175357401192,
          -693.3115791925843,
          -684.0463331312491,
          -699.805547157328,
          -697.3821934875883,
          -690.4363153883976,
          -690.6581049703633,
          -695.269888106467,
          -699.6933985048136,
          -693.2177777969022,
          -703.9241031198778,
          -688.5878681358889,
          -701.0237102155286,
          -705.3745284105574,
          -700.6827113982374,
          -698.7463785343134,
          -689.7446719559342,
          -706.6861832266535,
          -691.4530649859474,
          -704.9160003726372,
          -698.1409508836086,
          -693.034717735131,
          -695.372403022653,
          -700.6083306765194,
          -704.088747008553,
          -694.7613845394756,
          -693.9919216795691,
          -685.681978481919,
          -687.7041139236513,
          -696.2297888951578,
          -695.1470932104411,
          -687.9374340034743,
          -702.3413685602324,
          -694.1360954511176,
          -694.3115568771959,
          -693.3358825424212,
          -698.3743601760167,
          -702.6259510957976,
          -692.8288147370041,
          -695.2228284138614,
          -695.7412358587654,
          -691.7556708637316,
          -688.3346968591678,
          -698.4362279421804,
          -699.8624949480021,
          -691.5349405160132,
          -699.8991692431382,
          -693.225788655518,
          -697.8441451367673,
          -695.8972797113873,
          -696.5960569145803,
          -691.0462975925064,
          -687.1405898848707,
          -692.2208740934464,
          -699.063140749082,
          -696.7301027140247,
          -692.0482953751623,
          -703.275728194429,
          -689.4908789240532,
          -697.7836580203091,
          -701.0309747886494,
          -695.5013396775861,
          -691.0178738203902,
          -688.3093640650233,
          -682.3240170127604,
          -696.2409523781923,
          -684.8479350626678,
          -695.8432866116348,
          -702.0791431142771,
          -693.5683982458664,
          -690.5289980024817,
          -693.6835051547725
        ]
      ],
      [
        [
          -653.6617784318103,
          -660.45651258243,
          -579.3831768127941,
          -694.3033251690488,
          -673.1980715224572,
          -702.8945957077055,
          -693.2894723281122,
          -703.7217063631751,
          -701.9193768697817,
          -708.6514413350786,
          -713.0000113361748,
          -706.7352037169254,
          -709.4294059337466,
          -708.1014755438653,
          -705.4386317052225,
          -702.411759209169,
          -698.7434792674487,
          -702.4149606149732,
          -708.198900784414,
          -708.5749229950175,
          -710.0687007379928,
          -704.0665600049275,
          -713.6834828666645,
          -734.9100021750232,
          -721.4717219365258,
          -729.7727397816528,
          -732.5001580115878,
          -728.8892550602474,
          -719.4487990129489,
          -734.3961708241159,
          -726.1310720136336,
          -722.3174385200329,
          -721.0961925725941,
          -735.6944472822267,
          -735.4349260017717,
          -729.3885921409865,
          -727.5356660215767,
          -721.632988919975,
          -732.8018247419556,
          -726.25029083881,
          -724.3551328378082,
          -733.1409595878434,
          -731.9978727216628,
          -730.4602947605857,
          -733.7533516833327,
          -729.9947897366669,
          -729.5249254572732,
          -725.5160783067033,
          -724.1507262393178,
          -732.8746673032323,
          -736.5717556117335,
          -732.2250063763576,
          -729.442825893712,
          -730.1583112928164,
          -738.8830786659923,
          -732.993711542371,
          -725.665293662664,
          -728.2366750241684,
          -727.1201243447774,
          -718.6377228880717,
          -731.0956509202622,
          -737.0852597308894,
          -732.709482621163,
          -716.14237328578,
          -719.7053592891373,
          -714.7221688769819,
          -734.3135714221244,
          -724.1109873574209,
          -741.022577182021,
          -740.4226797756211,
          -733.5486266742532,
          -727.844416086043,
          -766.6348170322342,
          -719.5492450351178,
          -772.8610717201379,
          -776.161765396169,
          -769.103750035481,
          -770.3522932941844,
          -763.021001110211,
          -742.7307581102338,
          -770.9600726207145,
          -776.9554772409778,
          -759.2330372941447,
          -773.4340807796077,
          -774.9028783430407,
          -776.2212166690305,
          -777.9140550785897,
          -769.4540414845569,
          -776.5825047858531,
          -778.3471214129368,
          -786.8408607535935,
          -752.3137450112258,
          -787.0225033480539,
          -783.2270644231852,
          -781.7491918567114,
          -781.3867594419638,
          -782.9536310829752,
          -779.3109354890591,
          -785.2511531676627,
          -778.6558214972937
        ]
      ],
      [
        [
          -661.9768744852406,
          -679.4737079133081,
          -686.2335789743879,
          -684.5115800058556,
          -690.036726806333,
          -681.2523591493933,
          -675.1293479370783,
          -686.983027335555,
          -688.1387542984294,
          -672.16925995619,
          -676.5185508040075,
          -722.2310075690193,
          -716.3517872920648,
          -727.3720533780069,
          -737.1145659278927,
          -728.9100549460211,
          -732.09716450792,
          -729.6724906947346,
          -724.1767928804229,
          -724.9507352205042,
          -737.1104717004407,
          -734.1010894955416,
          -714.9317286462505,
          -734.2255863720744,
          -730.0656083889753,
          -736.0876251019457,
          -733.6836825873129,
          -727.0079583169844,
          -739.5040971473964,
          -736.6379296534006,
          -740.2090984934279,
          -736.1841928056742,
          -740.7486990547536,
          -736.8471534357238,
          -738.399863237087,
          -736.9985963629762,
          -746.3136574361641,
          -737.8293118521846,
          -733.4638124832276,
          -749.5006654230648,
          -736.0156529196267,
          -738.9596022378032,
          -744.2083559297225,
          -731.9575622436672,
          -734.2981271212432,
          -745.1864298747199,
          -742.21868917319,
          -733.0684548633055,
          -734.6295854012011,
          -734.9731342163637,
          -741.1349190716811,
          -733.3628070589882,
          -745.3857622875092,
          -735.0024599611702,
          -746.9578698895666,
          -742.3140978100205,
          -737.4793473627273,
          -742.2992990372828,
          -741.5783404153434,
          -746.0423484333049,
          -733.2784519880207,
          -729.3300917299891,
          -741.5701106436527,
          -741.6214005459698,
          -736.8464314568511,
          -737.1736018267118,
          -742.1587089544877,
          -739.0842479867495,
          -737.9698983676909,
          -743.8551640260238,
          -736.3300616886576,
          -744.8380044699974,
          -737.0931683163288,
          -739.9811190115797,
          -738.187950204843,
          -739.1162205232504,
          -741.2490341572737,
          -744.0576275131075,
          -737.8321711237106,
          -743.9693579309272,
          -736.4790381842311,
          -738.0284149620558,
          -744.6641622056695,
          -741.3405413489968,
          -734.9946375435258,
          -740.7704094030519,
          -734.0020823821156,
          -751.4655552537301,
          -740.5080787578088,
          -747.2701366904831,
          -742.0778237027847,
          -760.195562579374,
          -761.743446002617,
          -768.1506135413507,
          -752.4507549739029,
          -742.3626179679711,
          -754.3397162939893,
          -760.4625814836703,
          -765.182315622082,
          -772.6146562560767
        ]
      ]
    ]
  }
]