[
  {
    "vqe2_energy": [
      -616.900061855586,
      -578.5636728819491,
      -614.536148722882
    ],
    "vqe2_vector": [
      [
        0,
        1,
        0,
        1,
        0,
        1,
        0,
        1,
        0,
        1
      ],
      [
        0,
        0,
        1,
        1,
        0,
        0,
        0,
        0,
        1,
        0
      ],
      [
        0,
        0,
        0,
        1,
        0,
        1,
        0,
        0,
        1,
        0
      ]
    ],
    "vqe2_min_error": [
      0.0004489462710699499,
      6.213938675625485,
      0.38274500872601536
    ],
    "vqe2_params": [
      [
        4.021791218463909,
        5.930238785361057,
        2.783735316999582,
        5.47675473987648,
        1.5930585230028758,
        3.6355217918747478,
        0.005734794553983312,
        2.3686595869776923,
        3.2856785672941458,
        6.722371493317098,
        4.685774183029176,
        0.48207363195112735,
        6.277902314621287,
        2.1191229899389765,
        2.2390155314166145,
        4.2884790385806095,
        2.9821078709694757,
        6.505334551092207,
        3.2900879797462794,
        2.523645581027938,
        5.486848607395656,
        -0.21862396148844754,
        1.1577019951896657,
        6.594802220900034,
        0.7287473329395131,
        4.6544552244839394,
        3.1919070651199815,
        2.9792275701913398,
        6.106091648186018,
        0.16059734547960428,
        4.094666966581545,
        0.20624834224912145,
        0.8639540603989279,
        5.738251368386308,
        1.9712082359947318,
        3.923706801086247,
        1.148988685186203,
        3.6038943613164283,
        6.074863005269694,
        0.0659905837820195
      ],
      [
        3.632164372886005,
        1.8087915574691276,
        1.9318435015982711,
        0.5630432133532384,
        4.524077920155205,
        5.738575013037325,
        3.3639851216475654,
        1.5811595306509345,
        4.697385105166504,
        0.26928878638977655,
        3.2718999475727175,
        5.310005062209948,
        2.449346248125758,
        2.4676591586384915,
        4.687253805360453,
        1.9654413776680053,
        3.4413384102535507,
        6.048040128741654,
        4.2168641145530605,
        5.59532670393564,
        1.3305794644252007,
        0.36420368345271276,
        5.488086746771908,
        2.758880288014623,
        0.8404438173419979,
        2.881403371509282,
        3.048305956007211,
        1.629137107954281,
        5.388078969373522,
        6.737019707629284,
        -0.05509008166265557,
        5.794177234290066,
        1.4801944800717592,
        0.5941160898955173,
        3.850562936365128,
        4.364794466164356,
        3.3319380770189913,
        5.597648437144283,
        0.730370703036251,
        1.434622694122368,
        6.751338256890604,
        2.729345381146851,
        0.7887255523258668,
        3.0400047254016447,
        5.157475190461896,
        1.641568443206115,
        3.199424772020275,
        0.38898470062526797,
        1.0371838485117773,
        5.467880113126561,
        1.6530822473249724,
        1.953045612704472,
        0.16622767341602523,
        5.291234313410613,
        3.1954440768885863,
        2.275963285383037,
        2.1680914334663908,
        4.5313347017545,
        2.3438589320285144,
        1.6685588367558446
      ],
      [
        2.7337003788825585,
        0.7233677341228893,
        5.665733459171998,
        5.608515194919566,
        3.6821596671686945,
        2.926617508767639,
        2.0605307354291624,
        3.878662853739757,
        6.4466114049396115,
        1.4680576991934553,
        -8.24274867126662e-05,
        0.4629329799617736,
        0.830542037973948,
        6.665094621870649,
        1.3763988001370506,
        4.04938997819374,
        0.9775603422578266,
        0.8425574328634606,
        5.71554630701855,
        4.8753242317994046,
        6.0873153335952725,
        1.4679616568901188,
        2.795757886982039,
        3.3975572588593383,
        0.7667658922210411,
        5.285111560847492,
        3.1744414913180585,
        0.5845706722672943,
        4.0887852971848835,
        4.839822861040266,
        2.472458254977322,
        5.539628548712433,
        5.185073309033699,
        2.260847449719506,
        5.562366678833136,
        5.622881917346178,
        2.259690542194535,
        0.6202612635321144,
        0.5517056343358651,
        0.9110561209183532,
        3.136401197371247,
        6.094384264030184,
        5.81388066881811,
        3.006207681671149,
        1.3698050904859245,
        2.1004090731764755,
        4.932925042720411,
        0.13549599476721855,
        5.429168599968254,
        2.0875920441580087,
        2.1334968226781346,
        3.617725542843797,
        4.458539094467832,
        3.395296213658723,
        3.5984165402100614,
        2.5567687354239723,
        2.495793429517266,
        3.668082182610194,
        5.336423152018168,
        4.287763858597391,
        3.1227375652487988,
        0.9706717380328164,
        5.495836267329799,
        2.603488903908639,
        1.787756750005335,
        2.307074189573037,
        0.9392332770497724,
        1.7648401335666148,
        2.824816488208741,
        0.5778957299316793,
        5.317258700476777,
        0.9360844621407027,
        2.6158435290780635,
        0.4163602981943114,
        1.4293920054150961,
        1.6025404762836535,
        1.2086972639823095,
        5.7947455668046475,
        5.8294093655201396,
        1.2195332736773508,
        1.5763410526964463,
        4.7700824351620525,
        1.389301529807966,
        3.7932481151748108,
        1.3652379742998852,
        5.00928648434069,
        3.7883405371256975,
        4.330418364951933,
        0.495758570394359,
        1.8834313740923359
      ]
    ],
    "vqe2_time": [
      17.061991930007935,
      21.71042037010193,
      30.047729969024658
    ],
    "solution_vector": [
      1,
      0,
      0,
      0,
      1,
      0,
      1,
      1,
      1,
      0
    ],
    "solution_min_energy": -616.8972923181958,
    "solution_time": 0.023317337036132812,
    "matrix_size": 10,
    "qubo_matrix": [
      [
        -74.66161539808851,
        4.8140310479259085,
        9.628062095851817,
        19.256124191703634,
        2.4070155239629543,
        2.407015327932,
        4.814030655864,
        9.628061311728,
        19.256122623456,
        2.407015327932
      ],
      [
        4.8140310479259085,
        -144.50919974825112,
        19.256124191703634,
        38.51224838340727,
        4.8140310479259085,
        4.814030655864,
        9.628061311728,
        19.256122623456,
        38.512245246912,
        4.814030655864
      ],
      [
        9.628062095851817,
        19.256124191703634,
        -269.7622753047986,
        77.02449676681454,
        9.628062095851817,
        9.628061311728,
        19.256122623456,
        38.512245246912,
        77.024490493824,
        9.628061311728
      ],
      [
        19.256124191703634,
        38.51224838340727,
        77.02449676681454,
        -462.5000538427827,
        19.256124191703634,
        19.256122623456,
        38.512245246912,
        77.024490493824,
        154.048980987648,
        19.256122623456
      ],
      [
        2.4070155239629543,
        4.8140310479259085,
        9.628062095851817,
        19.256124191703634,
        -74.66161539808851,
        2.407015327932,
        4.814030655864,
        9.628061311728,
        19.256122623456,
        2.407015327932
      ],
      [
        2.407015327932,
        4.814030655864,
        9.628061311728,
        19.256122623456,
        2.407015327932,
        -74.66126748470171,
        4.8140307016668915,
        9.628061403333783,
        19.256122806667566,
        2.4070153508334458
      ],
      [
        4.814030655864,
        9.628061311728,
        19.256122623456,
        38.512245246912,
        4.814030655864,
        4.8140307016668915,
        -144.50850426773653,
        19.256122806667566,
        38.51224561333513,
        4.8140307016668915
      ],
      [
        9.628061311728,
        19.256122623456,
        38.512245246912,
        77.024490493824,
        9.628061311728,
        9.628061403333783,
        19.256122806667566,
        -269.7608857288055,
        77.02449122667026,
        9.628061403333783
      ],
      [
        19.256122623456,
        38.512245246912,
        77.024490493824,
        154.048980987648,
        19.256122623456,
        19.256122806667566,
        38.51224561333513,
        77.02449122667026,
        -462.49728023094076,
        19.256122806667566
      ],
      [
        2.407015327932,
        4.814030655864,
        9.628061311728,
        19.256122623456,
        2.407015327932,
        2.4070153508334458,
        4.8140307016668915,
        9.628061403333783,
        19.256122806667566,
        -74.66126748470171
      ]
    ],
    "ansatze": [
      "twolocal",
      "alternating_ry_rz",
      "random_circuit"
    ],
    "histories_energy": [
      [
        [
          -558.1815009891837,
          -562.1252091718288,
          -538.6532626335694,
          -550.0535672951138,
          -561.3480226003253,
          -558.0591144693943,
          -551.2092334122744,
          -515.4387590814084,
          -549.0294240226223,
          -562.9345533974124,
          -565.7698530561754,
          -562.878457612576,
          -564.0751410899455,
          -568.8431281382453,
          -568.1830100924634,
          -565.8362908277032,
          -570.5544422101311,
          -573.6198594327516,
          -568.7484658964411,
          -569.0818550889323,
          -572.1897389507852,
          -574.8984022251577,
          -541.271592598575,
          -558.603814822773,
          -575.7819266199215,
          -575.7517046315855,
          -569.9065515677098,
          -538.5472240615471,
          -566.0399426814724,
          -579.8761233836767,
          -576.050208719564,
          -578.0843166119593,
          -577.0496897095654,
          -578.9299338059665,
          -579.711261304964,
          -578.9764379097604,
          -575.4527071238679,
          -578.9754265274574,
          -576.9966744434304,
          -579.1509727226653,
          -575.6454093026381,
          -580.7516083982151,
          -560.4544813118807,
          -576.3405995649917,
          -588.0999309655488,
          -599.0729788850888,
          -596.934508041063,
          -598.5096057628218,
          -596.7679126917376,
          -598.7103331000662,
          -598.337068758381,
          -596.9310120562657,
          -595.6884132977782,
          -598.6161396712884,
          -596.4965792471806,
          -597.9200426626898,
          -598.2647953797914,
          -599.1043545547922,
          -600.3893919244279,
          -596.7857853555184,
          -599.1171441852024,
          -599.5544341742506,
          -599.4716156273548,
          -589.5732805150602,
          -598.9874897974721,
          -569.8723875889086,
          -598.3403494785565,
          -587.3106594352241,
          -596.3041978249908,
          -599.4479839912362,
          -597.9946299355213,
          -597.7737634514278,
          -598.0335917355507,
          -596.5786861838266,
          -600.2980581602419,
          -597.9478428881123,
          -598.7388454103341,
          -598.9386748010535,
          -595.5420132706149,
          -595.9915996930072,
          -599.596672278212,
          -599.1402733967907,
          -599.3477041639818,
          -587.8830477679869,
          -589.0274522312728,
          -590.3197094140784,
          -596.50148738191,
          -596.0602957526938,
          -599.266973021656,
          -596.2806581307708,
          -597.818026002215,
          -598.4611633668525,
          -600.6994602454517,
          -598.5140900773133,
          -597.3975348454201,
          -597.5863962124345,
          -594.783227094006,
          -595.5722853249658,
          -596.656237471733,
          -597.5431220590551
        ]
      ],
      [
        [
          -498.64177818276255,
          -500.7616827548825,
          -447.34565376300463,
          -495.1147998620586,
          -492.4155528539045,
          -492.4217234457644,
          -511.57461688832973,
          -517.9654237827842,
          -512.4595037307668,
          -494.37831566702573,
          -513.4351043151814,
          -517.5846026025814,
          -493.77846245088347,
          -497.8980705867792,
          -502.0806531988957,
          -514.817900866701,
          -510.98851702377203,
          -516.0057818025841,
          -520.3518041414295,
          -514.9999342732241,
          -521.9510102714082,
          -525.8138403872913,
          -516.732877408182,
          -527.9913482618,
          -528.6589533516265,
          -520.3608487841541,
          -521.7614999606801,
          -465.4816265894305,
          -523.543703319469,
          -525.6305219778045,
          -529.1245985188193,
          -521.776697461829,
          -523.7477350412343,
          -522.5166607646989,
          -517.7456400207146,
          -532.7680711893778,
          -520.5140502497472,
          -529.7410451895473,
          -525.1029412098867,
          -525.2468484668854,
          -520.7900014201789,
          -533.2730212861354,
          -525.9684935161837,
          -525.0285771737499,
          -517.8404550100762,
          -520.7027948653257,
          -521.6834472946354,
          -525.0042304178883,
          -516.5222211519124,
          -525.8295583741367,
          -521.375362349711,
          -526.2150413904017,
          -523.3378654069088,
          -520.2736628524779,
          -520.9278080436285,
          -523.2399513296644,
          -527.1591704350026,
          -527.5918942021177,
          -523.8960170424839,
          -523.5632608522096,
          -528.5856971018354,
          -557.2429688462968,
          -561.5028785940087,
          -561.2934366291096,
          -553.4644418718605,
          -554.4646658258554,
          -563.5808343577731,
          -563.4675063475145,
          -559.5953481741287,
          -557.0658560582033,
          -549.8527949632503,
          -565.230176252759,
          -560.8418286754087,
          -555.3052714085192,
          -528.824933810896,
          -563.5026889068205,
          -561.8353241162984,
          -562.6112466269667,
          -520.0523015294935,
          -563.4571770509505,
          -559.6181950236876,
          -563.9590987811,
          -559.1696555714506,
          -563.7948929220588,
          -522.2974129648346,
          -563.1187757143208,
          -562.8885074532164,
          -563.8494034955339,
          -566.102965607304,
          -558.9993077944646,
          -560.6230254367003,
          -557.3685176736321,
          -563.597752354873,
          -561.2712626920256,
          -565.4885281300974,
          -563.2537147197929,
          -561.12214281221,
          -565.6737953153581,
          -566.1367556711075,
          -562.4614044840256
        ]
      ],
      [
        [
          -553.3075449849234,
          -536.0399955187211,
          -548.2050393208002,
          -544.8526094480345,
          -549.2776209146732,
          -552.6880302747927,
          -554.7768967368561,
          -549.8909822531988,
          -539.7191881401633,
          -568.4913233261534,
          -568.3684096595352,
          -540.3916816331118,
          -559.7214472250223,
          -567.0833923049286,
          -572.2881042610343,
          -569.8852773019048,
          -573.6977408255998,
          -569.9874793682064,
          -566.0702233232576,
          -567.2172151738114,
          -577.1193960369727,
          -570.224182850727,
          -537.1165074864588,
          -543.8629111162659,
          -568.4429226818921,
          -572.0249285543483,
          -572.0980607818125,
          -544.1262640107659,
          -567.1044265266937,
          -574.6576789882074,
          -573.6237464249702,
          -571.6487588369122,
          -569.817312502207,
          -572.1881991257281,
          -572.8299141057037,
          -571.7589417209621,
          -574.2795223596328,
          -571.5429031077439,
          -570.6734802810896,
          -574.6382313526193,
          -576.271131364009,
          -570.8040504273594,
          -577.264386154185,
          -576.9913672155043,
          -577.0995488555641,
          -569.4539793620362,
          -572.679915621744,
          -572.059612454507,
          -573.2735491614166,
          -571.4966316824873,
          -574.2557659640993,
          -575.0959534319531,
          -572.1883262059436,
          -567.8415821917041,
          -573.2229972369288,
          -568.4703607177926,
          -572.0025801001834,
          -571.3863482357013,
          -571.0005554665936,
          -576.1046471395921,
          -571.7806291037901,
          -572.4843473173868,
          -574.4626243649222,
          -574.9566927369668,
          -572.8482005818817,
          -570.6097741749988,
          -569.5873094636413,
          -572.4636969311825,
          -571.529690323334,
          -572.0096812562779,
          -574.1882165350282,
          -570.508882382383,
          -575.3613897357338,
          -570.7630013059297,
          -572.0105283750707,
          -571.0849604143689,
          -570.321171253609,
          -571.5358268839082,
          -572.2519437090597,
          -572.544648824603,
          -574.0027576653122,
          -567.3725158746545,
          -574.4035623863288,
          -572.5144773073882,
          -572.8352999811729,
          -573.5268215078503,
          -573.7625147645527,
          -572.0118188778717,
          -576.2316597998356,
          -571.0042192374885,
          -570.5201497527768,
          -579.2671709328062,
          -568.0969343790138,
          -566.8801640202273,
          -576.4958961414893,
          -574.9018055418578,
          -580.6433098327126,
          -575.8923400929557,
          -582.4148981850351,
          -558.3008469056364
        ]
      ]
    ]
  }
]