[
  {
    "vqe2_energy": [
      -532.2102937620294,
      -532.2109690997245,
      -523.9708812247593
    ],
    "vqe2_vector": [
      [
        1,
        0,
        1,
        0,
        0,
        0,
        1,
        0,
        1,
        1
      ],
      [
        1,
        1,
        1,
        0,
        0,
        0,
        0,
        0,
        1,
        1
      ],
      [
        0,
        0,
        0,
        1,
        0,
        1,
        0,
        0,
        1,
        1
      ]
    ],
    "vqe2_min_error": [
      0.0006972735235311056,
      0.0005703813919843981,
      1.548836267188347
    ],
    "vqe2_params": [
      [
        5.1974113964290005,
        3.2151878156725964,
        5.226011738408494,
        0.3898360834681347,
        7.1289456350249445,
        2.629492384328966,
        3.242691349307548,
        1.096175620233017,
        5.4422504054977345,
        5.9787615427573675,
        3.606266717164984,
        4.005290524347448,
        0.5293945611183084,
        3.793467874084493,
        3.9424647473397436,
        4.280956132356643,
        1.258535986583768,
        0.6410620165790302,
        1.0720054582257745,
        4.491305494182296,
        3.3030993874736825,
        6.090804043797613,
        5.386455797707384,
        4.202969656783763,
        5.31153264049166,
        3.154059357045155,
        3.2260967871733897,
        3.8368541361958504,
        1.674264212629681,
        1.9224867088861552,
        4.611230140424713,
        4.253927900699765,
        2.089463562403143,
        0.44716632648668453,
        2.341804255388525,
        5.229504128182848,
        1.8625403803752971,
        2.2251264206690853,
        5.612815978667598,
        3.6344649554085873
      ],
      [
        1.8674608870710512,
        5.001039150555319,
        3.072036842775559,
        3.5985176385210993,
        4.141163039181616,
        5.359604903440995,
        1.014976571680248,
        0.41463864036012765,
        4.314581051988328,
        2.9184875501312466,
        4.652158064110962,
        1.0062916028678175,
        0.7033072835990231,
        4.415839381027652,
        2.818564538973432,
        0.5753347339494856,
        2.7165905749195756,
        3.3629223772607815,
        0.09711172558833966,
        2.5488896562038597,
        6.173672967114759,
        4.356316969175357,
        4.159633340113096,
        5.230660336921094,
        4.142015539603992,
        0.9947793499663441,
        1.8655837518235219,
        5.827030354345515,
        1.594800784743517,
        1.681843797081979,
        4.138657824250393,
        1.8195453949302596,
        2.3862610694759314,
        5.653580028067145,
        3.935829119217654,
        1.7306866672603216,
        0.7895606206789763,
        3.9588572056372064,
        1.0151633518849943,
        3.5815183534539474,
        0.4288332327946804,
        2.7984437161025992,
        5.46844639330042,
        5.182844093172759,
        2.105408585738525,
        1.9541088456126507,
        0.4288979199986026,
        1.1204973250088763,
        5.237367237230008,
        0.1096417421036321,
        0.21033152297917937,
        5.050636882107041,
        2.4594597796731503,
        5.0306144339579,
        6.309115213055454,
        2.4075656899017175,
        0.4774862445181591,
        0.07992645367648285,
        3.8767924476586937,
        5.915381313580539
      ],
      [
        4.958012334848233,
        1.1717841861068516,
        4.001000728309414,
        5.061372950713438,
        4.838729694289728,
        3.974403133261467,
        6.96414449912394,
        5.722639454671353,
        3.3216861569861544,
        3.2391791093274396,
        1.6599750572593541,
        1.6556227526147942,
        0.8507324365650152,
        5.801434384825955,
        2.1535071444984806,
        0.06828166926306611,
        1.085575418368379,
        3.2640049647303466,
        5.4575811749082375,
        3.3918655588376296,
        4.738929520267709,
        5.014899662215686,
        0.06352692393101288,
        5.609244494856341,
        3.384367740049712,
        6.086784909442845,
        2.6084858596901346,
        6.858061846383663,
        2.83605142778926,
        5.152370050605175,
        6.063349946055388,
        1.7588243671533008,
        2.7975959540123254,
        1.5344363667901235,
        2.9093824848025864,
        1.1862915326527486,
        0.5182563384044904,
        4.74907234559242,
        0.6697070682184294,
        6.232832857770061,
        0.005424176875009208,
        5.070999940268362,
        5.385819481035228,
        4.141450516656758,
        0.8929463686884913,
        1.5980741054025986,
        2.192405755862455,
        5.051161101269239,
        3.361306918749097,
        3.343281610825616,
        4.045840074523597,
        5.064009954190207,
        1.3029939271807376,
        0.15043133887984467,
        3.191032844692799,
        2.901470978008979,
        3.5316049963381206,
        5.827730277701189,
        2.2226088828142867,
        1.7460327798188775,
        2.9466233311937935,
        3.5577780076208905,
        2.71228515266504,
        1.1716469770932327,
        0.6815120478678287,
        4.9090261887992,
        4.478590018598011,
        3.7469602903602808,
        4.066454662112598,
        0.7394832307023221,
        5.783022982406847,
        3.3368056236243855,
        5.138526275442402,
        3.922830107588285,
        0.5345920123389593,
        2.534774044770945,
        3.8745350042456637,
        4.699476653917331,
        6.206564068771307,
        4.722324365212069,
        5.8982014987607325,
        0.057703227063871994,
        5.120705841421494,
        1.3876447439893609,
        2.880073324200718,
        4.832846002644316,
        0.8396378075527311,
        5.249672455660644,
        3.4527239477137206,
        3.015842249790717
      ]
    ],
    "vqe2_time": [
      25.917986631393433,
      28.71719264984131,
      35.4979145526886
    ],
    "solution_vector": [
      1,
      1,
      1,
      1,
      1,
      0,
      0,
      0,
      0,
      0
    ],
    "solution_min_energy": -532.2140047493731,
    "solution_time": 0.02413487434387207,
    "matrix_size": 10,
    "qubo_matrix": [
      [
        -64.4160845766142,
        4.153694570637119,
        8.307389141274237,
        16.614778282548475,
        2.0768472853185593,
        2.0768472493775922,
        4.1536944987551845,
        8.307388997510369,
        16.614777995020738,
        2.0768472493775922
      ],
      [
        4.153694570637119,
        -124.67847458259128,
        16.614778282548475,
        33.22955656509695,
        4.153694570637119,
        4.1536944987551845,
        8.307388997510369,
        16.614777995020738,
        33.229555990041476,
        4.1536944987551845
      ],
      [
        8.307389141274237,
        16.614778282548475,
        -232.7421708826341,
        66.4591131301939,
        8.307389141274237,
        8.307388997510369,
        16.614777995020738,
        33.229555990041476,
        66.45911198008295,
        8.307388997510369
      ],
      [
        16.614778282548475,
        33.22955656509695,
        66.4591131301939,
        -399.0252286350743,
        16.614778282548475,
        16.614777995020738,
        33.229555990041476,
        66.45911198008295,
        132.9182239601659,
        16.614777995020738
      ],
      [
        2.0768472853185593,
        4.153694570637119,
        8.307389141274237,
        16.614778282548475,
        -64.4160845766142,
        2.0768472493775922,
        4.1536944987551845,
        8.307388997510369,
        16.614777995020738,
        2.0768472493775922
      ],
      [
        2.0768472493775922,
        4.1536944987551845,
        8.307388997510369,
        16.614777995020738,
        2.0768472493775922,
        -64.4157464763014,
        4.153694494953648,
        8.307388989907295,
        16.61477797981459,
        2.076847247476824
      ],
      [
        4.1536944987551845,
        8.307388997510369,
        16.614777995020738,
        33.229555990041476,
        4.1536944987551845,
        4.153694494953648,
        -124.67779845764913,
        16.61477797981459,
        33.22955595962918,
        4.153694494953648
      ],
      [
        8.307388997510369,
        16.614777995020738,
        33.229555990041476,
        66.45911198008295,
        8.307388997510369,
        8.307388989907295,
        16.61477797981459,
        -232.74081893548367,
        66.45911191925836,
        8.307388989907295
      ],
      [
        16.614777995020738,
        33.229555990041476,
        66.45911198008295,
        132.9182239601659,
        16.614777995020738,
        16.61477797981459,
        33.22955595962918,
        66.45911191925836,
        -399.022525951709,
        16.61477797981459
      ],
      [
        2.0768472493775922,
        4.1536944987551845,
        8.307388997510369,
        16.614777995020738,
        2.0768472493775922,
        2.076847247476824,
        4.153694494953648,
        8.307388989907295,
        16.61477797981459,
        -64.4157464763014
      ]
    ],
    "ansatze": [
      "twolocal",
      "alternating_ry_rz",
      "random_circuit"
    ],
    "histories_energy": [
      [
        [
          -405.55009037815836,
          -388.30253724327883,
          -373.5479832022763,
          -422.34230744346013,
          -415.01052600945076,
          -424.51151478736773,
          -428.37403794404855,
          -483.1771054112033,
          -488.30142129568685,
          -486.909437048654,
          -493.02856237820856,
          -491.9617991161965,
          -489.1123849886065,
          -488.56280610253816,
          -485.6501707525752,
          -490.0843400358391,
          -488.97373685771424,
          -487.48610696886715,
          -481.85344382365906,
          -489.07457904925894,
          -490.53788175540006,
          -488.1077588859645,
          -479.2626340554548,
          -476.15296669370474,
          -487.4069796665973,
          -487.2987765797464,
          -486.063380017384,
          -469.5857016672537,
          -489.33341262373335,
          -485.68611455562,
          -491.43127062855945,
          -489.810135592736,
          -491.9508354224138,
          -488.06956958250566,
          -488.9772198278532,
          -488.8385477209311,
          -489.02409114656507,
          -488.6978922121329,
          -489.87372105005113,
          -490.77868430928874,
          -490.76573830038467,
          -485.42178106506526,
          -493.9313927229869,
          -508.22311230892217,
          -509.2016361380223,
          -499.109426697054,
          -502.5026387709985,
          -492.94255777026206,
          -499.15260611348367,
          -501.6810484516424,
          -510.91414280459543,
          -511.6244114066657,
          -511.1870698436452,
          -506.88489029114015,
          -510.10238363136506,
          -507.0721635116766,
          -516.8035826172081,
          -517.4348476682512,
          -515.6380890635595,
          -516.0239442942567,
          -518.6212970235262,
          -516.7734410369069,
          -517.5512406371613,
          -517.2494738836767,
          -517.4181330020882,
          -516.9362799167083,
          -518.7164550644893,
          -517.7427636902984,
          -518.6534499392592,
          -518.2415913603327,
          -519.7006520325624,
          -517.2392985031191,
          -516.6513653149527,
          -518.3744819768108,
          -517.5879107239527,
          -518.0292839025585,
          -518.0337702872778,
          -517.7161812423118,
          -518.962572197063,
          -517.7227835110554,
          -520.0322640562928,
          -519.6760901104731,
          -516.9330972623736,
          -519.4544838433955,
          -517.1362583011013,
          -521.2139260517437,
          -519.7645701023898,
          -519.7025204961357,
          -521.5085531351083,
          -519.8369178899312,
          -523.0443841619274,
          -521.3997503051653,
          -522.3080610870428,
          -519.3606663404531,
          -513.6092606835629,
          -522.3579058496395,
          -522.4771665074227,
          -521.4822183977976,
          -520.19341949299,
          -523.0005767342755
        ]
      ],
      [
        [
          -458.0197788246905,
          -454.7655168743759,
          -463.9006095671018,
          -442.53546205783044,
          -462.46846568687005,
          -465.3911721233861,
          -473.55771125479225,
          -478.75040771759507,
          -467.0908579943816,
          -481.4113748799952,
          -472.20093500791296,
          -478.9190700045381,
          -448.59062999772743,
          -467.2677834183497,
          -477.4921412440358,
          -474.8109958567121,
          -479.31668636656576,
          -432.11489939123885,
          -480.13669624084457,
          -477.94670605452814,
          -481.5333207470587,
          -482.3075272566868,
          -484.4472898276083,
          -451.2496112824453,
          -494.5233840039262,
          -497.78081711932816,
          -492.5896274418394,
          -486.06482256452864,
          -497.2230095596579,
          -492.62396156904464,
          -495.6614859692066,
          -493.9094898250044,
          -496.5479434350322,
          -496.7513297582601,
          -498.58146170796255,
          -493.6680719290079,
          -495.79495480704776,
          -496.87224257476726,
          -494.57638150998366,
          -494.57771393618884,
          -493.5853597739442,
          -493.8931758343353,
          -487.1891011760095,
          -493.6526491425564,
          -495.92016461624496,
          -491.5632938729372,
          -497.18535161297393,
          -493.3401021600945,
          -493.81760340543457,
          -492.20727286916076,
          -496.78395678015727,
          -492.67887603383576,
          -493.46676390327866,
          -494.4630708097394,
          -494.6649901154885,
          -499.1297134659194,
          -490.8023548133783,
          -494.67434113047597,
          -496.78208917688,
          -492.0407268252275,
          -496.1291638727357,
          -482.51183816546575,
          -495.30941782825676,
          -486.60062569703825,
          -491.20437810146166,
          -466.6038390220596,
          -494.0249025349948,
          -494.8664403289848,
          -495.30168513588933,
          -484.30556261225314,
          -495.7065563157854,
          -495.67881974874194,
          -492.57845609367627,
          -487.0130050878793,
          -494.936190262747,
          -491.19120198941664,
          -492.8836519447293,
          -495.96295294693476,
          -489.9120389376564,
          -469.29886678045034,
          -494.27821077216106,
          -476.0699461171332,
          -494.21111020246184,
          -483.90339753379,
          -492.9564252574736,
          -474.5837685101642,
          -489.8114074510014,
          -491.2849356645602,
          -497.32787017573963,
          -493.8801865563977,
          -495.0933626938235,
          -489.8067651816717,
          -492.195901715813,
          -493.6425114584012,
          -493.0735547657288,
          -492.66639972781974,
          -496.25343383791545,
          -494.8237433714955,
          -495.65084748437937,
          -492.61576341512495
        ]
      ],
      [
        [
          -415.11079639796867,
          -458.21873310985666,
          -457.5892257634611,
          -456.84985559158116,
          -455.44199431431696,
          -463.6843902863665,
          -462.25542505554773,
          -473.160438305341,
          -468.87417224798764,
          -460.66156939250124,
          -467.4857703879099,
          -440.3378778158033,
          -476.5653780965315,
          -472.17923130049496,
          -477.3818048455763,
          -478.26525141128315,
          -473.3676105091714,
          -484.12612325004034,
          -479.0150252749939,
          -483.2532423358581,
          -483.08759535413355,
          -481.5195755840783,
          -465.6051731717061,
          -460.7424311154363,
          -482.83173697055463,
          -484.5426173742279,
          -481.08723479822635,
          -477.1252841181064,
          -485.12833711186454,
          -477.82348524664144,
          -476.2238957201279,
          -478.2639189456381,
          -481.3521568743569,
          -479.98310648984534,
          -477.74694188760526,
          -479.4634915707385,
          -486.72068146452517,
          -479.15180474286564,
          -478.0959866119581,
          -481.37723468557846,
          -480.80609922181577,
          -479.43760990459936,
          -477.6457780392751,
          -478.3932667382715,
          -481.7801135641667,
          -481.208144690727,
          -481.7627104902423,
          -482.9603873967519,
          -480.0336417296089,
          -481.34587854863196,
          -483.18802659383687,
          -483.54642919157106,
          -479.59121343492995,
          -479.67869661810346,
          -479.1732534417448,
          -480.8044203423771,
          -480.92725870972447,
          -481.72372924880943,
          -477.32022311342814,
          -479.92269350990796,
          -477.5747201218612,
          -479.424781867877,
          -474.9321608877501,
          -481.84190537463627,
          -479.2809760143341,
          -478.2591785576168,
          -481.90988002295427,
          -482.1363543739151,
          -481.3907520519534,
          -479.0812842083124,
          -482.873701109234,
          -480.45744302995365,
          -481.30745074708204,
          -480.8020098185163,
          -478.5760330023697,
          -476.08950504714056,
          -481.7904980954305,
          -480.34157609593,
          -483.5837044934912,
          -481.99745682183055,
          -478.6044236549075,
          -479.19804962084265,
          -479.26257022195324,
          -480.0531846475852,
          -477.60189850598266,
          -481.1389368861932,
          -477.4952397491611,
          -480.17233039910104,
          -481.24491091575817,
          -482.5798815180324,
          -475.5757945361836,
          -451.52839994927933,
          -474.3937100140036,
          -456.6223888426323,
          -485.98105971876055,
          -477.8163200889587,
          -480.8566232519956,
          -481.56752618715205,
          -487.1571196232911,
          -483.09099840643125
        ]
      ]
    ]
  }
]