[
  {
    "vqe2_energy": [
      -607.1844163184647,
      -607.3582029538402,
      -607.1837267445173
    ],
    "vqe2_vector": [
      [
        0,
        1,
        0,
        1,
        0,
        1,
        1,
        0,
        0,
        1
      ],
      [
        1,
        0,
        1,
        0,
        1,
        0,
        0,
        1,
        1,
        0
      ],
      [
        0,
        0,
        0,
        1,
        0,
        0,
        1,
        1,
        0,
        0
      ]
    ],
    "vqe2_min_error": [
      1.574914015715534,
      1.5467430612739475,
      1.5750257962112824
    ],
    "vqe2_params": [
      [
        2.530683792976259,
        4.356532845742041,
        0.24915761587959442,
        5.681703179122803,
        6.303259247691938,
        1.6989678831705934,
        3.1033197056092034,
        4.004710374865615,
        3.211660021208415,
        3.987412519514379,
        6.401372637017992,
        2.8683127064756304,
        1.3090187001959954,
        3.708897491771824,
        4.093696619861797,
        1.6205246619375546,
        4.954389705876805,
        3.1586470829909636,
        4.968937484543159,
        5.042191853577048,
        1.1134162189527987,
        1.7409905743104184,
        5.343474198557251,
        3.211892596735999,
        3.9858581689519736,
        5.230385320168743,
        6.715065731689617,
        4.219925409052854,
        -0.3596778181514525,
        4.095883154688799,
        5.053013523103999,
        3.861133367329374,
        0.2321115187456575,
        2.2230590722435837,
        1.8303018178619246,
        4.180536806196703,
        5.514926175336548,
        2.23842577275641,
        5.703097008973144,
        2.0079912055292457
      ],
      [
        5.170902607083205,
        4.795611438595591,
        0.27115938731632605,
        0.15045412676773268,
        1.1660884717302598,
        4.003373693774019,
        1.449064232222688,
        1.5047184058389147,
        2.057638205896687,
        3.1772237752439514,
        5.485490469771755,
        1.5456175231971585,
        2.1945014637853353,
        4.800754030057991,
        0.5957221456199929,
        1.1724520585478118,
        1.473132842332814,
        0.19663838424709523,
        6.62563503619753,
        4.398138905507134,
        6.555742499118024,
        4.850932413242811,
        5.925718987996703,
        3.4238289981972874,
        6.161633661285422,
        6.152408503323553,
        4.64452237043463,
        0.40318554733259054,
        1.9007879933666978,
        3.9656245638365637,
        6.0263182803401545,
        1.3418737612000726,
        5.387800500920425,
        0.8368203858357669,
        5.696000584543329,
        2.571240993893127,
        1.4928985493741347,
        2.43611096724518,
        1.5877724400510034,
        0.8705722802047788,
        1.0440326537253077,
        1.7181510159761315,
        5.990123275444552,
        0.9976999151788685,
        3.453586959499061,
        3.981852987193052,
        4.131719122031296,
        5.606961828174831,
        2.693891943597502,
        3.274446494477774,
        6.362371897627186,
        2.2244366462783884,
        3.3519635493297186,
        1.8521594428859935,
        1.2122972069507,
        1.6275104464090036,
        0.361725260795168,
        3.383345224970819,
        0.6688706361932435,
        5.462070824056688
      ],
      [
        3.200464995650032,
        3.6876664377101496,
        4.7922188606789256,
        1.5543221878757625,
        0.06866787407020868,
        1.818937316246262,
        4.9560199007118895,
        2.817645804192298,
        3.3031076941417927,
        3.0002557591434567,
        0.08853791568267892,
        3.1713216077456257,
        1.6790092388379414,
        4.926793534367175,
        3.2882178304118423,
        4.9591181364698,
        1.32006865215216,
        0.42719532263215937,
        6.154807869441803,
        0.1804935997683984,
        3.002778273559478,
        3.6189271173318374,
        1.4776292352089395,
        5.214650338267758,
        1.2863911202595961,
        5.237162263572602,
        1.3304338054069795,
        0.26027689828179423,
        5.709211057907438,
        5.253369350800916,
        2.7016669025202247,
        3.106734187708231,
        1.0914522952548122,
        2.881803130120101,
        2.6748249658333445,
        1.5865216588619788,
        3.5395012002566855,
        3.8682316568778425,
        0.00536710816025926,
        5.88359212723225,
        1.5541193726314089,
        0.3238870497713807,
        6.090465149454163,
        4.381036285498823,
        3.9859029512223128,
        2.5071060089681456,
        3.6223132808391467,
        3.160602030177519,
        3.777742571544853,
        4.158892741806489,
        3.285834938791474,
        3.0020941235204006,
        3.708295613420245,
        3.420864196995403,
        4.96136674717957,
        1.170892360631594,
        2.6055776497469965,
        2.928083509654611,
        4.122551823416775,
        6.0411736247953876,
        2.2491908983542506,
        5.666304396620418,
        3.356017448672871,
        3.097379152083637,
        3.001560970503859,
        5.486342765784922,
        1.1689323463225874,
        5.698572183791648,
        1.2713832492524495,
        2.1241689997434343,
        4.449052640323829,
        0.6150356006942077,
        2.967964128095884,
        0.9378309511618215,
        1.630109419582193,
        0.9709581582312027,
        2.1985454589773847,
        4.807938549948891,
        0.624922738523475,
        5.184340548192523,
        4.915041241668818,
        2.8360776800239527,
        4.520828197554422,
        4.18175181880127,
        4.9191564965637165,
        2.9288968780728575,
        5.164639242244171,
        0.9401375950068235,
        2.1300357615187386,
        0.07651906635586433
      ]
    ],
    "vqe2_time": [
      17.688332319259644,
      23.30860161781311,
      17.89764714241028
    ],
    "solution_vector": [
      1,
      0,
      0,
      1,
      1,
      0,
      1,
      1,
      0,
      0
    ],
    "solution_min_energy": -616.9000618555862,
    "solution_time": 0.0236055850982666,
    "matrix_size": 10,
    "qubo_matrix": [
      [
        -74.66161539808851,
        4.8140310479259085,
        9.628062095851817,
        19.256124191703634,
        2.4070155239629543,
        2.407015327932,
        4.814030655864,
        9.628061311728,
        19.256122623456,
        2.407015327932
      ],
      [
        4.8140310479259085,
        -144.50919974825112,
        19.256124191703634,
        38.51224838340727,
        4.8140310479259085,
        4.814030655864,
        9.628061311728,
        19.256122623456,
        38.512245246912,
        4.814030655864
      ],
      [
        9.628062095851817,
        19.256124191703634,
        -269.7622753047986,
        77.02449676681454,
        9.628062095851817,
        9.628061311728,
        19.256122623456,
        38.512245246912,
        77.024490493824,
        9.628061311728
      ],
      [
        19.256124191703634,
        38.51224838340727,
        77.02449676681454,
        -462.5000538427827,
        19.256124191703634,
        19.256122623456,
        38.512245246912,
        77.024490493824,
        154.048980987648,
        19.256122623456
      ],
      [
        2.4070155239629543,
        4.8140310479259085,
        9.628062095851817,
        19.256124191703634,
        -74.66161539808851,
        2.407015327932,
        4.814030655864,
        9.628061311728,
        19.256122623456,
        2.407015327932
      ],
      [
        2.407015327932,
        4.814030655864,
        9.628061311728,
        19.256122623456,
        2.407015327932,
        -74.66126748470171,
        4.8140307016668915,
        9.628061403333783,
        19.256122806667566,
        2.4070153508334458
      ],
      [
        4.814030655864,
        9.628061311728,
        19.256122623456,
        38.512245246912,
        4.814030655864,
        4.8140307016668915,
        -144.50850426773653,
        19.256122806667566,
        38.51224561333513,
        4.8140307016668915
      ],
      [
        9.628061311728,
        19.256122623456,
        38.512245246912,
        77.024490493824,
        9.628061311728,
        9.628061403333783,
        19.256122806667566,
        -269.7608857288055,
        77.02449122667026,
        9.628061403333783
      ],
      [
        19.256122623456,
        38.512245246912,
        77.024490493824,
        154.048980987648,
        19.256122623456,
        19.256122806667566,
        38.51224561333513,
        77.02449122667026,
        -462.49728023094076,
        19.256122806667566
      ],
      [
        2.407015327932,
        4.814030655864,
        9.628061311728,
        19.256122623456,
        2.407015327932,
        2.4070153508334458,
        4.8140307016668915,
        9.628061403333783,
        19.256122806667566,
        -74.66126748470171
      ]
    ],
    "ansatze": [
      "twolocal",
      "alternating_ry_rz",
      "random_circuit"
    ],
    "histories_energy": [
      [
        [
          -502.83542532242524,
          -511.51983179862407,
          -504.21282154858244,
          -501.1397107816624,
          -509.73457006152523,
          -516.7916293658982,
          -510.96956737236,
          -486.013863187171,
          -529.467484280885,
          -536.6457375182453,
          -540.5415345679654,
          -534.2357049275613,
          -534.8037805748615,
          -539.231553698613,
          -536.2479883460618,
          -542.281074100262,
          -539.3092108928643,
          -538.4673191592459,
          -536.1611141887004,
          -541.0503145981266,
          -543.3343567217998,
          -534.9585802941536,
          -540.9433185317909,
          -542.9931801922261,
          -536.2671863449476,
          -532.5449412732505,
          -540.5526618627249,
          -528.8674545479955,
          -524.3023878191673,
          -535.0375739627237,
          -540.4889175634928,
          -534.7668701572558,
          -535.9841910127678,
          -538.259526688213,
          -536.7812334788316,
          -539.1984206969853,
          -539.0473405858594,
          -537.1611085078235,
          -544.3667686448891,
          -544.0574806375614,
          -534.5490184666229,
          -553.9536092248568,
          -535.1661893200385,
          -555.1949081897147,
          -545.3722830123033,
          -554.1749631148442,
          -555.962893080223,
          -554.6658466479872,
          -556.2868394114964,
          -552.8571220571652,
          -551.906393449428,
          -562.2424969651241,
          -554.1935588854969,
          -564.6429233323955,
          -567.4002100768072,
          -565.3295714456592,
          -566.8759433343628,
          -564.482856579646,
          -559.6237999176229,
          -565.0559616126994,
          -564.8382780854258,
          -542.6836471050013,
          -579.1446976338804,
          -579.1881563979133,
          -575.7125657088577,
          -565.3802646371655,
          -575.0846362170901,
          -578.0884217549003,
          -575.1827572765968,
          -572.3266497739174,
          -578.6617972377348,
          -571.6004876975228,
          -575.4035731649179,
          -572.3477873046289,
          -576.8057767034685,
          -572.2910720490543,
          -576.1375122656722,
          -555.8969421734507,
          -577.5670234618372,
          -578.360561587107,
          -572.1762446512099,
          -571.2389369481782,
          -574.1282781401064,
          -548.1478075801548,
          -571.5954923284977,
          -550.4435785855735,
          -580.4421134274934,
          -578.3283282134355,
          -576.5561645095563,
          -580.9684897651124,
          -585.4896540180911,
          -581.450183308657,
          -580.7323833398569,
          -573.3094632239638,
          -584.6730939742608,
          -583.8972716444216,
          -588.3738818652178,
          -585.6666046049547,
          -581.2089248979484,
          -559.8629232889335
        ]
      ],
      [
        [
          -548.3549185195158,
          -545.9216002371116,
          -521.6145729825674,
          -540.923154089634,
          -545.398045832419,
          -554.7470707572952,
          -549.6405164974002,
          -550.5318447628434,
          -559.9828966008782,
          -561.9045679330713,
          -560.4463285557355,
          -561.8974708796964,
          -576.9954461826501,
          -578.902253491211,
          -570.2393256235302,
          -574.2859534277771,
          -577.0934240908706,
          -511.9136789814487,
          -577.873497597851,
          -581.5659939258292,
          -582.0336291980746,
          -582.896363026871,
          -526.1166454545339,
          -583.4177541316128,
          -580.4326333277917,
          -575.9803307648532,
          -577.5455766207559,
          -560.6821020722602,
          -575.1415922404716,
          -577.6435487459116,
          -581.3419078369658,
          -578.5644835660524,
          -581.231249328527,
          -581.9520765147802,
          -579.2865938060295,
          -577.9514594205577,
          -579.8649488212917,
          -576.5538747289999,
          -579.7999792017715,
          -581.1154119892304,
          -580.4402390821784,
          -580.3173741484536,
          -579.6847169173572,
          -582.3611226732395,
          -578.6196378704452,
          -577.0866590331902,
          -581.095211055534,
          -579.6281898638271,
          -578.9629190756,
          -577.2928218850992,
          -578.172033224208,
          -586.9092876917225,
          -581.4496205385102,
          -582.3795274956981,
          -577.8252576602575,
          -581.7784450328603,
          -575.9463299526074,
          -575.8096324862734,
          -574.8756838218347,
          -579.7764770627543,
          -577.3236578022534,
          -540.1029930256999,
          -581.1836366988854,
          -566.8519796865623,
          -577.7161873821093,
          -582.6199752788302,
          -579.5298692880147,
          -585.441757399191,
          -584.6854494017144,
          -582.6529023532453,
          -579.463528216323,
          -578.9215187263386,
          -581.537229072535,
          -553.0543367557533,
          -579.3569288172248,
          -580.6562187902063,
          -580.2476504712376,
          -580.4157910332234,
          -577.6667696406946,
          -516.8149255547057,
          -581.4827570113849,
          -543.3472230429124,
          -590.892608632607,
          -549.6439477031569,
          -591.0135766782067,
          -574.8493040097063,
          -588.8924545164188,
          -562.1750448046857,
          -551.8275257184941,
          -570.3266685778941,
          -588.7629903705104,
          -577.3661161141226,
          -589.0273756809963,
          -583.8617631225906,
          -587.8751365157921,
          -580.6403534537076,
          -587.5819845672861,
          -587.6805090850221,
          -590.5322212513834,
          -588.373797024878
        ]
      ],
      [
        [
          -559.6592115429254,
          -555.7253542751208,
          -560.1522744289049,
          -558.5192134347753,
          -554.0597948611468,
          -496.8436019340472,
          -542.5634981893653,
          -504.30115503689973,
          -542.2660957726655,
          -565.9552072906649,
          -570.4765701689988,
          -569.7654741055727,
          -552.7690916030756,
          -573.7657907338389,
          -569.0942314592097,
          -568.9923051653949,
          -558.3120063475485,
          -567.3881630455244,
          -565.8010714135271,
          -563.9767780690047,
          -567.8271043116604,
          -574.1631152291873,
          -574.193654598062,
          -570.3293579196917,
          -572.1358325598022,
          -570.7723139381008,
          -575.0465134797186,
          -578.7272683232487,
          -553.6990829948933,
          -581.5428013967097,
          -577.0931994907484,
          -577.8375637438993,
          -579.1500988491197,
          -576.9690810193836,
          -578.8323669432018,
          -579.6865625697218,
          -581.6007853278497,
          -578.3552520921944,
          -582.4953598204381,
          -577.8609736900848,
          -580.799853432845,
          -579.6666236887387,
          -577.1256416941895,
          -575.9473777553766,
          -578.3419785974904,
          -578.6822188737294,
          -578.0170608703502,
          -578.7385331412103,
          -584.2884907521322,
          -578.2248615424693,
          -577.5828314433126,
          -578.4470024186093,
          -579.1896891465141,
          -579.5944608855814,
          -580.0396644171751,
          -579.2142605943319,
          -577.7211222739033,
          -585.3158240695645,
          -577.120550324521,
          -578.9885596205586,
          -574.3345120113837,
          -578.5034932240164,
          -578.4190301869482,
          -576.5722203455279,
          -575.6303656742948,
          -583.274456270727,
          -581.1186905748663,
          -581.8207600026998,
          -576.2586855427652,
          -578.8970952766058,
          -578.3304327376027,
          -579.8754155230085,
          -579.5318266643976,
          -583.5977470379217,
          -579.3347099899164,
          -577.882649613934,
          -579.4179226225073,
          -581.3485061464112,
          -576.0669098176503,
          -577.9326996052725,
          -584.5462132046305,
          -580.9799070409765,
          -577.459741476008,
          -580.6348684521912,
          -575.1444141205664,
          -578.5089008818973,
          -580.6781365833677,
          -575.5932635205683,
          -578.0560153437248,
          -581.8488101113271,
          -577.5622251136215,
          -555.5430835655035,
          -580.0438948099913,
          -463.32190149262755,
          -578.7309581981407,
          -589.284444920917,
          -589.4276806662277,
          -575.9329777780314,
          -584.2702226950429,
          -589.2078423643784
        ]
      ]
    ]
  }
]