[
  {
    "vqe2_energy": [
      -1023.2650539542524,
      -1186.6713202575243,
      -1191.2052712181314
    ],
    "vqe2_vector": [
      [
        1,
        0,
        1,
        0,
        0,
        0,
        0,
        1,
        0,
        1
      ],
      [
        1,
        0,
        0,
        0,
        1,
        1,
        1,
        1,
        1,
        0
      ],
      [
        0,
        1,
        1,
        0,
        1,
        1,
        0,
        0,
        1,
        0
      ]
    ],
    "vqe2_min_error": [
      14.098466103152528,
      0.3807603439608842,
      0.0001421056812000998
    ],
    "vqe2_params": [
      [
        7.502700777169397,
        4.497538997156876,
        5.878587815982849,
        2.274340498261221,
        4.866510034431857,
        6.534802453572507,
        1.2108937476700146,
        3.2004887559776622,
        2.121840740923952,
        1.9608792751531456,
        5.8239172748675125,
        4.4596617823613665,
        2.195851978319366,
        5.391931208457256,
        0.8162190378469276,
        5.92482317270328,
        2.6079083648274617,
        6.619597158395367,
        3.9160274852232404,
        1.7992358650861282,
        3.787662113434724,
        2.889349719329201,
        2.6684181121669184,
        4.611858949556836,
        3.738204635391159,
        1.1922079231323899,
        4.68644255721104,
        0.14156124323324654,
        3.019981847024312,
        0.2989555578971165,
        4.401803200039877,
        0.0828560137240458,
        3.9359424334101747,
        2.429911166467399,
        6.162735642094016,
        0.025513889335332218,
        0.947242706009095,
        4.312562045111769,
        1.930310802273654,
        3.0123632619132117
      ],
      [
        5.156203003381043,
        3.0394505432771735,
        2.457927901774868,
        3.31716246185597,
        5.308190763696619,
        1.849441196018541,
        2.055091726800112,
        6.038570606460808,
        3.813996133153463,
        3.1800754868885304,
        4.123604424821002,
        3.0396646478099276,
        4.486196569616959,
        0.9395294391567519,
        2.4868652698969202,
        6.036582476466364,
        1.6798306934882854,
        1.644965826868701,
        1.9150041245095013,
        0.4058538740779559,
        4.18892034801831,
        3.1352302104470584,
        6.589313506336076,
        6.269154294744908,
        6.860621682572167,
        1.8240653703212546,
        1.236269189991865,
        2.308802975192905,
        3.4040116879892874,
        0.6396848984995738,
        4.03947482127177,
        0.08537266210719063,
        3.523835943820782,
        4.268412171218091,
        2.8492651500493347,
        4.689841479473209,
        4.245039896269616,
        4.07191183968296,
        6.46363850831803,
        4.860023821180351,
        4.497154762271985,
        5.742012848951291,
        3.299664662458395,
        4.4848615980947075,
        6.005106262016512,
        5.644790424367144,
        0.6793129498961611,
        2.4747925745898494,
        4.194488577674361,
        6.2645237753299705,
        3.348376299544919,
        1.131580513744158,
        0.7016582439127108,
        5.598484314834555,
        4.626100611328895,
        0.5134645356531045,
        3.007604530579803,
        4.399640337626704,
        1.2119676972336502,
        2.5744229834724393
      ],
      [
        1.4712590260200171,
        3.740959636835099,
        4.330521425655917,
        5.194045175287183,
        5.547031813523342,
        2.4059448714843863,
        2.5325764425586734,
        3.6421117715029445,
        2.965688154349329,
        3.055727280087896,
        1.108455121138158,
        1.6979535772127987,
        5.023066579351235,
        2.580166195185181,
        3.4782219556970926,
        4.738067415364991,
        4.953101616359094,
        1.8323562593580887,
        -0.051679652085967975,
        5.322552662660387,
        1.3041585931653157,
        4.95212441337443,
        3.1924964535045057,
        2.870940772786042,
        4.243381817358026,
        2.6218153286633616,
        0.15916752538092552,
        0.7005964806911851,
        4.799251625074171,
        4.890663403596932,
        4.491394439977814,
        -0.012791714096446416,
        5.555598274410629,
        4.555571963599961,
        3.4723184988493103,
        0.4193804147205548,
        0.7231297776601352,
        2.8585010227083725,
        5.069041985099595,
        1.4936817384100451,
        0.2926844038624059,
        0.805883151616454,
        4.921839313916007,
        0.23011293223456744,
        2.0071380699055346,
        5.7482366653969,
        4.3602444398281435,
        5.093364849701609,
        3.5064686260922624,
        2.6666161146998126,
        0.9653322470659107,
        1.7113102479773032,
        4.152993046769898,
        0.5101361829998398,
        0.42998262387797426,
        5.424031960266294,
        4.408187182584679,
        3.9212189163942797,
        0.17295081859671538,
        4.311513599760334,
        0.48295716689615487,
        5.448432036304003,
        5.108513265656217,
        0.9296913882188717,
        5.243930394908593,
        0.2530962395569272,
        3.547331832008635,
        3.3491567297913765,
        0.3487269485984499,
        1.8169218353750487,
        3.8852121061676437,
        -0.048832728818595586,
        5.378211760558455,
        6.018897894024193,
        5.902043234803153,
        3.881446455265997,
        5.628119793023766,
        0.4189068759214007,
        4.701467228310045,
        5.50664417546248,
        1.9685803326772582,
        4.70606207921622,
        3.1648594270964625,
        2.409575317580871,
        2.6349061925748236,
        2.079297682897053,
        4.230992330081394,
        1.2243985411410176,
        1.8119083138177732,
        3.237857819886198
      ]
    ],
    "vqe2_time": [
      30.49701976776123,
      27.10530376434326,
      43.35543370246887
    ],
    "solution_vector": [
      1,
      1,
      0,
      1,
      1,
      0,
      0,
      1,
      0,
      0
    ],
    "solution_min_energy": -1191.206963990902,
    "solution_time": 0.023578405380249023,
    "matrix_size": 10,
    "qubo_matrix": [
      [
        -144.14090700889113,
        9.292051621858775,
        18.58410324371755,
        37.1682064874351,
        4.6460258109293875,
        4.646025791849165,
        9.29205158369833,
        18.58410316739666,
        37.16820633479332,
        4.646025791849165
      ],
      [
        9.292051621858775,
        -278.9897623959235,
        37.1682064874351,
        74.3364129748702,
        9.292051621858775,
        9.29205158369833,
        18.58410316739666,
        37.16820633479332,
        74.33641266958664,
        9.29205158369833
      ],
      [
        18.58410324371755,
        37.1682064874351,
        -520.8113183044119,
        148.6728259497404,
        18.58410324371755,
        18.58410316739666,
        37.16820633479332,
        74.33641266958664,
        148.67282533917327,
        18.58410316739666
      ],
      [
        37.1682064874351,
        74.3364129748702,
        148.6728259497404,
        -892.9498106590834,
        37.1682064874351,
        37.16820633479332,
        74.33641266958664,
        148.67282533917327,
        297.34565067834654,
        37.16820633479332
      ],
      [
        4.6460258109293875,
        9.292051621858775,
        18.58410324371755,
        37.1682064874351,
        -144.14090700889113,
        4.646025791849165,
        9.29205158369833,
        18.58410316739666,
        37.16820633479332,
        4.646025791849165
      ],
      [
        4.646025791849165,
        9.29205158369833,
        18.58410316739666,
        37.16820633479332,
        4.646025791849165,
        -144.14056811190133,
        9.292051583866375,
        18.58410316773275,
        37.1682063354655,
        4.646025791933187
      ],
      [
        9.29205158369833,
        18.58410316739666,
        37.16820633479332,
        74.33641266958664,
        9.29205158369833,
        9.292051583866375,
        -278.9890846399363,
        37.1682063354655,
        74.336412670931,
        9.292051583866375
      ],
      [
        18.58410316739666,
        37.16820633479332,
        74.33641266958664,
        148.67282533917327,
        18.58410316739666,
        18.58410316773275,
        37.1682063354655,
        -520.8099629444071,
        148.672825341862,
        18.58410316773275
      ],
      [
        37.16820633479332,
        74.33641266958664,
        148.67282533917327,
        297.34565067834654,
        37.16820633479332,
        37.1682063354655,
        74.336412670931,
        148.672825341862,
        -892.9471005469522,
        37.1682063354655
      ],
      [
        4.646025791849165,
        9.29205158369833,
        18.58410316739666,
        37.16820633479332,
        4.646025791849165,
        4.646025791933187,
        9.292051583866375,
        18.58410316773275,
        37.1682063354655,
        -144.14056811190133
      ]
    ],
    "ansatze": [
      "twolocal",
      "alternating_ry_rz",
      "random_circuit"
    ],
    "histories_energy": [
      [
        [
          -934.6104817647754,
          -962.8632024977719,
          -990.2367760642477,
          -1038.3786390828332,
          -1035.0092175738796,
          -1043.0912925690955,
          -1066.0731833186687,
          -1055.814141178661,
          -1068.196562879548,
          -1052.0420968469675,
          -1073.7914900163594,
          -1071.5529659071035,
          -1075.635838193581,
          -1066.3255539044865,
          -1075.0206760285625,
          -1075.5552192029622,
          -1065.2668182877228,
          -1074.3598061796738,
          -1086.1267197827294,
          -1073.4571928575251,
          -1068.3134034885504,
          -1049.1688872671928,
          -1076.9918965908998,
          -1024.6622652371857,
          -1084.570233421516,
          -1064.4403988060644,
          -1073.0276574228906,
          -1055.3158264044748,
          -1012.0648219372888,
          -1068.3067418427545,
          -1076.616249832713,
          -1076.0385293697325,
          -1067.6053819565088,
          -1073.0669352753978,
          -1066.4510769625647,
          -1072.3439223446985,
          -1074.1021698542982,
          -1066.2428119333367,
          -1064.509908779431,
          -1067.3260204293547,
          -1068.9241134897595,
          -1086.9481411783947,
          -1090.326437056316,
          -1042.9676604896363,
          -1082.0188014967798,
          -1048.4723413118033,
          -1085.1552320056212,
          -1078.265080623616,
          -1055.6789808176436,
          -1076.8916159103378,
          -1065.6221548632634,
          -1074.740057395078,
          -1078.224669101903,
          -1080.289505841627,
          -1078.1079183371655,
          -1073.5473937836575,
          -1088.7193707709052,
          -1077.5262259411697,
          -1079.1046842639055,
          -1086.4911639364873,
          -1088.5762973120306,
          -1079.2105908342674,
          -1077.043445839162,
          -1090.1595672277124,
          -1087.2293996879523,
          -1081.3585321166788,
          -1083.53302037499,
          -1083.5896306430125,
          -1074.3968639069349,
          -1081.426067852576,
          -1087.2272585550436,
          -1076.152944796934,
          -1079.0157000700497,
          -1080.5814997546565,
          -1080.4507674978217,
          -1079.1177187505439,
          -1088.4287662561155,
          -1083.4240824217002,
          -1077.862438220282,
          -1078.5390718851932,
          -1082.853424248332,
          -1075.8578647533548,
          -1084.2748210358377,
          -1079.351258259424,
          -1074.4595617345412,
          -1088.4676181112916,
          -1078.835758232281,
          -1075.2923423110092,
          -1084.0872934659835,
          -1082.0934971547467,
          -1077.488742565676,
          -1082.717799714663,
          -1082.6760140469687,
          -1085.2959272841913,
          -1087.436931614212,
          -1081.8818176284597,
          -1074.3997243825333,
          -1075.024944690624,
          -1075.785812866391,
          -1079.7358726361226
        ]
      ],
      [
        [
          -964.8114455026,
          -952.5556299249341,
          -1061.3134091325194,
          -1037.5032557608688,
          -1079.6256400535972,
          -1061.4935331220959,
          -1081.182150559759,
          -1019.6632538691034,
          -1074.42194226669,
          -1080.6215728715788,
          -1071.0653113516846,
          -1081.4226420653865,
          -1025.7817132917935,
          -1079.8336548067718,
          -1067.004827544632,
          -1072.5702298442145,
          -1074.8310449017422,
          -1044.111488817744,
          -1088.3128119600094,
          -1082.42940468837,
          -1075.613029423318,
          -1083.2228760310866,
          -1125.2579324128922,
          -1102.0075929184627,
          -1132.1969538229623,
          -1132.9586586166226,
          -1135.273850045468,
          -1016.9103173584073,
          -1135.9465434955446,
          -1133.045914896372,
          -1130.698632871138,
          -1132.6659812636437,
          -1131.8403532488853,
          -1135.179018435953,
          -1128.2806035604106,
          -1130.4175007232184,
          -1135.1838455038553,
          -1133.5617222038425,
          -1133.1063641373014,
          -1136.481647858503,
          -1133.1753996406055,
          -1133.5077313014574,
          -1135.5899859526144,
          -1135.0366497475595,
          -1132.3999641187036,
          -1133.3503258034307,
          -1133.2378500336863,
          -1132.53999011413,
          -1138.7356755185974,
          -1135.8397306287723,
          -1136.511105960483,
          -1134.1707640899895,
          -1131.8377348386334,
          -1129.8843155252287,
          -1129.1920143283298,
          -1132.8450894783566,
          -1133.6545856726693,
          -1137.370298782114,
          -1134.5299851237903,
          -1132.502700865439,
          -1131.5513357975015,
          -1012.5365204938897,
          -1129.7155540933616,
          -1078.6791356568006,
          -1137.7624502762933,
          -1137.0376767046373,
          -1130.5705518649083,
          -1135.142757335071,
          -1134.4744836515545,
          -1071.2488748741841,
          -1135.3195914670177,
          -1070.2544326909203,
          -1136.6486547897998,
          -1131.8225668305943,
          -1134.0697501383454,
          -1133.3294804898574,
          -1132.5692650832998,
          -1132.994468370293,
          -1138.9769449460591,
          -1061.0958913049017,
          -1136.4549561418191,
          -1134.653548378376,
          -1138.698377240628,
          -1065.7384627064719,
          -1137.872930426439,
          -1139.8064207208222,
          -1142.2986916708592,
          -1070.1965336334772,
          -1140.3527634797192,
          -1025.714046253373,
          -1137.1320976421666,
          -1097.2699303409197,
          -1138.8709069704926,
          -1045.2416422650201,
          -1136.6468558019014,
          -1081.8382432616193,
          -1145.0139399861441,
          -1044.99184457628,
          -1144.6135906532472,
          -1085.9531095363207
        ]
      ],
      [
        [
          -1011.5818191210435,
          -1033.1357617068074,
          -1041.4278519834347,
          -1004.9968847383341,
          -1063.3578841386054,
          -1055.365825516671,
          -1057.2230485384218,
          -1056.4846860350924,
          -1050.597272559006,
          -1037.074888990973,
          -1037.0925408867056,
          -1048.9602132948892,
          -1078.5869019870247,
          -1052.3730789456831,
          -1072.5138906103136,
          -1081.4210188209872,
          -1063.9772208833506,
          -1087.483910547791,
          -1051.9804026352872,
          -1053.4577052702514,
          -1089.883945116606,
          -1084.1365702029154,
          -1015.168170495003,
          -1054.1696108443448,
          -1069.280929479598,
          -1075.1763096718553,
          -1071.8336021935768,
          -1064.8979374270784,
          -1081.5663997376848,
          -1076.3229635169223,
          -1090.463304125297,
          -1091.819001997922,
          -1082.3368295099008,
          -1074.7237535321499,
          -1087.402352322332,
          -1091.375097190257,
          -1084.0748502081226,
          -1086.2978044374051,
          -1078.4174970537965,
          -1089.385178698374,
          -1081.1766103352377,
          -1082.7133455466092,
          -1083.7946129743293,
          -1086.511952199047,
          -1088.568146308258,
          -1082.2163344205853,
          -1091.3263119578378,
          -1079.6902501879713,
          -1092.5639421142075,
          -1093.9094755427693,
          -1081.80098672518,
          -1083.7807450987384,
          -1092.5904580991312,
          -1085.4938880200755,
          -1084.5955676689855,
          -1091.5187747582806,
          -1087.5188068443788,
          -1085.1609307861163,
          -1092.296915366744,
          -1087.2680142424845,
          -1077.9923137940953,
          -1085.9226044236775,
          -1091.5134662381283,
          -1084.4529796211955,
          -1086.5358607578416,
          -1085.3375232970652,
          -1080.0084765628903,
          -1089.3811806930396,
          -1088.4017955308034,
          -1083.521915338281,
          -1080.8773896190185,
          -1087.9480837313852,
          -1084.274598331322,
          -1075.2351390402887,
          -1084.423118824879,
          -1087.603471527165,
          -1077.7781827565916,
          -1080.1634406205092,
          -1078.6898205196244,
          -1087.9308909567237,
          -1089.0022561175754,
          -1084.5625120102384,
          -1088.1811954964726,
          -1083.1034420190738,
          -1091.16340547467,
          -1083.8665855617899,
          -1082.1759539925722,
          -1085.7276998969503,
          -1094.1750530941688,
          -1082.2005161212987,
          -1082.40852119327,
          -1105.2842543835884,
          -1099.6780837994197,
          -1067.3761807118985,
          -1100.901402489345,
          -1087.4816831364674,
          -1112.1802994530437,
          -1104.340806237198,
          -1075.673041745541,
          -1097.35370488759
        ]
      ]
    ]
  }
]