[
  {
    "vqe2_energy": [
      -1029.272422795799,
      -942.9850492538665,
      -1041.2314137082362
    ],
    "vqe2_vector": [
      [
        0,
        1,
        1,
        1,
        0,
        0,
        0,
        1,
        0,
        0
      ],
      [
        0,
        0,
        0,
        0,
        1,
        1,
        0,
        0,
        1,
        1
      ],
      [
        1,
        1,
        0,
        0,
        0,
        0,
        0,
        1,
        1,
        0
      ]
    ],
    "vqe2_min_error": [
      1.5437029181378459,
      9.79762587935138,
      0.39975119457379416
    ],
    "vqe2_params": [
      [
        7.0924300132907545,
        6.332552119032782,
        6.193489145655312,
        6.137458249525093,
        3.4138980766824765,
        2.4654500694073027,
        3.367483729158741,
        2.7746664498099394,
        1.5076036571060978,
        5.353659197623875,
        6.93946632332811,
        1.7796748148587516,
        3.10374774346045,
        3.871849464220751,
        5.652729191772137,
        4.08914442400728,
        0.41646579657533606,
        1.7569918985526898,
        4.771325591379784,
        3.6978254409235634,
        5.805361477271009,
        6.116279291158712,
        2.513516949321847,
        6.362507287966536,
        3.3182655238228556,
        3.8666868324243526,
        6.156190092764215,
        0.10290942812760703,
        1.792881624833127,
        5.900014687870446,
        2.0401870420275325,
        2.33921731774026,
        3.753303937480112,
        2.6445602600623066,
        0.39043339233810254,
        5.581214269075864,
        2.181207140413523,
        -0.0436827654581777,
        4.623179242562108,
        3.4846177520768595
      ],
      [
        4.382199264382753,
        2.5054840837489225,
        1.659095251726434,
        0.7107794934235585,
        5.862373947404628,
        2.9168053789827475,
        7.01212495680053,
        4.814995808313507,
        3.061833875827836,
        6.09819762320204,
        0.2667759772955849,
        6.899780333279232,
        2.6679441549081786,
        1.9689995097504662,
        1.3412266765484706,
        5.094835755750691,
        2.8994086607692746,
        5.754634475961626,
        4.057739084803306,
        5.594412082665207,
        1.6371359197421602,
        -0.27985136105012526,
        5.779885017925624,
        1.9719660813987532,
        0.9878148308940793,
        6.456088711981387,
        1.6759330961201464,
        0.6732807825225023,
        4.803578859453943,
        4.927929182519128,
        4.199271751821484,
        2.7399473055869383,
        3.6163995535266524,
        3.8822836028648364,
        2.505449264522898,
        0.5863065515103923,
        1.48583887076298,
        1.2468766153533917,
        2.777904083336795,
        5.484545789045093,
        2.8360074986657056,
        5.769508840148683,
        4.211603368310255,
        1.6958639367858679,
        2.929969940889733,
        5.016060865910845,
        4.103220948631451,
        0.2033642325551124,
        0.7120859767551304,
        1.2481581447616572,
        5.4101892088275845,
        4.506564329623421,
        2.4318352809989703,
        4.8667025231930285,
        0.8165658113625658,
        6.189061589640702,
        4.390987274372873,
        0.7790271075012107,
        3.6779807780387275,
        2.301763267855188
      ],
      [
        3.4410552003642527,
        4.90744825355303,
        4.541199183729573,
        2.702836506267767,
        0.6549423383478403,
        2.1749096862471617,
        6.126368099970424,
        3.3773128239708896,
        1.9165344064874243,
        2.9522844162848747,
        2.2753332629318006,
        2.5966805573333898,
        3.692641657793073,
        4.946934862695533,
        0.20812050773553473,
        4.962317716659333,
        1.240091108118237,
        2.95794775557662,
        5.949883705746258,
        4.600052796558545,
        5.8966151442065415,
        1.6243785994364945,
        2.6107730256812243,
        0.7983505506150165,
        1.9462304216281563,
        4.967166089116481,
        5.334682190360533,
        4.520397821283356,
        4.1387898770716465,
        1.2550808939530573,
        2.9861469902578555,
        2.807109806994006,
        2.710390990439899,
        0.8926504995029368,
        5.61513359581377,
        1.7875558202083928,
        2.735076384136625,
        2.439984615805258,
        0.32916691554908045,
        0.27611803254542194,
        4.987616722108313,
        5.901741563515358,
        4.929903242370715,
        5.483638796110347,
        3.460940108831016,
        1.395431195608398,
        2.494863445097815,
        5.523881374751653,
        0.6667567552776701,
        4.17593574778677,
        5.294697820265223,
        2.8096737765938706,
        5.9063562824556515,
        7.212302835294255,
        5.3494646863249455,
        6.183695615611474,
        4.639500870037282,
        5.8089813596391,
        1.4025609413812776,
        1.778614711852258,
        2.031936701288186,
        3.2907762600264063,
        4.94042090036761,
        0.6246983994515277,
        0.784308487329628,
        1.3788041622818574,
        0.3892605601463973,
        5.953813248196086,
        5.066399686277303,
        0.5622532359128413,
        1.5337276862333091,
        4.056155058608303,
        0.3401483287133168,
        2.729068486317112,
        5.823429033192504,
        4.425338163997614,
        2.4521502616840953,
        4.118517223174306,
        3.5688044822884244,
        5.107472937634075,
        2.8197464009256894,
        5.4983535647814215,
        1.605632490780171,
        1.4091588027361375,
        2.162361477148086,
        3.0138557017257,
        3.8330402899528915,
        3.2360641884611505,
        0.4901668247617134,
        0.02962101077158317
      ]
    ],
    "vqe2_time": [
      11.359486818313599,
      30.23221755027771,
      35.763593435287476
    ],
    "solution_vector": [
      0,
      0,
      0,
      0,
      0,
      1,
      1,
      1,
      1,
      1
    ],
    "solution_min_energy": -1045.4104544882523,
    "solution_time": 0.02317047119140625,
    "matrix_size": 10,
    "qubo_matrix": [
      [
        -126.50029478189003,
        8.15515741214363,
        16.31031482428726,
        32.62062964857452,
        4.077578706071815,
        4.077578850011554,
        8.155157700023109,
        16.310315400046218,
        32.620630800092435,
        4.077578850011554
      ],
      [
        8.15515741214363,
        -244.84543215163643,
        32.62062964857452,
        65.24125929714904,
        8.15515741214363,
        8.155157700023109,
        16.310315400046218,
        32.620630800092435,
        65.24126160018487,
        8.155157700023109
      ],
      [
        16.31031482428726,
        32.62062964857452,
        -457.07023465469837,
        130.48251859429809,
        16.31031482428726,
        16.310315400046218,
        32.620630800092435,
        65.24126160018487,
        130.48252320036974,
        16.310315400046218
      ],
      [
        32.62062964857452,
        65.24125929714904,
        130.48251859429809,
        -783.6579507150987,
        32.62062964857452,
        32.620630800092435,
        65.24126160018487,
        130.48252320036974,
        260.9650464007395,
        32.620630800092435
      ],
      [
        4.077578706071815,
        8.15515741214363,
        16.31031482428726,
        32.62062964857452,
        -126.50029478189003,
        4.077578850011554,
        8.155157700023109,
        16.310315400046218,
        32.620630800092435,
        4.077578850011554
      ],
      [
        4.077578850011554,
        8.155157700023109,
        16.310315400046218,
        32.620630800092435,
        4.077578850011554,
        -126.5018527597782,
        8.155159913901658,
        16.310319827803315,
        32.62063965560663,
        4.077579956950829
      ],
      [
        8.155157700023109,
        16.310315400046218,
        32.620630800092435,
        65.24126160018487,
        8.155157700023109,
        8.155159913901658,
        -244.84854560565475,
        32.62063965560663,
        65.24127931121326,
        8.155159913901658
      ],
      [
        16.310315400046218,
        32.620630800092435,
        65.24126160018487,
        130.48252320036974,
        16.310315400046218,
        16.310319827803315,
        32.62063965560663,
        -457.0764515557029,
        130.48255862242652,
        16.310319827803315
      ],
      [
        32.620630800092435,
        65.24126160018487,
        130.48252320036974,
        260.9650464007395,
        32.620630800092435,
        32.62063965560663,
        65.24127931121326,
        130.48255862242652,
        -783.6703444889793,
        32.62063965560663
      ],
      [
        4.077578850011554,
        8.155157700023109,
        16.310315400046218,
        32.620630800092435,
        4.077578850011554,
        4.077579956950829,
        8.155159913901658,
        16.310319827803315,
        32.62063965560663,
        -126.5018527597782
      ]
    ],
    "ansatze": [
      "twolocal",
      "alternating_ry_rz",
      "random_circuit"
    ],
    "histories_energy": [
      [
        [
          -876.4104521758641,
          -879.0092665379958,
          -893.455240824492,
          -898.2727679588728,
          -900.3558217967686,
          -910.5383014805946,
          -904.333096121325,
          -855.3613179302314,
          -921.7639040643554,
          -931.7453244520292,
          -934.1036557900293,
          -934.4504846044302,
          -931.1097170491827,
          -925.5620164687697,
          -924.6409540691927,
          -935.5998239432936,
          -933.7377391046875,
          -929.0892688082089,
          -931.1081602728025,
          -928.9254951658079,
          -928.6256434437112,
          -926.0858454883817,
          -935.503276913016,
          -944.1004416633111,
          -944.1328886098586,
          -943.1321375360449,
          -930.0218072281289,
          -947.330030151415,
          -938.2616408603492,
          -945.265730525304,
          -955.1438169518821,
          -942.7654687104209,
          -948.432645649555,
          -963.2297027949934,
          -954.4069625675555,
          -947.4370469003412,
          -953.3464637499169,
          -951.3792833583909,
          -952.9526616796788,
          -946.3532146996517,
          -949.7755298883079,
          -964.4098990691157,
          -964.5357036209919,
          -952.8851570957861,
          -954.5183395808107,
          -870.9964749324336,
          -975.3107806221449,
          -971.0698138287177,
          -982.1225596857192,
          -988.1285359736751,
          -987.8884076121125,
          -987.8331998442522,
          -983.6705946140224,
          -978.1686038026515,
          -987.701851312371,
          -970.9994932335912,
          -977.4702107348861,
          -973.7628558625354,
          -987.8595119016838,
          -986.9764910240374,
          -979.9683617477971,
          -988.3991734309383,
          -971.9216792413703,
          -890.1682991589126,
          -1014.8477129461844,
          -1014.3389490401096,
          -1016.9814557855935,
          -1015.8215144866206,
          -1013.7824633235745,
          -1020.6682303477614,
          -1012.8438312896893,
          -1013.4831253973557,
          -1024.2116728266385,
          -1017.3736207095749,
          -1020.0308028427129,
          -1012.9856687719805,
          -1022.5517190915024,
          -1020.7358351146851,
          -1019.948038270343,
          -1020.9017177984867,
          -1020.5854171128734,
          -1019.8696494402805,
          -1014.3883499360613,
          -996.8940875785912,
          -1012.6102383221213,
          -1004.0112323249839,
          -1024.8186130353313,
          -1015.3916008229303,
          -1019.3820446950963,
          -1014.4035974148504,
          -1018.6840807577095,
          -1022.8778803497378,
          -1016.2080681412067,
          -1022.415375919452,
          -1024.1841472111157,
          -1016.2927560803232,
          -1021.0593689673757,
          -1022.6875203504646,
          -1023.5305540109632,
          -1025.4517532645036
        ]
      ],
      [
        [
          -776.4363964260945,
          -781.3789436979282,
          -840.9277045852863,
          -800.7909540948644,
          -851.7076732358129,
          -867.664210421187,
          -845.739205891867,
          -800.8218319665228,
          -849.6798520215106,
          -851.3067694094048,
          -869.466782007299,
          -868.3787619562207,
          -913.9347326387647,
          -906.9104974481505,
          -911.3549782521617,
          -919.2528643966331,
          -903.7784354720411,
          -923.3498526146382,
          -923.0031994028895,
          -907.1188482401882,
          -916.2018771776869,
          -912.6672030815295,
          -878.8343075376733,
          -910.9139967249339,
          -896.403463261025,
          -915.8411920686096,
          -906.9226955970533,
          -916.8292687290113,
          -907.3564429041544,
          -908.4204954138967,
          -910.3357261695605,
          -908.2978060124275,
          -921.5129064931623,
          -920.3101370583406,
          -915.5829368242443,
          -914.422397824821,
          -915.3226014485709,
          -910.8513988290279,
          -914.1232349249219,
          -911.950459725836,
          -908.838053952206,
          -921.4044498921862,
          -909.9477204995603,
          -914.4386993811049,
          -919.7443331050383,
          -906.8235348701294,
          -913.1512350472447,
          -914.4256496061951,
          -922.8035870963222,
          -920.2907564943707,
          -921.524051735078,
          -913.7816554449679,
          -916.1110158814187,
          -910.1341381656484,
          -900.1184367496766,
          -915.8150653903286,
          -917.6551858420839,
          -904.2049453569142,
          -914.5948196806696,
          -911.5080799420871,
          -910.3926974392793,
          -905.565602418492,
          -912.956589798374,
          -857.477396453158,
          -914.1284785121846,
          -927.3080110106773,
          -920.598263861458,
          -933.3071355608652,
          -922.766466999055,
          -928.9275138037198,
          -936.8266055670063,
          -938.9178388155434,
          -931.931355206025,
          -862.7234250167709,
          -939.0284692457842,
          -946.2643619386492,
          -941.4339909027844,
          -868.4839054430045,
          -944.4431196354802,
          -840.7073980987481,
          -936.9967773633052,
          -943.1549889260956,
          -941.6200114778512,
          -932.4237884904599,
          -940.0546487839822,
          -948.019085434497,
          -942.6244079741625,
          -946.0216370976542,
          -948.2182479984781,
          -932.9782947461459,
          -949.2484959151466,
          -949.990144291258,
          -956.6672926392537,
          -935.3660215130633,
          -939.7810239822513,
          -937.0923111877855,
          -944.7832457870957,
          -934.0016728854206,
          -945.335714141146,
          -948.5752781117524
        ]
      ],
      [
        [
          -813.8794464390458,
          -880.5071338262499,
          -852.8041579037625,
          -888.8209794228806,
          -900.9047989988575,
          -876.3839553369917,
          -864.0250678232356,
          -913.2686517678801,
          -877.575181887752,
          -895.0829031971238,
          -894.2345522191372,
          -909.4350464526153,
          -863.2644582132241,
          -891.9383516126665,
          -899.5146615969994,
          -903.5873653982856,
          -887.5937823158631,
          -905.1791132422308,
          -909.0047042877083,
          -913.4000183522298,
          -917.7647138139007,
          -922.2281009181271,
          -901.2945570897484,
          -914.8034852774267,
          -913.4038512025318,
          -917.963345476113,
          -914.4405843189285,
          -910.3051312835908,
          -919.4493227415682,
          -921.0012455475132,
          -919.2459052214951,
          -923.9184230936683,
          -912.6062708989266,
          -923.0504408817874,
          -916.5699455859734,
          -924.761066197309,
          -913.9493249075649,
          -915.0864397777477,
          -927.9434900681945,
          -916.8288213373531,
          -923.1942860905646,
          -911.5006875774498,
          -910.7700595217277,
          -929.9368681655342,
          -919.0273782662982,
          -920.3593701796818,
          -921.2437540652055,
          -918.9304812384165,
          -916.1383380839895,
          -927.6734524757882,
          -919.9566889731107,
          -915.2593096087242,
          -923.1769228308654,
          -926.2891531759577,
          -930.9525431063088,
          -926.2463428278672,
          -921.906757337645,
          -926.0867371029825,
          -917.0043171201346,
          -919.9666174632191,
          -915.9269155659549,
          -916.9638370036712,
          -931.2269381545227,
          -924.6250488816163,
          -909.7453894682862,
          -925.8360800897618,
          -915.362296415825,
          -921.4094925594584,
          -921.3280787853188,
          -925.4020427575374,
          -922.184517620873,
          -918.7804791413025,
          -925.7599283357101,
          -931.1666515149435,
          -915.8625976674034,
          -918.5290396984283,
          -924.9014000965581,
          -912.789571572919,
          -922.8553156325105,
          -926.4399432873852,
          -919.4226806036118,
          -910.468106343942,
          -924.7238420618719,
          -927.4546713147138,
          -921.6997000641574,
          -913.0511464862161,
          -915.2680945842889,
          -924.786998469252,
          -919.1506778561887,
          -923.0876153367925,
          -920.468679880235,
          -919.0543986442666,
          -920.8768951205743,
          -873.7986606984051,
          -914.0199909640294,
          -896.6032071814003,
          -903.1711079195171,
          -907.115202135412,
          -906.7195373985692,
          -915.5754142328705
        ]
      ]
    ]
  }
]