[
  {
    "vqe2_energy": [
      -1081.409631812995,
      -1060.0945612207038,
      -990.7358311206558
    ],
    "vqe2_vector": [
      [
        1,
        0,
        1,
        1,
        0,
        0,
        0,
        1,
        0,
        1
      ],
      [
        0,
        0,
        1,
        1,
        0,
        1,
        1,
        1,
        0,
        0
      ],
      [
        0,
        0,
        1,
        0,
        0,
        1,
        1,
        1,
        0,
        0
      ]
    ],
    "vqe2_min_error": [
      1.543157942378981,
      3.4837866153767494,
      9.798545920163937
    ],
    "vqe2_params": [
      [
        0.5158006612952885,
        2.9403296669669783,
        2.6092742650406064,
        2.5523774924063534,
        2.0793561420196416,
        4.580070703153917,
        2.3814340167441794,
        0.10891611995244987,
        2.0486047184678324,
        0.3077897497235074,
        2.8580507228473566,
        2.7125156340407552,
        1.0768422644632996,
        2.3511913128586133,
        5.397704141124215,
        2.8609299761155924,
        -0.015600399789452601,
        3.64853144058115,
        2.0241182667132924,
        3.6989114228711135,
        2.789743314411991,
        3.461573837187002,
        6.469080273965937,
        3.9109904881564943,
        3.566849419727889,
        3.6358173323602703,
        5.284092178469405,
        3.1410502902898205,
        2.003826060589878,
        2.119457165112651,
        1.78469299305277,
        4.7784470569555975,
        0.45450122090385453,
        5.11090080532247,
        1.664400915864973,
        5.841610157166035,
        0.8850517956127163,
        -0.1814921316756107,
        2.8138945404254567,
        4.429860721488709
      ],
      [
        4.933802530658797,
        4.775164657747943,
        1.7979994744206766,
        6.583082034719654,
        1.578899406903632,
        1.212629158951115,
        3.8751458247538944,
        2.3012042568158257,
        1.2961305609558182,
        6.6765043643822795,
        1.198427578157109,
        5.423508753507639,
        2.0805745130776225,
        2.4654850933258152,
        3.275860589892851,
        6.244323286026323,
        4.002880776351327,
        4.373782407355667,
        1.1698178277595557,
        2.366946295411529,
        6.00540170276892,
        4.049160369720753,
        3.448622541722774,
        3.9091618784316875,
        4.952830734648133,
        6.053885425153519,
        3.4307277591820933,
        4.446864730030495,
        3.0514823953940575,
        4.898606848224315,
        1.4234757798255337,
        4.867937256747451,
        5.1154322760832205,
        0.033010445337493644,
        2.3469497032642828,
        3.8314209835200965,
        5.383106262199538,
        0.0468838803748604,
        0.8199580233518045,
        4.738956538798278,
        3.0010454483871616,
        2.1715178411862737,
        5.13321059933247,
        3.8200170352457654,
        5.185571554189914,
        2.8677149894477347,
        2.770823892021891,
        3.8126885676897095,
        0.3197777077150507,
        2.441883416557329,
        1.0449084176509027,
        0.628443321521001,
        1.4609851690042277,
        0.4558260060291059,
        4.618903085341569,
        4.473020321577661,
        5.102830753671261,
        3.0915084878861614,
        1.1028042385267667,
        4.123745365755356
      ],
      [
        3.782821285073305,
        6.58349427125946,
        6.474880796823994,
        2.0824766612159027,
        4.577770199820224,
        2.27594707970274,
        3.2743916244647964,
        2.370154640312856,
        5.785556285389143,
        2.6667818927349582,
        2.6534394918507536,
        2.816042944752634,
        1.4686783370262053,
        3.608881791678602,
        4.470233213596194,
        0.8956979101467158,
        2.3939418056057282,
        5.577694025292913,
        2.319329744248102,
        1.7488107995473776,
        6.061776312275149,
        1.0164443902966573,
        0.2285675057652297,
        4.797580597860129,
        3.8682092832597172,
        3.4881860227363544,
        3.070437798282256,
        1.8637115018555488,
        3.4191464007364085,
        5.653862897034402,
        3.9547882319482004,
        2.085772947696383,
        5.785039418228674,
        1.2825298003182581,
        5.690968956734078,
        2.706090249092363,
        0.1552476807946951,
        4.614753163266877,
        2.400028867991485,
        1.4269833655442445,
        3.5358251263751033,
        1.519117727998865,
        1.9462866798735134,
        5.1888399812799975,
        0.012000439028778526,
        5.278514207081198,
        3.1157587031348712,
        4.877547026310195,
        2.410775704148613,
        4.724312348960993,
        1.5202196639169294,
        0.8229270532080372,
        3.231604892106727,
        4.78105775616206,
        2.9647703839467288,
        5.642219757170315,
        1.0003669404378355,
        0.33909425667925636,
        1.90366703025658,
        0.7043708937811392,
        3.118385269660902,
        0.40526992367549564,
        4.529760908658517,
        3.3092135659299093,
        3.9760472857830975,
        2.1594968215206394,
        1.8457540466990465,
        5.816929828373129,
        0.5952670414036756,
        0.10194662031362361,
        5.92590686691849,
        1.2278536483888287,
        3.9632074853618717,
        2.3977394447914153,
        2.4022903905298407,
        4.2964242727134,
        1.0622347082972412,
        1.0699367674457907,
        4.968000724975587,
        6.4368521117003725,
        5.754709992587684,
        2.7559670678571813,
        1.078236985439849,
        4.823109101278497,
        1.7466731315211694,
        5.463124260285464,
        4.382834486157493,
        4.050137045747634,
        4.349366990983515,
        2.6816556874483033
      ]
    ],
    "vqe2_time": [
      21.66729426383972,
      28.789390802383423,
      25.537675619125366
    ],
    "solution_vector": [
      0,
      0,
      0,
      0,
      0,
      1,
      1,
      1,
      1,
      1
    ],
    "solution_min_energy": -1098.359046677639,
    "solution_time": 0.023096084594726562,
    "matrix_size": 10,
    "qubo_matrix": [
      [
        -132.90593525970297,
        8.568006493250955,
        17.13601298650191,
        34.27202597300382,
        4.284003246625478,
        4.284003235558199,
        8.568006471116398,
        17.136012942232796,
        34.27202588446559,
        4.284003235558199
      ],
      [
        8.568006493250955,
        -257.243864026155,
        34.27202597300382,
        68.54405194600764,
        8.568006493250955,
        8.568006471116398,
        17.136012942232796,
        34.27202588446559,
        68.54405176893118,
        8.568006471116398
      ],
      [
        17.13601298650191,
        34.27202597300382,
        -480.21570207930614,
        137.08810389201528,
        17.13601298650191,
        17.136012942232796,
        34.27202588446559,
        68.54405176893118,
        137.08810353786237,
        17.136012942232796
      ],
      [
        34.27202597300382,
        68.54405194600764,
        137.08810389201528,
        -823.343300266597,
        34.27202597300382,
        34.27202588446559,
        68.54405176893118,
        137.08810353786237,
        274.17620707572473,
        34.27202588446559
      ],
      [
        4.284003246625478,
        8.568006493250955,
        17.13601298650191,
        34.27202597300382,
        -132.90593525970297,
        4.284003235558199,
        8.568006471116398,
        17.136012942232796,
        34.27202588446559,
        4.284003235558199
      ],
      [
        4.284003235558199,
        8.568006471116398,
        17.136012942232796,
        34.27202588446559,
        4.284003235558199,
        -132.9074945390528,
        8.568007216226714,
        17.13601443245343,
        34.27202886490686,
        4.284003608113357
      ],
      [
        8.568006471116398,
        17.136012942232796,
        34.27202588446559,
        68.54405176893118,
        8.568006471116398,
        8.568007216226714,
        -257.2469818618789,
        34.27202886490686,
        68.54405772981372,
        8.568007216226714
      ],
      [
        17.136012942232796,
        34.27202588446559,
        68.54405176893118,
        137.08810353786237,
        17.136012942232796,
        17.13601443245343,
        34.27202886490686,
        -480.2219348588509,
        137.08811545962743,
        17.13601443245343
      ],
      [
        34.27202588446559,
        68.54405176893118,
        137.08810353786237,
        274.17620707572473,
        34.27202588446559,
        34.27202886490686,
        68.54405772981372,
        137.08811545962743,
        -823.3557542580744,
        34.27202886490686
      ],
      [
        4.284003235558199,
        8.568006471116398,
        17.136012942232796,
        34.27202588446559,
        4.284003235558199,
        4.284003608113357,
        8.568007216226714,
        17.13601443245343,
        34.27202886490686,
        -132.9074945390528
      ]
    ],
    "ansatze": [
      "twolocal",
      "alternating_ry_rz",
      "random_circuit"
    ],
    "histories_energy": [
      [
        [
          -931.3666437303223,
          -933.2145386872113,
          -906.812744952585,
          -928.006714211612,
          -923.1980809004875,
          -930.563288563565,
          -927.0889688501597,
          -898.2092538842445,
          -918.8275771607509,
          -936.7952485075856,
          -931.0423083997351,
          -935.7602989834648,
          -949.470188791883,
          -963.7270039957923,
          -953.051186974883,
          -953.1817524370279,
          -949.658988020102,
          -943.7048453065887,
          -952.756680040872,
          -953.9914291477515,
          -959.7456459114658,
          -961.9363269942239,
          -966.6600949951342,
          -986.0558603242558,
          -966.2219241643406,
          -964.631990492435,
          -981.8279059833523,
          -965.822741835427,
          -980.9618274216604,
          -984.031539898836,
          -975.6630214654026,
          -982.908934086092,
          -974.0524112821047,
          -971.8179751974453,
          -986.5692549233052,
          -969.1353661049341,
          -974.4292950161555,
          -973.0145473064069,
          -975.6154688724755,
          -976.6661373022124,
          -977.1175738027339,
          -1002.5621524459037,
          -1008.8437869992941,
          -993.5900355202878,
          -978.9876541634632,
          -1014.85268650292,
          -1011.5334031355972,
          -1010.7003046303751,
          -990.2578749129555,
          -1018.5848676864794,
          -1015.734840797856,
          -1010.9893407730343,
          -1017.6289127258442,
          -1010.5394945142999,
          -1018.0825742371472,
          -1019.1704060756485,
          -1020.0635733733516,
          -1022.5338573607694,
          -1019.4976310491439,
          -1026.049061909347,
          -1027.4965115943457,
          -1018.9601830053945,
          -1021.7284841140614,
          -1003.8702855584172,
          -1019.7424251050813,
          -1026.3271514728326,
          -1028.6984193057544,
          -1028.1056308721236,
          -1023.0002915328855,
          -1029.3172211615308,
          -1022.1999335140515,
          -1025.7852666139047,
          -1033.5340473815534,
          -1029.2902080379843,
          -1036.218517815174,
          -1034.5498394935512,
          -1034.8735277901933,
          -1037.8099003730147,
          -1035.9526400962595,
          -1034.6932218334882,
          -1036.2315689621337,
          -1036.2194442064176,
          -1027.0901678061152,
          -1038.7768363888035,
          -982.2732560736581,
          -1027.5556223166284,
          -1004.7668388518182,
          -1034.5584906556537,
          -1021.0627614955697,
          -1030.72364048214,
          -1031.6798230934958,
          -1037.598944490311,
          -1031.6622701529175,
          -1032.567355641573,
          -1038.902085029959,
          -1033.3580586926466,
          -1027.5791729574364,
          -1033.8969741758312,
          -1036.2077380323503,
          -1032.7137123546117
        ]
      ],
      [
        [
          -958.1012446087825,
          -946.408401346727,
          -954.2226926181988,
          -972.5545382551214,
          -974.1539402222562,
          -960.9983463731878,
          -970.5839853543367,
          -967.1711648159826,
          -909.5693181894303,
          -955.7591963275479,
          -954.3273742214416,
          -959.0332833985509,
          -946.7394284668748,
          -973.7015608040133,
          -961.5519280474181,
          -967.9407720099188,
          -970.5808656728997,
          -861.7327376035284,
          -948.2650854763399,
          -959.7454725136662,
          -965.1680271353858,
          -963.000088550583,
          -949.0549954779469,
          -920.6799998126868,
          -972.3494460678115,
          -968.4131907386502,
          -958.181507520331,
          -998.832957893298,
          -983.0088746660246,
          -1011.4586215857715,
          -1000.14798812433,
          -1010.223381758011,
          -1002.712915468078,
          -1005.9089276641719,
          -999.2145402269789,
          -1006.3881237616158,
          -1004.7321952020696,
          -1003.829124870123,
          -1007.2772898911161,
          -996.904310699111,
          -1005.133583851311,
          -996.1513776685878,
          -1012.1061397115498,
          -1003.7822259227269,
          -1013.938951967862,
          -1006.6998001214216,
          -1008.0784875952452,
          -1009.087499072329,
          -1002.4544557908796,
          -1007.467100872847,
          -1003.3628084996963,
          -995.9368024204989,
          -1008.2028558076182,
          -997.8962546789724,
          -1008.3714397163192,
          -1006.2678242938389,
          -1001.8382664932694,
          -1000.3976019643127,
          -1004.1898849199501,
          -998.7308263614359,
          -1002.4620043985177,
          -963.7843509174526,
          -1004.1499814452951,
          -999.668474585187,
          -965.3935020217175,
          -1015.1700415492357,
          -1008.0406755507377,
          -952.1752622089813,
          -981.2943753854297,
          -1002.5537173126353,
          -1001.1431661303078,
          -995.5632484329074,
          -1014.197216832353,
          -1017.8832799600731,
          -1017.1158494764179,
          -1023.9704375025292,
          -1025.0634360391034,
          -1023.2313987345846,
          -1021.1727563796553,
          -1019.2596420506039,
          -1002.1286036778503,
          -961.5140363794621,
          -1021.1392597522257,
          -1020.7302983100433,
          -1020.7875697193542,
          -1025.3571717918933,
          -1021.9473689853091,
          -1022.4040453836396,
          -1038.65434920291,
          -997.8047480232157,
          -1039.319077838686,
          -1038.9528593327618,
          -1044.7189245317036,
          -1042.5879209205327,
          -1037.0501669790974,
          -1040.148481582135,
          -1040.9613056675073,
          -1040.5045652611973,
          -1036.4496241872253,
          -1039.1250912694463
        ]
      ],
      [
        [
          -877.8548053942271,
          -877.5484490845499,
          -909.3598114032918,
          -924.0254429366364,
          -922.1052689330961,
          -928.5297097244204,
          -905.8872416334062,
          -914.699844047608,
          -909.4404654855032,
          -912.6647338129189,
          -941.8599098283157,
          -923.0696706348152,
          -931.8414650119735,
          -914.1332243109523,
          -916.0479395161276,
          -923.5854133304225,
          -935.9918611042629,
          -920.950261699145,
          -937.9674997628553,
          -940.5387367809439,
          -941.0808000587392,
          -940.4611806493047,
          -888.8754091656886,
          -914.6359321542665,
          -941.6305996023517,
          -934.6090465773035,
          -935.0832610252479,
          -888.3888290955803,
          -890.6935828972149,
          -945.8982523583484,
          -933.7202745919786,
          -950.2744304860656,
          -932.5493135410654,
          -932.3934279754882,
          -946.6428558790718,
          -941.071862480939,
          -944.8369328361532,
          -934.0268682230839,
          -951.0703696711123,
          -946.6916015067291,
          -938.1764030492699,
          -934.6207487173131,
          -942.8977430061386,
          -944.2358683740416,
          -948.6756641660947,
          -943.228569065167,
          -934.1030040694828,
          -937.0181079397498,
          -942.6866408610052,
          -941.4994902526645,
          -940.1136701526749,
          -934.9516513081487,
          -938.1077678621197,
          -940.398073562173,
          -932.3039287618192,
          -934.2926961344102,
          -940.9629906972509,
          -937.7588168868714,
          -936.2557592030528,
          -935.6935295789476,
          -938.4335106444165,
          -943.8775454146221,
          -931.1708593499399,
          -952.7367076247015,
          -949.0921309587841,
          -941.1962921722047,
          -946.2483816284046,
          -947.4873783059472,
          -941.8991975790647,
          -939.2250117211036,
          -926.8513004968949,
          -932.4631257615265,
          -948.4974025753124,
          -950.9916357757842,
          -946.0198581017954,
          -947.0169715772689,
          -946.2428935615698,
          -950.5039941269177,
          -929.9565478571483,
          -946.8493114181584,
          -957.4022044795382,
          -940.1743368482623,
          -948.8917275677812,
          -929.4796130169168,
          -945.3095074643596,
          -933.0502376657283,
          -938.632813979885,
          -938.3013259481827,
          -939.0240606574986,
          -942.7502057938547,
          -935.9207539826044,
          -959.030611720273,
          -957.8876426280648,
          -960.799918231306,
          -950.8794878436998,
          -946.7194788207845,
          -960.4248719142264,
          -947.7893981585962,
          -958.8810300943812,
          -913.3052058520749
        ]
      ]
    ]
  }
]