[
  {
    "vqe2_energy": [
      -855.1088397739029,
      -735.4607263257705,
      -824.8690071770645
    ],
    "vqe2_vector": [
      [
        0,
        1,
        1,
        0,
        1,
        1,
        0,
        0,
        1,
        0
      ],
      [
        1,
        0,
        1,
        0,
        1,
        1,
        1,
        1,
        1,
        1
      ],
      [
        0,
        0,
        0,
        1,
        1,
        0,
        0,
        1,
        0,
        0
      ]
    ],
    "vqe2_min_error": [
      0.00011777845326799152,
      13.992251523681642,
      3.536485966253422
    ],
    "vqe2_params": [
      [
        6.347530833335193,
        2.3111187133899893,
        5.6559841075378525,
        2.8085261326899342,
        6.887415556539228,
        2.4336900504489694,
        1.095624793188509,
        4.3815067976374005,
        -0.06064385690534068,
        4.0494100685180285,
        5.585614288034926,
        5.912710417552926,
        4.013712478948646,
        1.1816834180241669,
        4.757046092792706,
        5.844737541880891,
        6.950027168696881,
        3.2700156726175975,
        5.257618403813699,
        5.467519271851475,
        1.0016440932710733,
        0.7819793701635662,
        5.850760975593755,
        3.3229985314519443,
        2.9717796171607223,
        0.5845839762342238,
        6.299761089563735,
        1.3826159633237134,
        4.650909473468185,
        1.0291011271975505,
        4.110616936806337,
        3.9195794238559167,
        2.6872657431227847,
        2.642919084067755,
        3.9124225430108366,
        0.9785611275167193,
        0.5200731729495891,
        3.0566365362176366,
        2.7513240282745395,
        1.4555384823570354
      ],
      [
        3.1990647088732493,
        2.2181745112045204,
        3.5055174650886687,
        2.517761617954439,
        6.231803830899046,
        2.4093691630436815,
        6.600800098815613,
        2.651613162093541,
        0.9814620320263016,
        2.226766464235778,
        2.5710339237906186,
        5.400155210267982,
        5.675131277733563,
        1.403978286440836,
        5.9496037509682695,
        4.391354151709047,
        6.758711151865637,
        2.765927101989279,
        2.008706888086181,
        5.73269714912752,
        1.730099918233965,
        1.7642003921458933,
        1.2966380137385893,
        0.15803255721817622,
        4.011911868098193,
        2.285827891836659,
        5.50398777193118,
        3.4856497330546365,
        5.605651721203689,
        1.270443287908809,
        3.9222505748715575,
        2.7552478297784577,
        1.0831898314252013,
        0.028981653392696947,
        5.45623083802605,
        6.884072988049866,
        3.503730144276929,
        5.050442940251173,
        0.7086573516955227,
        3.29654396905482,
        5.6087654646207685,
        0.14846794987456627,
        1.1397434844730927,
        0.020087691797378904,
        4.671523936611593,
        0.33559810549397506,
        0.7491158998982994,
        1.4313723655572321,
        0.09942375765188116,
        3.3238725431962153,
        3.2276732773798225,
        0.41325947362787857,
        5.063742770707468,
        0.4706233820775511,
        0.9581048655113598,
        1.9049249923577922,
        6.144787235457866,
        5.879825880450584,
        1.8085519930610927,
        3.6508414642391744
      ],
      [
        2.1127204009722704,
        4.497721972873888,
        1.000946097303245,
        3.545160446194505,
        4.147710941063524,
        4.597168473254117,
        1.852543721007811,
        5.737106254276436,
        3.6686419200013365,
        2.2743689464096484,
        2.9146125566965453,
        5.616352481720431,
        1.3940022999311674,
        0.40659735070642633,
        2.040540525734654,
        3.87020404693285,
        3.180521739285347,
        5.819889210639626,
        5.13488626484784,
        5.078917073279421,
        4.008232451381361,
        5.792517922235112,
        1.9847814881624886,
        0.6725942551859907,
        5.664818206298521,
        1.3907229357065554,
        1.3943788129959698,
        1.5787724381344217,
        0.5161158443885837,
        6.004980987193972,
        5.607032287191742,
        0.8685509721660318,
        2.5645630890363598,
        4.770155191083751,
        5.623355003507731,
        3.611280595344272,
        3.5122343805400362,
        2.0506352943776385,
        0.490090710142955,
        3.0971170630397693,
        5.377392723257388,
        0.5592549306587321,
        5.106797172758716,
        2.7747077426293125,
        5.478921159434167,
        5.612301532626417,
        4.489114024931462,
        5.4527852410584865,
        2.459400320654567,
        4.922837001926637,
        0.48294352727996837,
        4.5698460952397735,
        2.7222188848308946,
        5.403240015738356,
        5.107924239229439,
        5.258978045554213,
        4.30556922303545,
        2.3114204643994265,
        1.1916388927658343,
        4.305842014470254,
        4.125462923596044,
        0.6937216877086376,
        0.2755715161753619,
        5.125948217718787,
        2.303388451163345,
        5.355321687379925,
        3.67442857896654,
        4.409829269745678,
        3.615367448583277,
        1.1311938864080537,
        0.16288402999786608,
        5.410803096365418,
        2.9984069106530797,
        0.6168498067129374,
        2.343773061323855,
        1.4346078929005388,
        5.579530828118916,
        3.8997082515301345,
        0.3703761936695441,
        4.38294603444112,
        1.1758183026468754,
        1.4212248535539378,
        0.7447319291935491,
        0.7678289207060426,
        3.468968396693377,
        1.915269808122052,
        4.179741640980966,
        0.29277218844784986,
        0.3730095120333236,
        0.9465493974279955
      ]
    ],
    "vqe2_time": [
      15.89892864227295,
      25.744718551635742,
      31.843204975128174
    ],
    "solution_vector": [
      1,
      0,
      1,
      1,
      1,
      0,
      1,
      0,
      0,
      0
    ],
    "solution_min_energy": -855.1098469090543,
    "solution_time": 0.023637771606445312,
    "matrix_size": 10,
    "qubo_matrix": [
      [
        -103.47999830931754,
        6.671415325094223,
        13.342830650188446,
        26.685661300376893,
        3.3357076625471116,
        3.335707616404748,
        6.671415232809496,
        13.342830465618992,
        26.685660931237983,
        3.335707616404748
      ],
      [
        6.671415325094223,
        -200.28858129354083,
        26.685661300376893,
        53.371322600753786,
        6.671415325094223,
        6.671415232809496,
        13.342830465618992,
        26.685660931237983,
        53.371321862475966,
        6.671415232809496
      ],
      [
        13.342830650188446,
        26.685661300376893,
        -373.8915012867048,
        106.74264520150757,
        13.342830650188446,
        13.342830465618992,
        26.685660931237983,
        53.371321862475966,
        106.74264372495193,
        13.342830465618992
      ],
      [
        26.685661300376893,
        53.371322600753786,
        106.74264520150757,
        -641.040357371902,
        26.685661300376893,
        26.685660931237983,
        53.371321862475966,
        106.74264372495193,
        213.48528744990386,
        26.685660931237983
      ],
      [
        3.3357076625471116,
        6.671415325094223,
        13.342830650188446,
        26.685661300376893,
        -103.47999830931754,
        3.335707616404748,
        6.671415232809496,
        13.342830465618992,
        26.685660931237983,
        3.335707616404748
      ],
      [
        3.335707616404748,
        6.671415232809496,
        13.342830465618992,
        26.685660931237983,
        3.335707616404748,
        -103.47985345091907,
        6.671415220989292,
        13.342830441978585,
        26.68566088395717,
        3.335707610494646
      ],
      [
        6.671415232809496,
        13.342830465618992,
        26.685660931237983,
        53.371321862475966,
        6.671415232809496,
        6.671415220989292,
        -200.28829168084886,
        26.68566088395717,
        53.37132176791434,
        6.671415220989292
      ],
      [
        13.342830465618992,
        26.685660931237983,
        53.371321862475966,
        106.74264372495193,
        13.342830465618992,
        13.342830441978585,
        26.68566088395717,
        -373.89092247774056,
        106.74264353582868,
        13.342830441978585
      ],
      [
        26.685660931237983,
        53.371321862475966,
        106.74264372495193,
        213.48528744990386,
        26.685660931237983,
        26.68566088395717,
        53.37132176791434,
        106.74264353582868,
        -641.0392014196524,
        26.68566088395717
      ],
      [
        3.335707616404748,
        6.671415232809496,
        13.342830465618992,
        26.685660931237983,
        3.335707616404748,
        3.335707610494646,
        6.671415220989292,
        13.342830441978585,
        26.68566088395717,
        -103.47985345091907
      ]
    ],
    "ansatze": [
      "twolocal",
      "alternating_ry_rz",
      "random_circuit"
    ],
    "histories_energy": [
      [
        [
          -788.6217181428788,
          -771.1350628023196,
          -779.7481068371964,
          -755.339767366699,
          -782.9080142117813,
          -793.0717986994791,
          -785.1646335726058,
          -775.5598855535329,
          -776.0134549390723,
          -764.5330390244484,
          -792.8957315984885,
          -791.4535022739481,
          -791.9302915035574,
          -788.8857829867167,
          -791.5765033226382,
          -788.4020844571286,
          -792.6544832835174,
          -797.135795640799,
          -781.3633923622333,
          -792.0176134665866,
          -793.8313050606987,
          -787.5540703429964,
          -776.0439036934406,
          -800.5839461177908,
          -795.9241214524883,
          -795.4223183225473,
          -793.1128308862756,
          -781.8804701058425,
          -762.5398149313074,
          -795.5706388057054,
          -796.4696975145966,
          -798.3911387777673,
          -798.3846097464722,
          -793.0940667123274,
          -792.7622447887953,
          -794.5788252543111,
          -798.3892098640871,
          -798.6515055120781,
          -796.682242584989,
          -795.6622673222089,
          -795.4937307956146,
          -790.8597165131366,
          -794.5359449544247,
          -789.9964562817889,
          -801.0709497066825,
          -797.9503805927399,
          -796.9063176168204,
          -795.9736433547823,
          -807.7371749322349,
          -801.3923778174309,
          -805.2046908669219,
          -805.5652708096271,
          -805.9895217913631,
          -808.3043246671356,
          -804.7140602049931,
          -807.2798055821459,
          -817.0731579417825,
          -816.823585335015,
          -802.8663747964356,
          -818.630441718132,
          -822.1173475320367,
          -818.7067131071327,
          -820.7279944350664,
          -819.6923180167662,
          -811.4763993622705,
          -818.274017225308,
          -825.5685739135231,
          -825.7196311825265,
          -826.9384935221827,
          -821.400792895327,
          -822.7811762609023,
          -824.6437608060266,
          -824.524116514206,
          -826.0486042459175,
          -825.8641379679481,
          -825.1150234136276,
          -824.5008477023927,
          -823.0348266379025,
          -822.1101155673977,
          -823.2382685850866,
          -822.0783773834888,
          -823.7731151199928,
          -822.8419317749092,
          -823.8544972144014,
          -818.4332628269507,
          -822.1509890415156,
          -810.5230261897319,
          -824.755301877772,
          -825.501138948608,
          -827.24906753663,
          -827.8667489317643,
          -825.7053781232643,
          -827.8333583628432,
          -826.4101347994489,
          -828.4195035713393,
          -827.1590437869796,
          -820.4515291216173,
          -830.6371967887457,
          -829.7895230119619,
          -829.6385311527428
        ]
      ],
      [
        [
          -635.5190674533869,
          -626.3920446669504,
          -694.6543728940404,
          -704.1625639295601,
          -702.5418540583919,
          -703.5845408188927,
          -705.1024902566256,
          -728.7879452938489,
          -720.4973790072048,
          -723.3331920714978,
          -730.188554108423,
          -725.6211653804969,
          -710.9475970036075,
          -722.5457042884641,
          -709.2734134481473,
          -728.519042931494,
          -721.6803430480918,
          -739.3219085152218,
          -748.9420029377814,
          -749.759273303028,
          -757.792152124654,
          -753.7817336770374,
          -752.9359837641996,
          -725.9881415897386,
          -741.1793432630275,
          -749.8924190617565,
          -754.2403645350912,
          -730.2099041288722,
          -764.6368824189261,
          -766.4424025405638,
          -767.5903721049591,
          -770.9429567200876,
          -769.7172703599165,
          -765.4497216789009,
          -769.1936288161984,
          -768.0236892893041,
          -761.8061351971945,
          -772.8352867906059,
          -760.5959210773748,
          -767.5574720998292,
          -768.4218942484595,
          -766.1760434116468,
          -765.7319481010887,
          -773.7448912774588,
          -763.616389551983,
          -773.9066471591285,
          -766.228346669166,
          -763.3721587800347,
          -766.5625809445015,
          -770.4290432854067,
          -773.5150579640049,
          -768.2637789558065,
          -764.0174749345463,
          -771.621253197189,
          -769.526691213896,
          -772.2872015574803,
          -767.6038916832993,
          -765.5657556337446,
          -763.6318691880971,
          -768.4829189606817,
          -763.9743685757139,
          -770.6683800109283,
          -771.1876660962539,
          -758.9869422496016,
          -755.1585669254637,
          -757.8011581542095,
          -760.2502205562445,
          -762.4086744580342,
          -763.1206854207235,
          -757.571369601582,
          -769.1130685523201,
          -774.9674356694151,
          -774.3813348340882,
          -738.4450360316655,
          -760.2031320894813,
          -768.3296817854796,
          -761.1356280566529,
          -767.8018051817677,
          -766.909897365599,
          -729.2704247979404,
          -759.7384521414571,
          -755.7804889579912,
          -768.5884595590671,
          -731.6715903364498,
          -755.6282104050292,
          -756.9630204898538,
          -782.3723333487164,
          -772.2869694176072,
          -781.0548771211669,
          -781.2719875662957,
          -778.0296269638307,
          -785.0225824386077,
          -781.5124240159885,
          -779.5633048114498,
          -784.6337650071076,
          -783.4552198050454,
          -778.4793168497798,
          -783.9562238738879,
          -780.9137343638979,
          -779.3627285331826
        ]
      ],
      [
        [
          -728.626752378191,
          -721.2403084221033,
          -739.3591335486317,
          -727.9596063758761,
          -715.6486213765212,
          -728.8529547224662,
          -731.5133763356583,
          -726.1024556631058,
          -746.029330066849,
          -745.438760271169,
          -735.9815002778672,
          -748.30126184945,
          -733.337654898357,
          -738.7356035654689,
          -737.0630607069421,
          -739.6232367312969,
          -731.1864793280189,
          -740.858134851974,
          -749.3861689300421,
          -737.3964900674611,
          -742.1172486345793,
          -746.1667485573744,
          -707.3180692054189,
          -742.8972200059851,
          -739.1434189706099,
          -732.607726879241,
          -744.8268793614478,
          -732.6709106476344,
          -743.0399237756445,
          -730.438054118762,
          -734.9386755824274,
          -734.4851896229889,
          -744.5682226930757,
          -732.7645834292268,
          -744.5808568071749,
          -738.8971178285663,
          -738.3239195581459,
          -737.6941324533115,
          -737.4897757857424,
          -747.3192552883364,
          -732.6198753840728,
          -736.9755796755231,
          -740.1372031590467,
          -736.9379446643449,
          -737.9799938704496,
          -742.17856400498,
          -736.6091235268532,
          -742.9450233732532,
          -734.3202327377275,
          -730.8469090537694,
          -733.2199011674977,
          -746.372174762216,
          -748.3008630113036,
          -739.5041762884638,
          -739.7220067073566,
          -742.9761108333038,
          -738.2418600333857,
          -743.6316307213445,
          -733.4990983725584,
          -728.7746071405469,
          -739.8661520478865,
          -739.858032751892,
          -743.5485932077762,
          -742.4116973108916,
          -743.309723043809,
          -735.8208699579145,
          -739.1089191054023,
          -734.6255789200924,
          -741.2183118912898,
          -729.9282892177832,
          -746.552812657708,
          -738.8734241274302,
          -740.7787621441834,
          -748.9800809589099,
          -747.0986116376251,
          -741.4476599883693,
          -730.3052664261527,
          -744.3155519964466,
          -732.2209136781516,
          -733.9146644714182,
          -735.7094752361643,
          -737.6589080218546,
          -729.6784435812611,
          -737.8568311538742,
          -745.4549621790532,
          -744.4537976484341,
          -735.6812593222846,
          -735.3980248486033,
          -743.877053112967,
          -740.2457426927987,
          -744.2070787707173,
          -746.7768175682297,
          -735.3961388676574,
          -751.412559693046,
          -748.379053613818,
          -752.2233621231682,
          -738.0353073917116,
          -750.2921719459911,
          -760.1158531082685,
          -752.731765394635
        ]
      ]
    ]
  }
]