[
  {
    "vqe2_energy": [
      -1191.2062869967792,
      -1186.4468311572505,
      -1186.4447994859781
    ],
    "vqe2_vector": [
      [
        1,
        0,
        0,
        1,
        1,
        0,
        1,
        1,
        0,
        0
      ],
      [
        0,
        1,
        0,
        1,
        1,
        1,
        1,
        0,
        0,
        1
      ],
      [
        0,
        0,
        1,
        0,
        1,
        0,
        1,
        0,
        1,
        0
      ]
    ],
    "vqe2_min_error": [
      0.00022745982981575708,
      0.39932270350739874,
      0.39949325968358096
    ],
    "vqe2_params": [
      [
        5.474673811021439,
        4.138435476205948,
        3.951781856544941,
        6.29234568320313,
        3.1900843778139762,
        1.2754420044756218,
        6.46055426625166,
        3.7309463287878892,
        0.6238347206265199,
        0.3333739779356062,
        2.110461890100122,
        3.473308553538803,
        6.7685898600459184,
        5.274220732821183,
        3.7011640731044246,
        2.5893148826061987,
        0.2500549930460666,
        2.9015293978315717,
        4.9957019980742965,
        1.2931013182540407,
        5.616791622292825,
        2.696027716439047,
        1.7584209795719323,
        3.496494866872571,
        3.5538050083900403,
        1.8466370391885596,
        3.172196269201261,
        3.631459533544141,
        0.8362464115720688,
        4.39126489111772,
        6.02405787071739,
        2.2080402393910625,
        1.1834803974149024,
        1.9511396670844003,
        2.587915146944197,
        3.4166020474364824,
        3.0177157437467983,
        6.909546445963312,
        2.858906431313612,
        4.163890303415612
      ],
      [
        4.982595322834278,
        0.6063780110353951,
        5.594515029674535,
        6.229748419664145,
        6.359153961509299,
        1.9010765865294745,
        7.473192654219017,
        0.029714039822389356,
        0.7479415200839444,
        4.219834546271577,
        2.344539855858253,
        1.20159014946615,
        3.927059437085704,
        2.524165029170532,
        1.7380121146784517,
        1.4491804927041732,
        5.1909929396779795,
        3.064782191924297,
        3.7505306983155977,
        0.24328668495609107,
        5.316368568214306,
        5.301879740189448,
        4.167288623832552,
        5.950926236559976,
        1.3287105034797104,
        5.69366727780478,
        1.960122606241857,
        3.0038985234122673,
        0.5036440083130163,
        1.0484860944014893,
        2.811746386083441,
        4.275710830288061,
        5.008297795167126,
        4.786325621599204,
        5.140536657702398,
        4.719568189386427,
        5.446961442962424,
        4.21757477934294,
        0.47636259872948217,
        4.991588362544052,
        4.200752858497135,
        5.155575174049519,
        4.72199592218113,
        3.050606677023981,
        4.440678278078921,
        3.042810328052887,
        5.995527681711634,
        2.00469671133597,
        4.4240300279889855,
        4.427924653925617,
        4.2301594541881515,
        3.624113193511956,
        5.908149411090174,
        4.570952031389529,
        5.021500036210173,
        2.8903827586960267,
        6.2081927089856555,
        3.255687492583912,
        5.509694422356626,
        1.816584272129395
      ],
      [
        6.0221337237005,
        4.102491718844339,
        4.277653964393177,
        4.15579423740623,
        1.514820158960053,
        4.544842060304214,
        5.972103331313615,
        1.3877065383219083,
        1.9272542796635914,
        5.593992251060058,
        2.0155604752835177,
        6.686676118426215,
        3.0506747196300057,
        4.3160396811869255,
        -0.07243467008178514,
        7.074708423054673,
        0.6126566234860538,
        5.615600573452027,
        7.12331854169281,
        5.6963811310043955,
        1.098622334655356,
        2.4566246448476483,
        3.518531072320763,
        1.4228073341873988,
        4.077512709339603,
        0.20977710123023824,
        4.384190749871164,
        3.1393142155653213,
        5.792062509047017,
        5.994291630279758,
        4.907617580396385,
        2.79352430872958,
        4.083674262290012,
        4.933349940669859,
        1.9611819509421407,
        5.950270650353877,
        5.49081960470036,
        4.084675166707,
        1.5840496724130113,
        0.8602995233732752,
        1.9970966921113422,
        2.168261154456044,
        5.867370360757985,
        0.40971230762165256,
        0.4066627894899658,
        2.8376908988220366,
        3.8960996199852427,
        4.431029217179969,
        4.9864820389616575,
        0.2235765718976313,
        5.274719515758705,
        5.867842277454368,
        4.351692851028882,
        4.574683428973086,
        1.968599370167477,
        5.566163112340709,
        2.540466753505896,
        4.8082840254452,
        5.675169507216078,
        2.229035356340473,
        4.537860303120183,
        2.639450473925362,
        5.60117893739588,
        2.8644591066279372,
        4.000827833135659,
        3.2715914430913275,
        0.1753042870002898,
        5.21141023192442,
        0.859181367836779,
        2.7940705707994407,
        3.2423988720734367,
        5.870896176155787,
        5.353704973945948,
        0.30290136066984896,
        1.0710761314689228,
        5.305170650889322,
        3.5758237391579506,
        2.3299777033699134,
        1.5891708937523863,
        3.9502943714854055,
        0.9321327470607255,
        3.272821749701694,
        4.463059139031759,
        1.031649111800802,
        5.17982920324795,
        5.746592228949711,
        2.7025032005935468,
        6.054831083206693,
        5.938382045532104,
        1.0616182389416968
      ]
    ],
    "vqe2_time": [
      13.990989685058594,
      14.443275690078735,
      30.34881830215454
    ],
    "solution_vector": [
      1,
      0,
      0,
      0,
      1,
      0,
      1,
      1,
      1,
      0
    ],
    "solution_min_energy": -1191.203577487149,
    "solution_time": 0.023702383041381836,
    "matrix_size": 10,
    "qubo_matrix": [
      [
        -144.14090700889113,
        9.292051621858775,
        18.58410324371755,
        37.1682064874351,
        4.6460258109293875,
        4.646025791849165,
        9.29205158369833,
        18.58410316739666,
        37.16820633479332,
        4.646025791849165
      ],
      [
        9.292051621858775,
        -278.9897623959235,
        37.1682064874351,
        74.3364129748702,
        9.292051621858775,
        9.29205158369833,
        18.58410316739666,
        37.16820633479332,
        74.33641266958664,
        9.29205158369833
      ],
      [
        18.58410324371755,
        37.1682064874351,
        -520.8113183044119,
        148.6728259497404,
        18.58410324371755,
        18.58410316739666,
        37.16820633479332,
        74.33641266958664,
        148.67282533917327,
        18.58410316739666
      ],
      [
        37.1682064874351,
        74.3364129748702,
        148.6728259497404,
        -892.9498106590834,
        37.1682064874351,
        37.16820633479332,
        74.33641266958664,
        148.67282533917327,
        297.34565067834654,
        37.16820633479332
      ],
      [
        4.6460258109293875,
        9.292051621858775,
        18.58410324371755,
        37.1682064874351,
        -144.14090700889113,
        4.646025791849165,
        9.29205158369833,
        18.58410316739666,
        37.16820633479332,
        4.646025791849165
      ],
      [
        4.646025791849165,
        9.29205158369833,
        18.58410316739666,
        37.16820633479332,
        4.646025791849165,
        -144.14056811190133,
        9.292051583866375,
        18.58410316773275,
        37.1682063354655,
        4.646025791933187
      ],
      [
        9.29205158369833,
        18.58410316739666,
        37.16820633479332,
        74.33641266958664,
        9.29205158369833,
        9.292051583866375,
        -278.9890846399363,
        37.1682063354655,
        74.336412670931,
        9.292051583866375
      ],
      [
        18.58410316739666,
        37.16820633479332,
        74.33641266958664,
        148.67282533917327,
        18.58410316739666,
        18.58410316773275,
        37.1682063354655,
        -520.8099629444071,
        148.672825341862,
        18.58410316773275
      ],
      [
        37.16820633479332,
        74.33641266958664,
        148.67282533917327,
        297.34565067834654,
        37.16820633479332,
        37.1682063354655,
        74.336412670931,
        148.672825341862,
        -892.9471005469522,
        37.1682063354655
      ],
      [
        4.646025791849165,
        9.29205158369833,
        18.58410316739666,
        37.16820633479332,
        4.646025791849165,
        4.646025791933187,
        9.292051583866375,
        18.58410316773275,
        37.1682063354655,
        -144.14056811190133
      ]
    ],
    "ansatze": [
      "twolocal",
      "alternating_ry_rz",
      "random_circuit"
    ],
    "histories_energy": [
      [
        [
          -1023.2468313645093,
          -1044.1206742083507,
          -1019.8731490513482,
          -1043.4231940632499,
          -1051.3671792149066,
          -1056.822291495831,
          -1028.6249992984337,
          -1093.923988868297,
          -1066.0897158418334,
          -1078.6612758484084,
          -1089.2040224604648,
          -1098.557807404246,
          -1067.2982186189608,
          -1108.146732558171,
          -1111.9510316938556,
          -1100.1486468225387,
          -1097.3485437343388,
          -1103.4817342495194,
          -1095.907318817539,
          -1113.4145966333058,
          -1102.6462817565496,
          -1094.2344655521022,
          -1066.9669467355861,
          -1096.1773200783252,
          -1101.1548985861568,
          -1100.3023743854437,
          -1105.4794840205877,
          -1079.4231199048338,
          -1095.5820157204146,
          -1101.6074102392809,
          -1101.8251277084375,
          -1102.7552831089756,
          -1107.1843392542235,
          -1105.6844341683764,
          -1110.33614792255,
          -1110.4048364954901,
          -1106.440539912706,
          -1112.7789755230765,
          -1114.5323725836852,
          -1106.3725377490903,
          -1103.7684254160934,
          -1072.1558855026592,
          -1101.6620172438593,
          -1081.2334430311,
          -1084.0636431648077,
          -1068.036283014638,
          -1102.9400073470158,
          -1095.1608059044293,
          -1112.6315872865214,
          -1088.3964977156293,
          -1101.8729269287785,
          -1089.0770044819797,
          -1102.796526714637,
          -1094.8009029557932,
          -1091.9475944927935,
          -1127.0284582800232,
          -1126.7331131415594,
          -1129.1378597558696,
          -1121.1044845724155,
          -1122.315746200889,
          -1128.8919947942536,
          -1116.4269509741462,
          -1131.0711349859268,
          -1136.8882466838165,
          -1118.9521432911627,
          -1133.8092564406227,
          -1130.1416227983789,
          -1133.4826441298305,
          -1133.278787943292,
          -1129.568022812426,
          -1134.1803227982882,
          -1134.476004179007,
          -1132.579400706413,
          -1137.0057388720952,
          -1136.8852535618767,
          -1131.7304525467464,
          -1137.7574337585784,
          -1130.8931342050785,
          -1132.7703199613284,
          -1136.7123034353713,
          -1135.6368970130627,
          -1134.2809328680094,
          -1147.2583352298095,
          -1145.0519795613302,
          -1136.0885669814827,
          -1139.3573506851258,
          -1135.758362508582,
          -1143.358205134559,
          -1137.5675973399975,
          -1137.0695178130206,
          -1135.622886475182,
          -1145.5449104522097,
          -1144.0668430555927,
          -1141.240876566664,
          -1142.0980826825337,
          -1129.7539531333637,
          -1150.855826364781,
          -1145.9087588605737,
          -1146.8097944102717,
          -1140.4588305828795
        ]
      ],
      [
        [
          -1023.8677607265918,
          -1036.6257501223215,
          -1026.0964773092305,
          -1006.1879385602019,
          -1008.7553180002891,
          -1009.6179887697997,
          -1022.9991017669278,
          -1052.9701615062531,
          -1031.7785775860739,
          -1035.9079377127084,
          -1053.5062060831783,
          -1052.689402056882,
          -996.8565593528175,
          -1061.0078606495633,
          -1057.0131150925681,
          -1054.7636283324223,
          -1052.3600027203206,
          -1095.279714350448,
          -1083.9688264642696,
          -1101.3050789270656,
          -1101.0826885715385,
          -1090.9402040854918,
          -999.5579329680287,
          -1080.5527935798164,
          -1099.5670340134707,
          -1091.9153841556501,
          -1093.692317659656,
          -1089.1754456007386,
          -1114.4473695630913,
          -1109.65803756345,
          -1112.8237075646173,
          -1112.5520429709845,
          -1110.1640572150989,
          -1113.6860737776092,
          -1115.5704558497764,
          -1114.9405315918436,
          -1116.4423758694302,
          -1116.2369581323662,
          -1117.003934284173,
          -1113.2762211307443,
          -1116.1668084950384,
          -1110.411541349064,
          -1123.244437658262,
          -1120.0563520232204,
          -1108.2578232133023,
          -1116.515076883681,
          -1113.4301773713557,
          -1115.603993889621,
          -1116.9501336272974,
          -1117.7463138378203,
          -1109.9977904063805,
          -1115.5249654118902,
          -1107.9123429160234,
          -1110.8580298822435,
          -1110.0025295623134,
          -1116.8391983160843,
          -1118.2131757702566,
          -1115.4963678846327,
          -1100.7917232004158,
          -1117.7439277246733,
          -1109.7122617309367,
          -1045.4724756926446,
          -1113.931004724371,
          -1124.887875225298,
          -1130.9529234021468,
          -1113.064710254017,
          -1124.2044631916647,
          -1115.1356111933612,
          -1127.5204722269923,
          -1122.226919469134,
          -1136.5982436290064,
          -1108.7127264795013,
          -1132.473499683705,
          -1068.6611662921819,
          -1132.7629897309077,
          -1113.821169790242,
          -1132.5635057238437,
          -1120.0686417811482,
          -1123.6475263815692,
          -1129.285525408334,
          -1143.3271452632198,
          -1053.9360643077666,
          -1132.5482596407835,
          -1095.486679243927,
          -1143.3800745529147,
          -1149.2004684903918,
          -1138.184641815892,
          -1139.9486423843252,
          -1144.1635707626338,
          -1131.6319188968673,
          -1139.0314651124781,
          -1137.4621902216081,
          -1145.5407849883557,
          -1140.6986219858761,
          -1140.23609142426,
          -1144.011518175132,
          -1141.6733291400537,
          -1139.324423041927,
          -1142.1964415768502,
          -1145.7988741235051
        ]
      ],
      [
        [
          -833.8991418538999,
          -845.6103464803664,
          -849.0813856197674,
          -757.0777927013655,
          -852.7499855844602,
          -865.788267100526,
          -923.5912188083367,
          -875.9056555381285,
          -948.8739296601615,
          -926.9556333020993,
          -941.6430983329922,
          -933.1247864490724,
          -987.340118123866,
          -957.8893719486973,
          -986.6226563441373,
          -966.8763970774323,
          -991.6333938753104,
          -991.6122781759391,
          -984.7681375413878,
          -1008.468347715057,
          -987.8679502520965,
          -1013.2569290309323,
          -999.0054176988675,
          -1021.2418656281028,
          -1014.0264525428863,
          -1022.6994359997326,
          -1011.9282797173987,
          -1013.1660170198994,
          -1011.5175127836101,
          -1008.3080249757247,
          -1007.3062186957914,
          -1004.3657002821288,
          -1014.5649908943136,
          -1008.3772543343832,
          -1010.6849539969619,
          -1020.4349174022741,
          -1010.595813425279,
          -1015.9654001483574,
          -1009.2174947558026,
          -1017.787227391559,
          -1019.3428652468031,
          -1010.6457443813842,
          -998.5056999503612,
          -1022.9110950538893,
          -1008.2752720847948,
          -1016.9536205262016,
          -1014.7295504965035,
          -1026.0023145798052,
          -1020.5769028925386,
          -1015.3152424678248,
          -1009.427981443996,
          -1014.879037481944,
          -1019.4497496014773,
          -1001.8288573996391,
          -1018.6459830887513,
          -1003.4800488173727,
          -1009.8845964544655,
          -1013.6071347002481,
          -1007.002710450614,
          -1019.0639409624403,
          -1018.6753832278561,
          -1018.8104874326423,
          -1001.9272128659733,
          -1005.3866075575428,
          -1009.6819600320232,
          -1024.1694323655595,
          -1007.2223988978368,
          -1015.4585600068738,
          -1011.040290319139,
          -1000.9688648492405,
          -1005.2196058907526,
          -996.4929710832557,
          -1013.0006896957644,
          -1019.0756866676404,
          -1016.3390758578084,
          -1020.3732177806792,
          -1020.4696915342013,
          -1017.3751088023135,
          -1006.8862655402112,
          -1000.5655632003459,
          -993.0623112641049,
          -1002.1684094793758,
          -1017.4485449428263,
          -1018.6560735613848,
          -1022.5692449123494,
          -1021.6852998532664,
          -1018.4110509480428,
          -1008.3895643673847,
          -1014.6031264910578,
          -1008.4976148984111,
          -1008.3777044514505,
          -1034.622697017309,
          -1017.0997605315436,
          -1022.428192570953,
          -1029.4502753813292,
          -1018.3284656652623,
          -1029.7750008955902,
          -1029.110246345365,
          -1022.559183439601,
          -1028.3729678271313
        ]
      ]
    ]
  }
]