[
  {
    "vqe2_energy": [
      -777.1745952503435,
      -768.2339338289394,
      -767.978697615489
    ],
    "vqe2_vector": [
      [
        1,
        0,
        1,
        0,
        0,
        0,
        1,
        0,
        1,
        0
      ],
      [
        1,
        0,
        1,
        1,
        0,
        1,
        0,
        1,
        0,
        0
      ],
      [
        0,
        0,
        0,
        1,
        0,
        0,
        1,
        1,
        0,
        0
      ]
    ],
    "vqe2_min_error": [
      0.3983021566374867,
      1.5441258400887614,
      1.5768365853526145
    ],
    "vqe2_params": [
      [
        2.9443993514032876,
        5.137541744211964,
        3.210343551850357,
        1.7698589545261987,
        3.5783968547714973,
        2.94381585311036,
        3.3711635992210898,
        6.192360502453831,
        4.173407637192785,
        6.688467674569237,
        0.030071071061165734,
        6.169204755870045,
        3.6649448800599767,
        7.729478092122475,
        4.580186606595349,
        6.74859657709185,
        5.435764835289447,
        6.3491639276714915,
        4.319635709523587,
        5.735015332144577,
        3.0664935680697805,
        4.2794984402147325,
        3.466768221656903,
        1.4234629601977395,
        4.676835910622045,
        3.0254907122051375,
        3.4010501647316276,
        3.342718827220122,
        2.3376932687700047,
        1.9777858874279273,
        6.880600477280343,
        6.0362486980363546,
        2.8226084228122303,
        3.2868718926413836,
        0.7370893751440183,
        0.7741313365232714,
        -0.30190097138111716,
        1.399255094235316,
        4.604595302495117,
        4.800480703426034
      ],
      [
        3.033220509832492,
        0.5216934645188345,
        0.2570765684778519,
        1.4872881296281906,
        4.184105631767103,
        6.267227295106283,
        6.2765653424549965,
        0.3770304640562697,
        5.112462716120628,
        5.743420628183321,
        1.9752872087302797,
        6.613661832182424,
        4.065608130520547,
        3.82326052180346,
        1.996414953255139,
        3.0226627848594254,
        0.47335042761660184,
        4.197203792204486,
        2.908943379805048,
        1.2945968050096173,
        0.5717052169614023,
        5.387746254046327,
        5.45805568759092,
        3.3235631562190306,
        0.5961853868563941,
        2.2726178397932837,
        3.5862252931497416,
        1.3509798697606166,
        3.298266051842545,
        1.30796663140846,
        4.772270715048725,
        0.8837772463366674,
        1.046471457024667,
        6.184227575701367,
        0.5487596209244173,
        1.8885824972672818,
        5.291250481038556,
        4.053226413505224,
        1.254663027358061,
        1.6996693980564457,
        2.745202704177643,
        2.283849848491913,
        0.31329053746981017,
        2.709518234881012,
        5.251194568163915,
        4.252946375490049,
        1.1703031531517967,
        1.1404817403922853,
        4.580637383818836,
        6.0863594068519316,
        2.915348853905423,
        3.435379871721104,
        5.247937964544639,
        2.9661466471334874,
        1.126320246639831,
        3.3448777057715002,
        2.3052324982089134,
        1.6120823800654593,
        6.28866770995707,
        6.023858538453463
      ],
      [
        0.43381404021316383,
        3.4602626356869113,
        1.27034888622016,
        4.324287323030189,
        3.6240662148316627,
        3.580931517763327,
        5.077687036081948,
        3.2626674467381878,
        3.0623396743973816,
        2.6277732113594623,
        5.453848589329806,
        2.612146216421387,
        5.610153971240589,
        0.05360767413453879,
        3.210757259636713,
        2.74756788719775,
        3.1325612965563128,
        3.6299047014455743,
        4.728233518767775,
        2.95609843966626,
        7.158813513300884,
        1.8418085296171953,
        0.3676481554568897,
        1.3050115310153092,
        1.608704899919169,
        1.6738444908255317,
        2.593939294813472,
        5.865362222269076,
        4.651411073022462,
        4.010797730738856,
        4.122467874049764,
        2.4591592885412177,
        0.6109833358079125,
        3.6639225327352194,
        5.442438449062899,
        5.9849148577223445,
        1.0259509356801058,
        2.178740732649417,
        6.163502241117377,
        6.07857212662222,
        3.3867265777902995,
        4.929317048153427,
        0.7712928899410681,
        0.8138111685629464,
        2.892478649748619,
        2.731931663792576,
        5.581368951990049,
        0.2210536537351823,
        1.2202878371507684,
        5.737857670154471,
        2.997589766583602,
        2.7208842447173174,
        2.5910067813922804,
        1.0904947413822421,
        3.9637821575842076,
        6.051015307874217,
        4.1497408365064326,
        0.6364921231675892,
        6.039270935999688,
        4.987485641213014,
        4.9463098552299805,
        2.646428208899497,
        2.071106518043172,
        0.3601153044450991,
        2.003489606017948,
        2.121084948482636,
        2.561446128093445,
        0.9799512784209982,
        0.7397647244523312,
        5.967230577529578,
        0.06693336864835543,
        3.051853034061175,
        0.297263134879502,
        2.4941394820692278,
        4.526973634561742,
        2.640231635796395,
        0.24626421576969762,
        4.720406532809184,
        3.346893155436394,
        2.48088115318259,
        3.71900512036479,
        5.196009317806356,
        4.0940961367012445,
        0.9605281847638188,
        1.6613980700629736,
        1.365252591664202,
        3.396869221192034,
        5.469536011270741,
        1.6620144232826641,
        5.968081562263675
      ]
    ],
    "vqe2_time": [
      19.413209438323975,
      23.35791563987732,
      33.49139165878296
    ],
    "solution_vector": [
      0,
      0,
      0,
      0,
      0,
      1,
      1,
      1,
      1,
      1
    ],
    "solution_min_energy": -780.2824771848351,
    "solution_time": 0.02446913719177246,
    "matrix_size": 10,
    "qubo_matrix": [
      [
        -94.42744729859886,
        6.087976210194489,
        12.175952420388978,
        24.351904840777955,
        3.0439881050972444,
        3.043987887264638,
        6.087975774529276,
        12.175951549058553,
        24.351903098117106,
        3.043987887264638
      ],
      [
        6.087976210194489,
        -182.76691838700324,
        24.351904840777955,
        48.70380968155591,
        6.087976210194489,
        6.087975774529276,
        12.175951549058553,
        24.351903098117106,
        48.70380619623421,
        6.087975774529276
      ],
      [
        12.175952420388978,
        24.351904840777955,
        -341.1819319332285,
        97.40761936311182,
        12.175952420388978,
        12.175951549058553,
        24.351903098117106,
        48.70380619623421,
        97.40761239246842,
        12.175951549058553
      ],
      [
        24.351904840777955,
        48.70380968155591,
        97.40761936311182,
        -584.9562445033453,
        24.351904840777955,
        24.351903098117106,
        48.70380619623421,
        97.40761239246842,
        194.81522478493685,
        24.351903098117106
      ],
      [
        3.0439881050972444,
        6.087976210194489,
        12.175952420388978,
        24.351904840777955,
        -94.42744729859886,
        3.043987887264638,
        6.087975774529276,
        12.175951549058553,
        24.351903098117106,
        3.043987887264638
      ],
      [
        3.043987887264638,
        6.087975774529276,
        12.175951549058553,
        24.351903098117106,
        3.043987887264638,
        -94.42749516036115,
        6.08797871150786,
        12.17595742301572,
        24.35191484603144,
        3.04398935575393
      ],
      [
        6.087975774529276,
        12.175951549058553,
        24.351903098117106,
        48.70380619623421,
        6.087975774529276,
        6.08797871150786,
        -182.76701160921445,
        24.35191484603144,
        48.70382969206288,
        6.08797871150786
      ],
      [
        12.175951549058553,
        24.351903098117106,
        48.70380619623421,
        97.40761239246842,
        12.175951549058553,
        12.17595742301572,
        24.35191484603144,
        -341.18210837239747,
        97.40765938412576,
        12.17595742301572
      ],
      [
        24.351903098117106,
        48.70380619623421,
        97.40761239246842,
        194.81522478493685,
        24.351903098117106,
        24.35191484603144,
        48.70382969206288,
        97.40765938412576,
        -584.9565573606692,
        24.35191484603144
      ],
      [
        3.043987887264638,
        6.087975774529276,
        12.175951549058553,
        24.351903098117106,
        3.043987887264638,
        3.04398935575393,
        6.08797871150786,
        12.17595742301572,
        24.35191484603144,
        -94.42749516036115
      ]
    ],
    "ansatze": [
      "twolocal",
      "alternating_ry_rz",
      "random_circuit"
    ],
    "histories_energy": [
      [
        [
          -670.5302903147574,
          -659.9779622241047,
          -643.7554131803796,
          -669.7897566379933,
          -667.4110380800513,
          -669.444963640181,
          -660.8698017323223,
          -701.32018990913,
          -707.4625053437412,
          -706.8811710852884,
          -708.716714714753,
          -702.96005171628,
          -725.4193312201791,
          -722.4042835970524,
          -727.7323390105252,
          -727.6362687394295,
          -717.8350414708292,
          -734.5944048068166,
          -736.153914187004,
          -734.6208723285632,
          -732.6103978124928,
          -738.3630391680557,
          -685.4843409618765,
          -717.0525396687443,
          -737.1246891117061,
          -734.331970317187,
          -738.6949490049853,
          -745.83701347692,
          -737.6143130563294,
          -741.874066556082,
          -746.3278159520312,
          -750.5435635029916,
          -750.2222745511984,
          -751.9886903315386,
          -752.424504291959,
          -750.1507043742974,
          -747.5728524902167,
          -748.8216610022345,
          -746.671098227667,
          -750.2524564790117,
          -752.6117721844433,
          -745.6992553962551,
          -732.6889071943665,
          -723.5689698889171,
          -750.6024572476019,
          -750.1505195410386,
          -752.1732179696619,
          -750.3090759322868,
          -744.0538286172706,
          -708.1453002651351,
          -751.1638705899057,
          -757.8540138958912,
          -748.1036054818198,
          -756.3645112090835,
          -748.4463716322749,
          -729.5682508021035,
          -752.5209568348253,
          -759.2416211824377,
          -755.9610126634938,
          -758.8708977726058,
          -758.4071850027769,
          -749.6511889511737,
          -756.2310665425501,
          -745.1319123642477,
          -752.7814175846762,
          -751.797205936388,
          -761.794222741307,
          -756.1793632291641,
          -761.2619654579123,
          -749.4190440629003,
          -760.696775727146,
          -759.0179439908712,
          -760.4799909046557,
          -759.0588920696683,
          -759.7622994343031,
          -764.3752565988561,
          -763.3194365490267,
          -730.4758728226512,
          -762.5677839243548,
          -749.2206445980912,
          -764.7896388704476,
          -725.9408784793501,
          -758.1719523890401,
          -744.1871744456475,
          -766.651507971332,
          -722.0421115450467,
          -761.9859969114734,
          -735.9987638944564,
          -763.4697688038576,
          -762.870359458193,
          -760.8225701515116,
          -757.4025204194446,
          -763.5342928899393,
          -761.1908284832655,
          -764.8384500009757,
          -764.3838684936308,
          -761.2221312747936,
          -760.0980064383031,
          -766.8103067714935,
          -758.7493922631533
        ]
      ],
      [
        [
          -636.9240724798801,
          -645.7956829338394,
          -635.3192134038989,
          -631.583306500404,
          -641.2241687334579,
          -654.4608599882583,
          -655.717441303333,
          -652.0491195076366,
          -628.2869489743402,
          -672.8950903001405,
          -680.236999980775,
          -689.5765828320463,
          -704.4652710966466,
          -708.4931292003,
          -708.4853655838358,
          -709.7545692877578,
          -705.1394432077221,
          -602.8929290303174,
          -708.6678523976533,
          -709.2720010333077,
          -702.8581328203476,
          -709.510958503092,
          -684.588971278493,
          -711.2082972117662,
          -712.9060306078779,
          -711.8133639236676,
          -711.0211141434349,
          -721.755218691648,
          -708.2196395477451,
          -714.319271844081,
          -716.0032582534428,
          -712.0753352914003,
          -714.0539062051264,
          -710.3566520706682,
          -713.4561232983391,
          -713.3498794019562,
          -705.8837535785905,
          -718.658437962095,
          -710.4401336554411,
          -715.4722557420865,
          -706.4856945245109,
          -719.6507759369381,
          -711.6292097689548,
          -711.4612751518838,
          -708.9457203247891,
          -713.6207379122895,
          -714.6197532091805,
          -706.0216520513081,
          -716.4971402143005,
          -712.2408937319839,
          -711.1575847167102,
          -714.7244289369719,
          -710.9221654742112,
          -708.8477127262393,
          -709.675330576724,
          -710.9820072922024,
          -718.5691794829238,
          -715.5441577830176,
          -708.2301190934892,
          -715.9240871160788,
          -715.4818997881425,
          -669.295166467191,
          -707.7930288259219,
          -711.3189775434396,
          -731.389345652265,
          -709.7641036169481,
          -726.4423842845397,
          -719.2822664497464,
          -730.4998500227823,
          -730.1911506098303,
          -732.757551720754,
          -715.5515794522773,
          -733.2438268940878,
          -724.7509783780935,
          -731.6671525397629,
          -657.8393590489214,
          -727.2978621866276,
          -734.8592565446485,
          -739.5217361110009,
          -681.0712754177614,
          -742.0671916345069,
          -707.2088669293728,
          -736.8292896794711,
          -709.0512692898955,
          -736.5360701255573,
          -735.8496940794853,
          -736.1260869905578,
          -741.6749935901504,
          -738.6388632474233,
          -741.6150206905387,
          -735.085168308438,
          -744.6296137672228,
          -742.5354730850951,
          -729.23085707654,
          -739.8561062629485,
          -739.1545016558158,
          -742.0337293025962,
          -737.7516610569911,
          -747.0657949823574,
          -740.5194955420152
        ]
      ],
      [
        [
          -652.9347275665543,
          -641.0917442941079,
          -668.3410687947146,
          -657.3083533522652,
          -661.3311559778288,
          -660.4367925361348,
          -652.0275752480698,
          -642.1478997180207,
          -674.4390955157915,
          -662.3512675196164,
          -677.4774709237499,
          -664.3046879795683,
          -661.3664199959637,
          -663.2809927012619,
          -673.4671186331562,
          -650.4181576356247,
          -688.7779711079864,
          -615.8273758559359,
          -685.7946016522773,
          -683.3058760900495,
          -688.8476746326747,
          -692.0241558601798,
          -703.3025581994142,
          -688.4684133357484,
          -700.7460428130572,
          -700.8052206522126,
          -704.7620187070019,
          -649.1338075747734,
          -704.09824760512,
          -710.727488772664,
          -706.4031809256177,
          -707.1244133280226,
          -703.3906012325257,
          -708.1404933391132,
          -708.8256932602354,
          -710.8814565369767,
          -708.9722370767528,
          -710.1087523009036,
          -709.3389396055172,
          -708.7137327429607,
          -707.9797544551918,
          -705.2065873083759,
          -706.9969871770114,
          -705.5524186117209,
          -709.7841538102647,
          -709.0280990424567,
          -711.4621502195041,
          -709.5793382714993,
          -706.1256962235663,
          -707.5413560800204,
          -703.3971337583822,
          -705.405020558679,
          -707.9695350631696,
          -709.0792842171265,
          -703.1636842626426,
          -703.6312671558984,
          -711.4570497160714,
          -708.0258313875307,
          -707.476023656683,
          -707.3296705365626,
          -707.7021284968661,
          -705.6237101821541,
          -706.8473170789736,
          -706.103567545174,
          -708.8698726423582,
          -706.3858642588841,
          -703.998076868696,
          -698.5125101128104,
          -707.9201143139132,
          -709.0785332955837,
          -708.4860070472917,
          -708.1876646191276,
          -709.0150520468374,
          -705.972861873526,
          -709.3996691681195,
          -713.2501411678879,
          -708.4891769536371,
          -701.7501109970381,
          -707.463066806894,
          -701.0781147278217,
          -703.3652444877229,
          -709.9468759216115,
          -711.6140847183821,
          -701.9594344118137,
          -707.2033216151075,
          -699.4514969585124,
          -702.0845946675679,
          -703.1705892475613,
          -709.0308457820894,
          -706.2925798900908,
          -704.0595716832437,
          -707.413474285502,
          -691.4443606376942,
          -684.8272994180802,
          -702.5091767823512,
          -709.8710698075662,
          -703.6746480609038,
          -712.5037206614093,
          -701.2364583055796,
          -665.6961380993888
        ]
      ]
    ]
  }
]