[
  {
    "vqe2_energy": [
      -1041.2144474008446,
      -1041.214447400845,
      -1045.3982024025988
    ],
    "vqe2_vector": [
      [
        1,
        0,
        1,
        1,
        1,
        0,
        0,
        0,
        0,
        1
      ],
      [
        0,
        1,
        1,
        1,
        0,
        0,
        0,
        0,
        0,
        1
      ],
      [
        0,
        0,
        0,
        1,
        0,
        0,
        0,
        0,
        1,
        0
      ]
    ],
    "vqe2_min_error": [
      0.401374127204579,
      0.4013741272045346,
      0.001171988055115314
    ],
    "vqe2_params": [
      [
        3.5833634540407804,
        3.1474034176454766,
        0.9070618781891601,
        -0.019653818324244225,
        3.5591042212004775,
        5.16135053927906,
        3.254756251782365,
        3.249385307614503,
        0.07992877062317981,
        3.2936986987174905,
        2.406267724830692,
        4.117280726890254,
        3.4798610629240487,
        5.429587747953916,
        3.7107502665734233,
        -0.005374674254379708,
        5.0993570989998664,
        2.3359231874139965,
        -0.12486522772508049,
        3.9234058531582097,
        5.536407082799232,
        3.3773835304177906,
        4.672996139327296,
        0.6205817783448808,
        3.4848967194006826,
        3.0297665397706774,
        -0.17198546712102042,
        0.190230055943773,
        0.8035947069123934,
        0.39453353748228615,
        4.808428307925515,
        1.0699553863069455,
        0.7778704319395634,
        5.396147910043619,
        3.9766126907495827,
        0.03937939421784689,
        4.27573759708844,
        1.2416849766130793,
        0.9765206538685336,
        -0.003940336837114379
      ],
      [
        0.937832475449562,
        2.911288384515236,
        1.5166651117531305,
        6.082868432737848,
        1.9024602056603324,
        4.637096761049818,
        -0.2946773277089512,
        6.435048181838011,
        2.2902938337049683,
        6.065833150630993,
        1.9947239449373186,
        7.055341352050025,
        2.0755576236310564,
        6.475546835602992,
        1.852385269234336,
        3.41236527237162,
        0.6045444312777518,
        3.7912212098694047,
        5.400605114636228,
        3.3152916549266953,
        3.9118416001353338,
        3.4554720278594324,
        5.527369646052644,
        5.13691924032516,
        6.6780036098482745,
        4.650182567899403,
        3.3362702493965144,
        6.05557477999659,
        4.271107270653464,
        3.8310107635196253,
        1.2951297618595112,
        1.4722958719604269,
        3.167997426939678,
        2.2417536947473993,
        6.357078092383465,
        0.790151817974617,
        4.855889179734855,
        3.540289094432187,
        4.166235958199855,
        2.98135767417095,
        0.7391273159759248,
        0.8822887846409504,
        1.5643946057702172,
        0.17861183279420295,
        6.113305453087835,
        5.3870530841659985,
        5.68583033666235,
        0.7958746104119536,
        4.636072778716342,
        0.3796897010999911,
        4.569748085859612,
        2.29968046282339,
        2.418230847024784,
        4.603110607751969,
        0.33715968630733884,
        5.8428945904148435,
        5.077308224211541,
        4.191640260723375,
        2.6921786096768012,
        0.2981935265254326
      ],
      [
        1.9196793412034339,
        1.9233638035060154,
        0.022150418570970706,
        4.70820963222231,
        1.5176661609097828,
        3.531457782590563,
        4.741287313240952,
        2.7833250764164768,
        1.3830036680829552,
        3.786100224201496,
        2.493167850388063,
        3.2324292762046745,
        3.377678715174301,
        3.3109379790394087,
        3.252268140665031,
        5.919719492749993,
        3.4607760702557835,
        4.506444718379358,
        3.5960672083598806,
        5.160648933835116,
        5.94464173191204,
        1.5570232278486376,
        3.2891016571243017,
        3.7417354500612743,
        5.5295616068516855,
        1.9195954397210526,
        1.4121023003901552,
        2.9287263618816612,
        0.5344744620499482,
        2.885686198431161,
        5.4664930989862714,
        4.4475041634356325,
        1.755823264148792,
        3.4926773930715806,
        3.997091201226881,
        4.796755478376653,
        1.0984489433867313,
        0.3501708780603134,
        0.8732837943815582,
        2.447891415163325,
        3.227478239565088,
        3.4296284269786965,
        5.922759052718568,
        5.7382876213455765,
        0.06514112475513495,
        1.7365705484305203,
        1.0341131551116396,
        6.070874609996192,
        5.087126691280735,
        1.9474316942652572,
        0.18401130732243356,
        0.051453832080936374,
        3.0352679365432405,
        1.1776853706322403,
        3.4439663299935717,
        5.884663597543495,
        4.0396241198919105,
        2.257467364522859,
        3.0987199017357074,
        2.3712964825498544,
        5.313846059579099,
        4.190686437690013,
        1.1575394099994576,
        4.9308775009576316,
        5.543876177367669,
        2.3903138933987105,
        0.5833186706517381,
        1.8872387403014348,
        3.6843968493597004,
        3.6239024432239932,
        2.6380929676605436,
        5.732313103526577,
        4.976448581641531,
        2.208596090671248,
        0.3733023610393972,
        1.189127991566313,
        4.631442741294957,
        3.481125127967869,
        1.0256631653536226,
        2.4058258954752074,
        3.0852133874429484,
        0.9665523319626734,
        3.9132583988478564,
        5.268178794702654,
        5.104120387264816,
        1.3631556267252598,
        2.1368679857266706,
        2.8198928006703112,
        0.7400070462597056,
        3.5810711953028753
      ]
    ],
    "vqe2_time": [
      11.358888626098633,
      15.801708459854126,
      33.3697407245636
    ],
    "solution_vector": [
      0,
      0,
      0,
      0,
      0,
      1,
      1,
      1,
      1,
      1
    ],
    "solution_min_energy": -1045.4104544882523,
    "solution_time": 0.022418498992919922,
    "matrix_size": 10,
    "qubo_matrix": [
      [
        -126.50029478189003,
        8.15515741214363,
        16.31031482428726,
        32.62062964857452,
        4.077578706071815,
        4.077578850011554,
        8.155157700023109,
        16.310315400046218,
        32.620630800092435,
        4.077578850011554
      ],
      [
        8.15515741214363,
        -244.84543215163643,
        32.62062964857452,
        65.24125929714904,
        8.15515741214363,
        8.155157700023109,
        16.310315400046218,
        32.620630800092435,
        65.24126160018487,
        8.155157700023109
      ],
      [
        16.31031482428726,
        32.62062964857452,
        -457.07023465469837,
        130.48251859429809,
        16.31031482428726,
        16.310315400046218,
        32.620630800092435,
        65.24126160018487,
        130.48252320036974,
        16.310315400046218
      ],
      [
        32.62062964857452,
        65.24125929714904,
        130.48251859429809,
        -783.6579507150987,
        32.62062964857452,
        32.620630800092435,
        65.24126160018487,
        130.48252320036974,
        260.9650464007395,
        32.620630800092435
      ],
      [
        4.077578706071815,
        8.15515741214363,
        16.31031482428726,
        32.62062964857452,
        -126.50029478189003,
        4.077578850011554,
        8.155157700023109,
        16.310315400046218,
        32.620630800092435,
        4.077578850011554
      ],
      [
        4.077578850011554,
        8.155157700023109,
        16.310315400046218,
        32.620630800092435,
        4.077578850011554,
        -126.5018527597782,
        8.155159913901658,
        16.310319827803315,
        32.62063965560663,
        4.077579956950829
      ],
      [
        8.155157700023109,
        16.310315400046218,
        32.620630800092435,
        65.24126160018487,
        8.155157700023109,
        8.155159913901658,
        -244.84854560565475,
        32.62063965560663,
        65.24127931121326,
        8.155159913901658
      ],
      [
        16.310315400046218,
        32.620630800092435,
        65.24126160018487,
        130.48252320036974,
        16.310315400046218,
        16.310319827803315,
        32.62063965560663,
        -457.0764515557029,
        130.48255862242652,
        16.310319827803315
      ],
      [
        32.620630800092435,
        65.24126160018487,
        130.48252320036974,
        260.9650464007395,
        32.620630800092435,
        32.62063965560663,
        65.24127931121326,
        130.48255862242652,
        -783.6703444889793,
        32.62063965560663
      ],
      [
        4.077578850011554,
        8.155157700023109,
        16.310315400046218,
        32.620630800092435,
        4.077578850011554,
        4.077579956950829,
        8.155159913901658,
        16.310319827803315,
        32.62063965560663,
        -126.5018527597782
      ]
    ],
    "ansatze": [
      "twolocal",
      "alternating_ry_rz",
      "random_circuit"
    ],
    "histories_energy": [
      [
        [
          -933.1689462712882,
          -906.6340263290498,
          -873.1254898202629,
          -930.6842058953554,
          -893.7316319737486,
          -906.8220704059034,
          -926.7577910214518,
          -918.5517066583562,
          -923.7552758426536,
          -901.6057255884884,
          -924.7381635954973,
          -916.3093131930802,
          -886.037081063102,
          -924.9902549065334,
          -925.0794896374235,
          -926.4976404870566,
          -925.7723524676929,
          -908.2582482481491,
          -927.3723547372989,
          -923.0621104573618,
          -923.1186579100431,
          -922.5728436947564,
          -967.4416168105255,
          -980.3868678139825,
          -965.5689048895679,
          -965.8851369398235,
          -975.1931578885955,
          -914.6307666964058,
          -947.4928389034643,
          -966.6786960841839,
          -967.8788132171399,
          -972.1351075546214,
          -968.5195735748044,
          -973.7368729103657,
          -977.5429186124802,
          -968.2834265091656,
          -975.5581692859498,
          -972.6589229394446,
          -976.3471076839551,
          -977.816642633012,
          -969.8825693556485,
          -996.6783165419423,
          -924.3566630669328,
          -1004.9918042590713,
          -990.9665630487553,
          -1002.0785511865919,
          -999.4058483629944,
          -999.3651191742997,
          -999.0653333920376,
          -1020.6331299717319,
          -981.9765699882328,
          -1023.2729794120918,
          -1022.6012852558814,
          -1023.0436828335146,
          -1012.2612151841523,
          -1019.9612831056111,
          -1025.835386101651,
          -1027.7874595678595,
          -1024.7322231624164,
          -1022.9563045309318,
          -1023.1657367302917,
          -1013.4058205952625,
          -1027.1899994880955,
          -1012.8281836636834,
          -990.9209441727085,
          -1017.6289291647646,
          -994.6399266185667,
          -1014.7132782750946,
          -929.3086910836302,
          -1022.0412204961061,
          -1023.6728283671648,
          -1024.3343865132676,
          -1025.1899441588982,
          -1019.1001987010288,
          -1022.9854308449627,
          -1025.3371674852785,
          -1021.8207415041271,
          -1025.1727071180378,
          -1022.0358452562399,
          -1022.7311613794636,
          -1025.082361571244,
          -1022.4095473495798,
          -1025.995618960137,
          -1025.1462004069992,
          -1023.3499866662395,
          -1021.4266954816914,
          -1024.0544527112074,
          -1021.0281565106565,
          -1023.7128254715874,
          -1016.0354974285622,
          -1025.724542580699,
          -1020.1744173114254,
          -1023.1284356043625,
          -1015.2977817036201,
          -1020.6251949507919,
          -1003.2997029777879,
          -1024.504266295234,
          -1015.3367794138869,
          -1022.0406157440025,
          -1024.0480873975841
        ]
      ],
      [
        [
          -892.1059093952709,
          -888.149845882215,
          -877.8364537806457,
          -895.6324121050037,
          -901.0005598163464,
          -895.5850373691146,
          -891.4921900947812,
          -868.8096884068417,
          -909.4919942665387,
          -900.8763360435617,
          -908.3721163496573,
          -906.9257980412283,
          -943.2816743639753,
          -946.8613177007244,
          -950.8293323634243,
          -938.3703397222818,
          -956.0936726648372,
          -888.6386046965786,
          -949.0659235713435,
          -944.2593526266562,
          -955.2268122150977,
          -949.5032737989308,
          -897.4049911972204,
          -953.3653263533647,
          -926.7991223565427,
          -945.842349120184,
          -939.7973975694026,
          -895.3990858068905,
          -953.0043505216502,
          -968.573526940169,
          -968.3449221595685,
          -958.5463533308796,
          -961.9230600168934,
          -965.8329468131864,
          -962.6837769954366,
          -961.8895083572975,
          -962.636655792034,
          -962.9754251773878,
          -959.107921739453,
          -962.8338231549113,
          -960.0860760115572,
          -966.6959172036255,
          -963.2778607802763,
          -966.438539367345,
          -966.8465180508257,
          -964.5634734776194,
          -965.8909110089304,
          -963.6030784544424,
          -962.5360061497339,
          -967.0075786360835,
          -963.175557153162,
          -970.0820380237745,
          -965.5718593143008,
          -961.4528991974767,
          -957.3659920986313,
          -966.1979369824853,
          -959.7100652969931,
          -964.7346082915379,
          -962.7915294607823,
          -962.8005225381411,
          -963.1869696712051,
          -963.0357651337229,
          -965.9568875626098,
          -903.0404672089334,
          -942.9882355522371,
          -910.1268489855834,
          -959.0818871444202,
          -964.097259587163,
          -963.3735385578168,
          -963.8507179689483,
          -958.6786391310869,
          -954.5885652675975,
          -960.2878370474612,
          -938.1646780794662,
          -964.2024490188317,
          -942.9211110139954,
          -957.5956471949344,
          -991.4331461404262,
          -982.3215882600527,
          -961.9026649381328,
          -951.6600302642561,
          -1000.9949292351083,
          -996.6807212215848,
          -1016.5881948342619,
          -1015.4598937584936,
          -1019.6995635680614,
          -1013.2512257609922,
          -1006.1532476424463,
          -1004.866582979512,
          -1021.7570595966564,
          -1022.2936343734423,
          -1010.7633657939675,
          -996.5103404015042,
          -925.9814604537465,
          -1020.4688709001018,
          -1022.2521515475856,
          -1019.3773236678629,
          -1023.0709270253201,
          -1024.0671776432634,
          -1020.7571375852772
        ]
      ],
      [
        [
          -900.3819818113191,
          -925.9834974193227,
          -839.5579913875107,
          -906.8973039979581,
          -912.612264501882,
          -916.3844102475127,
          -910.4615260164762,
          -911.4239627602274,
          -934.1645222685269,
          -942.5808569279,
          -925.6479085255982,
          -878.8982812881321,
          -878.6933555160463,
          -934.9799172831637,
          -916.7767801006646,
          -909.2424829927504,
          -921.0141518777392,
          -906.2568559698401,
          -934.2912524216654,
          -928.7257267638362,
          -920.5247741486377,
          -932.2907156581431,
          -891.8224857338166,
          -965.9584257905946,
          -957.4907748243055,
          -949.8482403203088,
          -958.3934751946202,
          -962.2832566155465,
          -926.821651352968,
          -961.1220671786396,
          -954.0838839930348,
          -963.9828446754423,
          -956.6103194317384,
          -966.3200039374274,
          -947.7806694815775,
          -961.8657686561068,
          -953.6117393292756,
          -955.9840652136172,
          -952.304635341183,
          -962.7489868939094,
          -963.0654816089857,
          -959.0191178368317,
          -958.6025034022286,
          -958.342951949876,
          -962.7728359505766,
          -963.4506403839455,
          -955.4460099766175,
          -958.434519520118,
          -952.517138192531,
          -952.3799636242379,
          -960.7960943397409,
          -961.1758388021602,
          -950.3762006214165,
          -957.8999491424713,
          -955.5325800416554,
          -953.7444321422619,
          -949.400792752667,
          -958.7461104321014,
          -948.8432591496745,
          -956.6432132520254,
          -953.8814334809398,
          -959.5861584315497,
          -956.3369405320294,
          -959.7787419897509,
          -957.197376432359,
          -965.5231082771135,
          -961.9719360354036,
          -960.3517095580705,
          -953.8297774013486,
          -962.2678430215994,
          -950.019881186957,
          -959.4880170335059,
          -958.8692400335179,
          -956.8033906438247,
          -956.7783560183071,
          -961.6213189794914,
          -954.1176908008101,
          -945.1184553692428,
          -951.2806962339591,
          -955.5584641887492,
          -954.1722611167778,
          -953.7453082459567,
          -957.808956023281,
          -962.0213085115297,
          -955.4412030359476,
          -962.5843363984814,
          -959.671179879822,
          -956.9807945575126,
          -953.905173040255,
          -960.1602863154418,
          -946.9863785188902,
          -982.0020751535917,
          -974.1091224034262,
          -926.746465213354,
          -952.7787441268171,
          -936.461950313062,
          -977.6348384815311,
          -925.7124297799519,
          -972.8144351503269,
          -943.0332508575927
        ]
      ]
    ]
  }
]