[
  {
    "vqe2_energy": [
      -767.9787873661995,
      -777.1746323469742,
      -752.6948626097317
    ],
    "vqe2_vector": [
      [
        0,
        0,
        1,
        0,
        1,
        1,
        0,
        0,
        1,
        0
      ],
      [
        0,
        1,
        0,
        0,
        1,
        1,
        1,
        0,
        1,
        1
      ],
      [
        0,
        0,
        0,
        1,
        1,
        0,
        0,
        1,
        0,
        0
      ]
    ],
    "vqe2_min_error": [
      1.5768250830168307,
      0.3982974023809427,
      3.535593247542379
    ],
    "vqe2_params": [
      [
        6.755923254481975,
        5.699019409497644,
        4.758204794103463,
        6.729337245374106,
        2.677492536820423,
        3.0873605582618238,
        4.61886623128084,
        5.952757020315412,
        5.523889220672147,
        4.628110647530689,
        0.818082951574641,
        2.127201281845379,
        6.274066254381073,
        3.0442879702124706,
        4.618052907787358,
        3.5001761154843742,
        6.422401360284538,
        6.045973500834576,
        3.120411230728245,
        3.3257191924650384,
        4.7171157266513974,
        3.144772775596175,
        1.3264547967800906,
        1.4350966181082723,
        5.186537749605649,
        1.31778474432128,
        4.315412527850071,
        3.280773191018465,
        6.210069536771037,
        4.036694609737274,
        0.7497161366809298,
        5.194952691768157,
        2.570055307220971,
        3.4224335667093193,
        2.640130302667934,
        5.480867094962447,
        3.84697592510488,
        0.6352055026085079,
        4.3788127187841095,
        4.406396987709943
      ],
      [
        2.8141945040319833,
        1.5583979717237324,
        1.8424172008767494,
        6.475232189925775,
        0.4552861924616671,
        5.128593966410793,
        3.4122984389458,
        6.229676247995768,
        0.9763774693846079,
        1.2077486867679936,
        3.3555839867247794,
        4.14575848718541,
        2.6203840397316807,
        4.367164142731697,
        5.957288645622215,
        2.402846642354367,
        5.411638194163851,
        0.40790222153189076,
        5.578380669366264,
        0.9002408944847486,
        3.8472438361273857,
        4.539342012585023,
        1.7996136037496904,
        5.3470613514255065,
        1.9742086660918596,
        5.561104415540464,
        2.230002128325229,
        5.894610635294484,
        4.042375206805463,
        4.176686002793376,
        3.7470727126708674,
        5.202341994643012,
        3.3486401300313218,
        3.770186672051512,
        0.7794638325370503,
        5.161370232847101,
        0.5356237151293893,
        0.002682241234488401,
        2.169146717216131,
        5.480471255320412,
        2.819369662499172,
        5.946094609746819,
        4.443008110119182,
        0.6537151645596962,
        1.259303440986083,
        6.456482595199152,
        3.550361488476077,
        2.3145595088746784,
        6.002857035761106,
        6.240753850960579,
        3.333307436353095,
        7.168766302262326,
        5.88543053549037,
        5.037159573424319,
        3.902595066364451,
        6.279473244416084,
        6.0137642084467515,
        5.377926519993151,
        5.9632604727282965,
        0.47972838934880446
      ],
      [
        0.671066350790981,
        2.6987949575489845,
        1.8573573311862126,
        3.423461316926754,
        4.462350585606432,
        1.8066227194409228,
        5.532935717867279,
        7.2459125571759,
        0.48917861784501765,
        7.110335824434511,
        1.426884053482794,
        4.600766740589178,
        2.404172039019966,
        0.12381443625690611,
        1.0446105765793072,
        0.177644171701466,
        4.008817384548119,
        0.5651550015922403,
        4.0298062235298815,
        0.5350454614771522,
        4.984070884312319,
        4.400979454243339,
        3.839437504438532,
        0.5592361916643043,
        2.761682229528262,
        3.0547554743732657,
        5.554390941574561,
        3.1275962570204046,
        4.092387638948576,
        3.090335348637414,
        1.5986463307168417,
        4.250202527708568,
        1.5333179161852,
        6.067624936091784,
        0.6186106358430198,
        1.5398806534719756,
        2.4196916167393403,
        5.633820469425473,
        2.639410755074146,
        0.13269352640226223,
        2.901530314102355,
        4.890884205516347,
        1.361396745464817,
        2.10970393979263,
        5.952619217828434,
        3.609106491883848,
        0.17479497420580534,
        3.5075331721602234,
        2.099054875618895,
        5.764910799564127,
        3.513551215179285,
        5.104750239920503,
        4.691867420970132,
        1.8724909748449623,
        2.001187574874847,
        4.233209170799951,
        1.441512648364787,
        3.828662572188209,
        1.3153630051101308,
        3.706199303123873,
        6.168853111779939,
        6.195028400606777,
        5.953126973556276,
        3.4594991912158846,
        4.920540740530413,
        3.888305078166993,
        6.04355034198671,
        5.10082583258478,
        0.9248958380511092,
        0.0950300355881779,
        0.24011982643809676,
        5.399785967474418,
        3.8916295584173017,
        2.966386980196137,
        1.0123939626978706,
        4.71163710239934,
        6.488325962298202,
        1.8901154889414344,
        5.247800982204852,
        4.366309823056055,
        0.07592990521919225,
        2.5104736088106345,
        4.921460112427348,
        1.876052467706523,
        4.14984596255465,
        1.894518791236362,
        0.26400234368196634,
        2.7213999463602834,
        3.9976849523930604,
        0.3991155761060996
      ]
    ],
    "vqe2_time": [
      20.588088750839233,
      11.04477071762085,
      32.903117418289185
    ],
    "solution_vector": [
      0,
      0,
      0,
      0,
      0,
      1,
      1,
      1,
      1,
      1
    ],
    "solution_min_energy": -780.2824771848351,
    "solution_time": 0.023163318634033203,
    "matrix_size": 10,
    "qubo_matrix": [
      [
        -94.42744729859886,
        6.087976210194489,
        12.175952420388978,
        24.351904840777955,
        3.0439881050972444,
        3.043987887264638,
        6.087975774529276,
        12.175951549058553,
        24.351903098117106,
        3.043987887264638
      ],
      [
        6.087976210194489,
        -182.76691838700324,
        24.351904840777955,
        48.70380968155591,
        6.087976210194489,
        6.087975774529276,
        12.175951549058553,
        24.351903098117106,
        48.70380619623421,
        6.087975774529276
      ],
      [
        12.175952420388978,
        24.351904840777955,
        -341.1819319332285,
        97.40761936311182,
        12.175952420388978,
        12.175951549058553,
        24.351903098117106,
        48.70380619623421,
        97.40761239246842,
        12.175951549058553
      ],
      [
        24.351904840777955,
        48.70380968155591,
        97.40761936311182,
        -584.9562445033453,
        24.351904840777955,
        24.351903098117106,
        48.70380619623421,
        97.40761239246842,
        194.81522478493685,
        24.351903098117106
      ],
      [
        3.0439881050972444,
        6.087976210194489,
        12.175952420388978,
        24.351904840777955,
        -94.42744729859886,
        3.043987887264638,
        6.087975774529276,
        12.175951549058553,
        24.351903098117106,
        3.043987887264638
      ],
      [
        3.043987887264638,
        6.087975774529276,
        12.175951549058553,
        24.351903098117106,
        3.043987887264638,
        -94.42749516036115,
        6.08797871150786,
        12.17595742301572,
        24.35191484603144,
        3.04398935575393
      ],
      [
        6.087975774529276,
        12.175951549058553,
        24.351903098117106,
        48.70380619623421,
        6.087975774529276,
        6.08797871150786,
        -182.76701160921445,
        24.35191484603144,
        48.70382969206288,
        6.08797871150786
      ],
      [
        12.175951549058553,
        24.351903098117106,
        48.70380619623421,
        97.40761239246842,
        12.175951549058553,
        12.17595742301572,
        24.35191484603144,
        -341.18210837239747,
        97.40765938412576,
        12.17595742301572
      ],
      [
        24.351903098117106,
        48.70380619623421,
        97.40761239246842,
        194.81522478493685,
        24.351903098117106,
        24.35191484603144,
        48.70382969206288,
        97.40765938412576,
        -584.9565573606692,
        24.35191484603144
      ],
      [
        3.043987887264638,
        6.087975774529276,
        12.175951549058553,
        24.351903098117106,
        3.043987887264638,
        3.04398935575393,
        6.08797871150786,
        12.17595742301572,
        24.35191484603144,
        -94.42749516036115
      ]
    ],
    "ansatze": [
      "twolocal",
      "alternating_ry_rz",
      "random_circuit"
    ],
    "histories_energy": [
      [
        [
          -659.1626367197795,
          -666.8752030176821,
          -658.7805264490839,
          -650.0654737766538,
          -667.1206836665017,
          -664.1843619225641,
          -667.5150987187751,
          -687.5636428743403,
          -677.2746778174646,
          -680.9758616286394,
          -681.7567514315369,
          -677.01134120011,
          -673.7915613508624,
          -691.4884812291849,
          -687.1292132084664,
          -693.7247531637458,
          -689.3045544365542,
          -692.1841860358778,
          -696.5300041116335,
          -688.7171028643888,
          -693.5677071288032,
          -685.7514540399064,
          -684.2295703418278,
          -700.207446388614,
          -702.7959408118553,
          -704.1592266334687,
          -698.7379620679211,
          -683.9576348046996,
          -677.1199711034128,
          -707.3816547492498,
          -692.8918997408161,
          -703.7269243194675,
          -698.6943843266629,
          -700.8592893547335,
          -698.4281663672896,
          -697.2238579146526,
          -702.6295836521086,
          -696.6638822351854,
          -697.5695084433275,
          -698.2239567694919,
          -701.5128784555538,
          -695.3280781313252,
          -705.0494541821038,
          -689.3723675276368,
          -704.422721332739,
          -719.4008491593327,
          -702.509508708348,
          -718.3419633160149,
          -715.4522879261134,
          -709.836612884709,
          -712.2361863843465,
          -712.6372365031032,
          -721.7575969353568,
          -721.4829326762326,
          -723.4826590845232,
          -719.4842194632945,
          -723.8461395445609,
          -720.173247684209,
          -734.4830823318953,
          -690.6087991510366,
          -736.383087487967,
          -740.9419254721797,
          -740.0753754011404,
          -719.4232980001459,
          -742.8725785357265,
          -731.7110155049908,
          -739.5259180126765,
          -738.4630231792495,
          -741.5398970731804,
          -738.2124763562358,
          -742.2919299229716,
          -745.1454840690916,
          -742.1900742131992,
          -718.2863207363233,
          -750.1350733870655,
          -749.1427353733773,
          -746.6468494108727,
          -745.7296381857982,
          -747.7002624776077,
          -750.8171869346922,
          -746.4100940115968,
          -748.5127483764082,
          -744.7109050145102,
          -749.3218625610184,
          -753.0294864490754,
          -753.7444896293249,
          -739.1208967475412,
          -747.4192420457476,
          -752.5882423233419,
          -752.5051119664121,
          -752.4019602866472,
          -720.7312305463973,
          -755.6264166089992,
          -745.2265831989938,
          -748.6814656861623,
          -754.7037422298991,
          -757.6879476921436,
          -754.9201848040708,
          -759.3647149816335,
          -753.5057765223886
        ]
      ],
      [
        [
          -623.5560106737996,
          -645.9106987308353,
          -663.7543732960655,
          -641.2076895582078,
          -686.2368772012815,
          -681.0873965795722,
          -674.901800091918,
          -680.1052638029785,
          -685.3715674810298,
          -684.7911851330203,
          -684.0137539387675,
          -679.9109586455347,
          -733.614440242848,
          -730.4547345506771,
          -726.4700522463751,
          -738.6181298210246,
          -733.577704905332,
          -702.6043836656405,
          -730.8616225519926,
          -736.4866438757559,
          -734.6219644423734,
          -739.2739950649496,
          -723.1938427869227,
          -741.0288167650292,
          -732.6690472283849,
          -738.9126809997542,
          -737.9743274525333,
          -724.311498988193,
          -729.4051026341801,
          -727.8269656685759,
          -732.2367837481609,
          -738.6455680070936,
          -737.017701810298,
          -738.9057766605374,
          -738.941776937539,
          -737.345425255747,
          -736.7812310332355,
          -734.3419286962803,
          -739.4573894163068,
          -736.8857203171261,
          -736.8934290319471,
          -733.5213088102082,
          -738.3003436629187,
          -737.0476544586675,
          -733.2131726197257,
          -733.8991202009112,
          -741.0927729224949,
          -731.0941567602288,
          -731.6942973859475,
          -740.2712545402447,
          -737.6558793602486,
          -735.7932484511033,
          -741.925311586731,
          -741.7306989201481,
          -743.1892692927148,
          -733.0142551248847,
          -736.6913110842354,
          -740.0527005762855,
          -743.800953336473,
          -736.1452824174883,
          -736.6167527453144,
          -730.7813399701464,
          -735.5345942648535,
          -707.9810054598521,
          -737.6058182978326,
          -736.8612512810311,
          -735.825372938733,
          -734.2853172697058,
          -739.0540172193917,
          -734.9684502857701,
          -731.7341414471687,
          -737.5348753550229,
          -741.9574310126499,
          -701.5968456080083,
          -737.4539971028738,
          -698.5736400044393,
          -738.6146201600823,
          -735.9553613675708,
          -738.2044674321024,
          -729.5938055758927,
          -738.7743798322102,
          -739.9299492776219,
          -733.1569238365929,
          -725.5760966410768,
          -736.3455486669993,
          -729.3966243492171,
          -737.7753250693795,
          -735.7024720633674,
          -741.9909676012046,
          -728.5031191061694,
          -738.3350582240778,
          -725.5204817883733,
          -734.6452350878585,
          -737.6981157065931,
          -735.6442491418915,
          -737.4965191320439,
          -739.020825895026,
          -739.7351995314707,
          -737.9420700250155,
          -734.4326995941078
        ]
      ],
      [
        [
          -616.2664446676961,
          -612.7569831534047,
          -620.4085375065733,
          -627.2296637638783,
          -644.4888100299659,
          -652.1681766088396,
          -653.7802641300517,
          -613.7356357908917,
          -653.9312110270347,
          -653.0253707685968,
          -655.6844191420689,
          -653.8465324712133,
          -685.0559235334202,
          -690.4694427590384,
          -679.5429653535954,
          -699.3895779843588,
          -673.2481327495582,
          -642.7639553208476,
          -694.1671876460307,
          -691.5737330411315,
          -689.564130914895,
          -693.0833035629579,
          -673.888364708138,
          -666.7669651892054,
          -692.2376975824204,
          -697.7529718733289,
          -687.790492170482,
          -657.4094173820575,
          -677.1824353530789,
          -695.744971909248,
          -697.4637585567231,
          -691.1937066343748,
          -692.2430984903634,
          -695.6861325377431,
          -692.5440357258605,
          -698.6301212305425,
          -695.1824012065682,
          -693.6394929657755,
          -692.8873682855076,
          -698.1954480704268,
          -691.5367488714944,
          -695.2369878181744,
          -696.0665994644605,
          -687.1518459066801,
          -689.5781041391502,
          -692.5753714408718,
          -698.3525842862789,
          -693.2404358889135,
          -688.5429620355819,
          -691.8028839380785,
          -693.553975473097,
          -696.7291762349125,
          -691.9910991882163,
          -691.8748375529491,
          -695.1675450279328,
          -692.3016053944453,
          -690.3715809784107,
          -686.8487323390685,
          -689.8699114275909,
          -695.3019364432208,
          -694.9901540511269,
          -688.2183466271538,
          -692.6551000496762,
          -692.02397609565,
          -697.2188212644982,
          -692.9599739471562,
          -689.9203970345831,
          -688.7933856561954,
          -684.6101844171582,
          -692.73395907311,
          -690.0904915658826,
          -696.4836134176445,
          -693.1154240334832,
          -688.2792366717312,
          -693.9124854434396,
          -693.0795654878016,
          -685.7671254753778,
          -700.1591167667066,
          -696.6572408017907,
          -686.7113692236404,
          -690.1369875959556,
          -692.0030770930932,
          -686.5449967747103,
          -693.5368518232992,
          -694.7850480753483,
          -700.8027660379859,
          -687.7169958518454,
          -688.4993982797495,
          -688.9876071593665,
          -690.3144803396685,
          -688.8546902306889,
          -687.8572662792466,
          -670.6679959261922,
          -658.1804078646375,
          -689.7573244408068,
          -672.6002850721567,
          -688.8851500137937,
          -696.5389017242566,
          -675.2183424584292,
          -696.4830061119551
        ]
      ]
    ]
  }
]