[
  {
    "vqe2_energy": [
      -1183.5377732527954,
      -1149.9215251046658,
      -1107.9173302733152
    ],
    "vqe2_vector": [
      [
        0,
        1,
        0,
        0,
        1,
        0,
        1,
        0,
        1,
        0
      ],
      [
        0,
        1,
        0,
        0,
        1,
        1,
        0,
        0,
        1,
        0
      ],
      [
        0,
        0,
        0,
        1,
        0,
        0,
        0,
        1,
        1,
        1
      ]
    ],
    "vqe2_min_error": [
      3.5391633400210565,
      6.278958803266866,
      9.70238969683701
    ],
    "vqe2_params": [
      [
        6.266884882559783,
        3.8993599732326936,
        3.304343927623397,
        4.232963392697899,
        1.956447896321618,
        5.724035584397413,
        3.8062258920355267,
        2.8536383965663012,
        5.067661672802916,
        5.934326215812423,
        6.291503453358167,
        3.108114595698582,
        2.840124083932582,
        5.928659120902112,
        0.26353512747297786,
        0.4390407880142403,
        1.0585808572981048,
        0.836178200258572,
        5.35296098483668,
        4.594017424218793,
        6.950613960295625,
        5.529819396685806,
        3.517806130351908,
        6.081806590244727,
        1.2328281481606431,
        4.0750561993385555,
        2.2820240088953274,
        3.0038737918296534,
        1.574185098991225,
        1.7279244906170548,
        1.6065367411257063,
        6.581750810263762,
        2.177474473247022,
        5.844787201103714,
        2.8397325840967325,
        4.785504941707237,
        3.989988192944021,
        0.4834834586276774,
        0.8039674850014895,
        2.933086821382413
      ],
      [
        5.751182598502664,
        2.9063906463871936,
        5.083646247190349,
        2.4432044255451375,
        3.1757646070707684,
        4.417346557823375,
        2.788675840408738,
        1.2846194904894708,
        3.2481339818238335,
        5.02232635151961,
        3.7918038036966966,
        6.625316450212161,
        3.5960763265137796,
        1.9471210942461232,
        1.9646474686325897,
        1.665572349374124,
        2.876124757900986,
        0.8185002905277663,
        1.5388434385844314,
        3.173920676026275,
        2.5620358100847325,
        6.278521182642106,
        4.019244771383873,
        1.2497329840752012,
        3.1181992790311215,
        2.120727071782834,
        5.722615819648036,
        2.1224647702839343,
        5.516169384816327,
        3.276816131000945,
        4.4094468355534815,
        2.4064398105334917,
        1.8198962229215865,
        4.778906504566164,
        6.037582244989856,
        2.171292260711132,
        4.366556367190915,
        4.545894376958329,
        4.725165090563652,
        0.55911666981733,
        4.447986505033193,
        3.6415634577706943,
        4.541124987948756,
        5.831181702564661,
        2.4037028763922925,
        2.6624190028226864,
        0.6607205858567836,
        3.442212831846767,
        1.005908349833943,
        5.728919299049632,
        2.258302929835915,
        3.047175047053225,
        5.730545123734632,
        0.8632996638667451,
        0.6426804701137642,
        2.835092736489633,
        2.422495363947894,
        1.9666153567408817,
        2.0204217720236732,
        1.841305336801276
      ],
      [
        5.501643355596508,
        2.6411120156487566,
        1.2426706263384462,
        5.067582486243579,
        1.2600602762351525,
        3.965697849050929,
        5.412192904346005,
        4.7033116130323815,
        4.573283965815353,
        2.9213986343856497,
        3.17567348357192,
        6.541724873099597,
        2.0019704716301883,
        4.81838990932688,
        2.737668039626396,
        3.1661535839124397,
        5.976277386298367,
        0.9209177557010096,
        0.2637105535909591,
        5.978535202756988,
        5.477475067556118,
        1.407306655628211,
        5.83023104530805,
        4.884928113504557,
        1.1393398926605622,
        2.0778858921561576,
        2.6149982348370835,
        5.04503410329072,
        4.730947941627579,
        5.94202276015222,
        2.212189602711146,
        6.008875357103274,
        6.412777808196307,
        0.7328580016312811,
        6.027576779392829,
        6.263568305584472,
        1.2201840019154655,
        1.6945373276136928,
        1.3214108478890754,
        5.990902214445623,
        6.130971545680503,
        5.566527416904192,
        5.890847016883344,
        5.024767642058037,
        5.864486009346479,
        0.6561612948843404,
        1.7201073761939083,
        3.0879842998749387,
        1.9063230723000364,
        5.236977521667166,
        3.6653664095331466,
        2.453465487429169,
        4.0403970949704995,
        3.4683922727690266,
        5.578499683455577,
        3.1190944658963735,
        0.552250094936457,
        0.9141032475313873,
        5.903868073070882,
        1.1000165475453625,
        2.7959971324072788,
        4.235127689744737,
        1.1200797983546078,
        2.489410137728275,
        2.4096146988417813,
        5.956535850520711,
        4.5617308854961145,
        4.727134124239776,
        2.769368141976799,
        3.4975826894751427,
        5.1296437922379425,
        2.2890867289707506,
        5.448694857302397,
        2.705784913156405,
        3.8074302208473694,
        1.0673185430745615,
        0.5452699331378777,
        1.2808184886675147,
        2.3616111306732406,
        3.041180737048138,
        3.5535136072020497,
        1.913985607396157,
        4.871465440205899,
        2.2533346004606054,
        3.1869283284148744,
        7.034118784730439,
        4.967872599928631,
        2.2925417353476276,
        6.0840296843284,
        0.44431418197953115
      ]
    ],
    "vqe2_time": [
      15.01000452041626,
      14.648178339004517,
      27.991515398025513
    ],
    "solution_vector": [
      1,
      1,
      1,
      1,
      1,
      0,
      0,
      0,
      0,
      0
    ],
    "solution_min_energy": -1226.9619611788403,
    "solution_time": 0.023253679275512695,
    "matrix_size": 10,
    "qubo_matrix": [
      [
        -148.4665109491075,
        9.570851783390662,
        19.141703566781324,
        38.28340713356265,
        4.785425891695331,
        4.7854256847286685,
        9.570851369457337,
        19.141702738914674,
        38.28340547782935,
        4.7854256847286685
      ],
      [
        9.570851783390662,
        -287.3621701148243,
        38.28340713356265,
        76.5668142671253,
        9.570851783390662,
        9.570851369457337,
        19.141702738914674,
        38.28340547782935,
        76.5668109556587,
        9.570851369457337
      ],
      [
        19.141703566781324,
        38.28340713356265,
        -536.4409330960859,
        153.1336285342506,
        19.141703566781324,
        19.141702738914674,
        38.28340547782935,
        76.5668109556587,
        153.1336219113174,
        19.141702738914674
      ],
      [
        38.28340713356265,
        76.5668142671253,
        153.1336285342506,
        -919.7482376579213,
        38.28340713356265,
        38.28340547782935,
        76.5668109556587,
        153.1336219113174,
        306.2672438226348,
        38.28340547782935
      ],
      [
        4.785425891695331,
        9.570851783390662,
        19.141703566781324,
        38.28340713356265,
        -148.4665109491075,
        4.7854256847286685,
        9.570851369457337,
        19.141702738914674,
        38.28340547782935,
        4.7854256847286685
      ],
      [
        4.7854256847286685,
        9.570851369457337,
        19.141702738914674,
        38.28340547782935,
        4.7854256847286685,
        -148.46646511137135,
        9.570851428318853,
        19.141702856637707,
        38.283405713275414,
        4.785425714159427
      ],
      [
        9.570851369457337,
        19.141702738914674,
        38.28340547782935,
        76.5668109556587,
        9.570851369457337,
        9.570851428318853,
        -287.36207879442384,
        38.283405713275414,
        76.56681142655083,
        9.570851428318853
      ],
      [
        19.141702738914674,
        38.28340547782935,
        76.5668109556587,
        153.1336219113174,
        19.141702738914674,
        19.141702856637707,
        38.283405713275414,
        -536.4407518755722,
        153.13362285310166,
        19.141702856637707
      ],
      [
        38.28340547782935,
        76.5668109556587,
        153.1336219113174,
        306.2672438226348,
        38.28340547782935,
        38.283405713275414,
        76.56681142655083,
        153.13362285310166,
        -919.7478808980429,
        38.283405713275414
      ],
      [
        4.7854256847286685,
        9.570851369457337,
        19.141702738914674,
        38.28340547782935,
        4.7854256847286685,
        4.785425714159427,
        9.570851428318853,
        19.141702856637707,
        38.283405713275414,
        -148.46646511137135
      ]
    ],
    "ansatze": [
      "twolocal",
      "alternating_ry_rz",
      "random_circuit"
    ],
    "histories_energy": [
      [
        [
          -908.4747188367922,
          -912.604312148641,
          -998.6447706253741,
          -1024.3462659648915,
          -1011.8888494085517,
          -1044.8915623122316,
          -1036.841151516402,
          -964.2276909518232,
          -1032.333344750164,
          -1036.1274677016438,
          -1029.844224566506,
          -1030.3648748797327,
          -1002.3715208026573,
          -1029.4827309703805,
          -1032.6885024261774,
          -1033.419755354858,
          -1030.843337438305,
          -938.382537800744,
          -1035.3184705838955,
          -1031.3047815996706,
          -1021.990600031881,
          -1045.1179844334372,
          -1095.5925534116104,
          -1113.0957977710739,
          -1117.957480144952,
          -1114.0569135446797,
          -1104.8614117182271,
          -1121.4366137008058,
          -1111.5312923739943,
          -1123.461249578797,
          -1117.6262131107621,
          -1122.3894607507752,
          -1124.753830487061,
          -1117.8689379205216,
          -1115.1703104027915,
          -1127.1570826492568,
          -1119.7207854628396,
          -1126.1304273747755,
          -1124.8655043133213,
          -1126.673377648111,
          -1123.0030240177175,
          -1128.6276859573718,
          -1129.8008520365104,
          -1129.8881089148028,
          -1120.5645112733798,
          -1138.1911057822988,
          -1136.790586958405,
          -1125.971239794312,
          -1135.537655938845,
          -1122.3307815753342,
          -1134.7081782903904,
          -1133.5000508150033,
          -1138.5250227410568,
          -1143.4550997059025,
          -1137.715471885618,
          -1143.3097296261844,
          -1143.0626812978364,
          -1137.4724186227536,
          -1138.3003355188457,
          -1141.7099970766424,
          -1138.9593429680385,
          -1128.6103508801382,
          -1141.8899879719602,
          -1105.6511695068955,
          -1138.6320822664006,
          -1135.9838232030645,
          -1141.4972164169324,
          -1135.486006308389,
          -1137.6195543669103,
          -1138.0063097817747,
          -1145.0730170637135,
          -1150.7141309233014,
          -1144.1725284045447,
          -1140.5997977715838,
          -1143.060398013524,
          -1148.8844377015398,
          -1137.3461585202515,
          -1145.0306035174128,
          -1144.6257596470657,
          -1138.4395754194666,
          -1141.432394659301,
          -1143.650703099827,
          -1133.2025006213435,
          -1142.3705062546928,
          -1138.6854250831464,
          -1129.912747073281,
          -1137.7130107558835,
          -1117.9131183523314,
          -1139.8256244632003,
          -1111.1790629315003,
          -1135.0854935859204,
          -1147.171484990492,
          -1139.8096973795148,
          -1145.6123128845202,
          -1145.1879145675605,
          -1146.086643296628,
          -1139.4912125241017,
          -1146.2752515191896,
          -1152.5360293346007,
          -1149.6965174400354
        ]
      ],
      [
        [
          -1028.6149587774996,
          -1048.66075568081,
          -1027.389656183806,
          -1023.460843624959,
          -1032.3418845060846,
          -1044.3057162777577,
          -1042.4640984318225,
          -1050.1819583794575,
          -1052.5216449685308,
          -1053.7566675947846,
          -1050.9463897755152,
          -1051.6812438939928,
          -1064.2527060713476,
          -1051.2589107298618,
          -1062.130784294158,
          -1055.9262542658273,
          -1068.9101521511648,
          -1064.7167325631394,
          -1051.8426706734963,
          -1065.145517817843,
          -1067.0789896468157,
          -1061.3349165825534,
          -1090.9515702681686,
          -1108.8882715119696,
          -1080.043183384389,
          -1102.5095289684166,
          -1091.0312769744417,
          -1122.5901918748348,
          -1078.2764420968122,
          -1125.2616728446042,
          -1116.9155716174155,
          -1117.2904635960397,
          -1116.6339985387235,
          -1118.6841166226477,
          -1118.053083531388,
          -1112.5197807656534,
          -1116.1372900035296,
          -1115.002125390623,
          -1112.3886226773886,
          -1119.2596623774866,
          -1111.68363825987,
          -1108.7490017628713,
          -1121.9777813256678,
          -1118.826813021159,
          -1110.725446889431,
          -1117.1516856992455,
          -1117.0405330028104,
          -1125.210502154851,
          -1116.1557428267922,
          -1117.7848691059473,
          -1119.177314532954,
          -1116.603261879071,
          -1114.8426645847492,
          -1113.2929223456135,
          -1124.781210759412,
          -1111.5461816171544,
          -1117.5771972045561,
          -1118.384714405302,
          -1120.4360554896512,
          -1115.5098248628033,
          -1110.8320352013716,
          -1105.9183801409577,
          -1126.405145302327,
          -1121.8278026529447,
          -1104.0131443235712,
          -1069.8301085842845,
          -1116.8040564699593,
          -1116.8329777840263,
          -1107.0495550340588,
          -1128.851191577022,
          -1123.2325935994381,
          -1121.828700766458,
          -1131.050625837056,
          -1129.6864640410558,
          -1133.4378200994233,
          -1071.858159781135,
          -1129.2652100451369,
          -1128.36922143046,
          -1132.7249366216186,
          -1134.3516068460299,
          -1143.7309358662367,
          -1136.8941845716886,
          -1137.6490184485108,
          -1014.5292369843178,
          -1146.3713774576086,
          -1142.709324517292,
          -1142.4321130135208,
          -1147.2393110200528,
          -1151.9332766376135,
          -1132.7908031776437,
          -1152.7864361891748,
          -1137.9171742588062,
          -1152.690940188407,
          -1149.2917891913535,
          -1151.9572961861666,
          -1151.38598179831,
          -1152.6687862992835,
          -1150.2008448708225,
          -1155.2163038828674,
          -1155.6432986168268
        ]
      ],
      [
        [
          -1033.5920637468898,
          -1021.4549770516744,
          -1017.760490939718,
          -1007.6597481679173,
          -1023.4447553873001,
          -1024.059551817725,
          -1016.3981278709136,
          -1059.5444240429706,
          -978.0092844598635,
          -1076.8827353290399,
          -1088.595438977981,
          -1092.6765569480585,
          -1094.242620034473,
          -1103.2730571283996,
          -1106.9884961924506,
          -1088.6389926247386,
          -1058.7350167382526,
          -1066.956631991087,
          -1093.4084672433164,
          -1105.6793142152537,
          -1090.7748793986648,
          -1090.2903493373356,
          -1083.9972019160664,
          -1068.5046886635455,
          -1091.380120373274,
          -1095.660715101679,
          -1101.678046170462,
          -994.0401300727638,
          -1074.781067772956,
          -1100.4222099911206,
          -1103.9487740305678,
          -1094.8356438132564,
          -1105.124731552806,
          -1109.306654894236,
          -1102.0348108544235,
          -1096.8948457499112,
          -1107.8551507893962,
          -1104.4487459259478,
          -1101.8231283283344,
          -1098.8042333524145,
          -1101.5597152340358,
          -1108.569157659093,
          -1099.7571901105107,
          -1104.1953849644165,
          -1090.9550911723734,
          -1096.7180484236858,
          -1097.7227874156536,
          -1096.258224495852,
          -1110.8940182086421,
          -1107.8819216962352,
          -1103.0871560584048,
          -1101.1860753770438,
          -1102.08485332208,
          -1100.7960211360764,
          -1099.6442942604967,
          -1106.107051802413,
          -1102.7251740711508,
          -1093.540481914544,
          -1097.203554134025,
          -1101.6333882277138,
          -1101.1312805416837,
          -1104.3504333121464,
          -1094.7388803482086,
          -1093.9143577321931,
          -1095.9227295319536,
          -1100.2276798656355,
          -1100.2360185652624,
          -1101.0931405355473,
          -1099.7404403365476,
          -1095.3254408738103,
          -1103.6142288160304,
          -1103.9085483149204,
          -1091.5369641716227,
          -1105.0031857954787,
          -1100.0869927225926,
          -1103.0166084829666,
          -1100.376178593316,
          -1099.5698372512884,
          -1098.4723041748543,
          -1105.0402237453163,
          -1105.1558868001985,
          -1101.788615202926,
          -1100.7627827329522,
          -1100.3215250511075,
          -1103.5130713411147,
          -1094.0487100732557,
          -1112.6292341358685,
          -1095.796241373755,
          -1094.7302063376892,
          -1106.9463160608857,
          -1096.4356855846004,
          -1101.0963187276418,
          -1101.2544999650847,
          -1065.0941725435655,
          -1102.2056517688404,
          -1102.6690867976213,
          -1102.7186223834826,
          -1101.55618445686,
          -1086.5398863936766,
          -1066.7836893934118
        ]
      ]
    ]
  }
]