[
  {
    "vqe2_energy": [
      -672.3896457065646,
      -686.0415706530891,
      -686.2558403516505
    ],
    "vqe2_vector": [
      [
        1,
        0,
        0,
        0,
        1,
        1,
        1,
        0,
        1,
        0
      ],
      [
        1,
        1,
        1,
        0,
        1,
        1,
        0,
        1,
        0,
        1
      ],
      [
        0,
        1,
        1,
        0,
        1,
        1,
        1,
        0,
        1,
        0
      ]
    ],
    "vqe2_min_error": [
      3.534553704374044,
      1.575958652873799,
      1.545218110940516
    ],
    "vqe2_params": [
      [
        6.410473495575792,
        6.058478572283237,
        2.7073595726052866,
        5.854651638182765,
        7.130465995188716,
        6.716883004376997,
        4.322148193203686,
        3.3047528275634255,
        4.667503695322638,
        0.8121773873999056,
        5.468993028462754,
        6.402686636528213,
        5.820311673884342,
        2.72102296443526,
        3.961849049171669,
        6.386803889965139,
        6.652357280870461,
        4.372907679415045,
        4.241152307819723,
        1.46565616154498,
        5.36978538451903,
        2.833402382601231,
        4.633199593752398,
        3.0025635340683237,
        3.3544268969901205,
        3.899178065673125,
        4.011714862212855,
        2.315090087910775,
        3.096859536626469,
        3.0240634461175433,
        1.2403000843400307,
        5.842165689609058,
        4.84710781505392,
        5.085478787817208,
        7.18289978678877,
        0.7074420938162723,
        2.3306376154398665,
        3.775327905661821,
        0.7915351808402826,
        4.088283137089783
      ],
      [
        6.074130156730891,
        4.288955274423513,
        3.428727681545111,
        6.409459649744737,
        3.432076673495842,
        4.7979321660852445,
        1.690448925059056,
        -0.3720311298680743,
        6.220880692808274,
        5.874189812745301,
        3.5010752399781033,
        3.665610636735655,
        0.3616044560545411,
        4.144757017780667,
        1.0085236547542638,
        2.0609379045944243,
        3.3638958740029024,
        0.49442353882719503,
        3.6783605638307777,
        1.792902568573359,
        0.971045962895153,
        0.737268038868779,
        5.93474469429893,
        3.566750394830874,
        0.09598827885856474,
        1.3222625981223217,
        2.074558538563924,
        3.804950695229381,
        4.76323957885,
        4.167579404297751,
        1.5252722962030936,
        5.600786962270164,
        6.157975470038414,
        2.7871033328644734,
        6.158828573869629,
        0.4754088665558869,
        3.5661227797350774,
        0.7408915476300213,
        5.391729254203462,
        5.725277229775141,
        5.491698120678242,
        2.60313051822828,
        2.142145762298979,
        6.095382378801499,
        4.033702189657278,
        1.2607422379615298,
        5.900436995345928,
        0.5562762224607923,
        3.2806283547064647,
        2.5725705672326225,
        5.564580203840609,
        3.8489740136865147,
        1.658666486072786,
        4.6650545953440155,
        1.1131482923102267,
        5.957443209096321,
        1.3024598556894136,
        4.516773604312819,
        4.19672721593115,
        0.12558740753333492
      ],
      [
        3.218067716960435,
        5.4690737790570845,
        1.0467562646612665,
        1.0094614695695217,
        3.3799723687467713,
        5.112033483582384,
        3.8805680826722244,
        3.7093078776126576,
        3.743330576891492,
        6.1920549476446665,
        0.38270278535639735,
        1.3147151149795742,
        3.891604055964131,
        1.6594621887064103,
        3.124702068120205,
        2.4712942724378832,
        3.8252826895937293,
        4.65332343797245,
        4.340685199454545,
        1.5139188347706738,
        2.366095306689015,
        1.40094341634434,
        3.8436669968999992,
        2.7431943310246525,
        4.54744118718445,
        5.989650814774095,
        2.383294772551284,
        5.744051343967006,
        6.008162463492621,
        1.021747297729701,
        0.8511172491165926,
        3.377243516870986,
        5.160463818141386,
        0.8265633905432909,
        4.920525854916232,
        6.229968541018978,
        1.2915926107390159,
        1.048842367527332,
        2.9054965328900306,
        2.8912101968724473,
        3.8121801356535467,
        4.9296082159958186,
        0.04873139693446301,
        3.520358310985831,
        2.0087308282173097,
        1.087942397504095,
        1.5248474657623903,
        3.3274110599526106,
        2.966331009047227,
        1.1737330601650657,
        4.626355589020669,
        2.8647162544247853,
        1.8791587611920377,
        2.8168295592923642,
        2.0223183027415557,
        2.9236541635292244,
        0.6790250720301533,
        2.5590068311701293,
        0.810442236852777,
        4.903705492440222,
        4.014339338799517,
        1.4531458380701185,
        4.447589509152506,
        4.445492898726798,
        3.2850993329367957,
        3.2851194779973523,
        0.8138848356065533,
        3.2392354674308637,
        0.7978059389540412,
        2.3780359933534077,
        3.5243189994109314,
        5.0374308268969825,
        0.27182097044301157,
        1.3215664153498135,
        3.425371680759054,
        3.010291555932451,
        1.6785877226662618,
        0.1083863649882956,
        2.5214231271671625,
        1.7606786616668075,
        2.2400011307576198,
        4.4581138197904115,
        4.5078868773579615,
        0.2763635661980739,
        0.304593060092769,
        4.057007547742739,
        4.459613534747131,
        2.9878836688999706,
        4.239898327994231,
        1.5613617578617205
      ]
    ],
    "vqe2_time": [
      20.579626083374023,
      28.044896602630615,
      42.88020205497742
    ],
    "solution_vector": [
      1,
      1,
      1,
      0,
      1,
      0,
      0,
      0,
      1,
      0
    ],
    "solution_min_energy": -697.026418813192,
    "solution_time": 0.02347707748413086,
    "matrix_size": 10,
    "qubo_matrix": [
      [
        -84.3552801994032,
        5.438802885598806,
        10.877605771197612,
        21.755211542395223,
        2.719401442799403,
        2.7194013512723085,
        5.438802702544617,
        10.877605405089234,
        21.75521081017847,
        2.7194013512723085
      ],
      [
        5.438802885598806,
        -163.2717575132076,
        21.755211542395223,
        43.510423084790446,
        5.438802885598806,
        5.438802702544617,
        10.877605405089234,
        21.75521081017847,
        43.51042162035694,
        5.438802702544617
      ],
      [
        10.877605771197612,
        21.755211542395223,
        -304.78830348402,
        87.02084616958089,
        10.877605771197612,
        10.877605405089234,
        21.75521081017847,
        43.51042162035694,
        87.02084324071387,
        10.877605405089234
      ],
      [
        21.755211542395223,
        43.510423084790446,
        87.02084616958089,
        -522.555760798459,
        21.755211542395223,
        21.75521081017847,
        43.51042162035694,
        87.02084324071387,
        174.04168648142775,
        21.75521081017847
      ],
      [
        2.719401442799403,
        5.438802885598806,
        10.877605771197612,
        21.755211542395223,
        -84.3552801994032,
        2.7194013512723085,
        5.438802702544617,
        10.877605405089234,
        21.75521081017847,
        2.7194013512723085
      ],
      [
        2.7194013512723085,
        5.438802702544617,
        10.877605405089234,
        21.75521081017847,
        2.7194013512723085,
        -84.35506340595371,
        5.438802723930043,
        10.877605447860086,
        21.75521089572017,
        2.7194013619650215
      ],
      [
        5.438802702544617,
        10.877605405089234,
        21.75521081017847,
        43.51042162035694,
        5.438802702544617,
        5.438802723930043,
        -163.2713240879774,
        21.75521089572017,
        43.51042179144034,
        5.438802723930043
      ],
      [
        10.877605405089234,
        21.75521081017847,
        43.51042162035694,
        87.02084324071387,
        10.877605405089234,
        10.877605447860086,
        21.75521089572017,
        -304.7874372802346,
        87.02084358288069,
        10.877605447860086
      ],
      [
        21.75521081017847,
        43.51042162035694,
        87.02084324071387,
        174.04168648142775,
        21.75521081017847,
        21.75521089572017,
        43.51042179144034,
        87.02084358288069,
        -522.5540309775886,
        21.75521089572017
      ],
      [
        2.7194013512723085,
        5.438802702544617,
        10.877605405089234,
        21.75521081017847,
        2.7194013512723085,
        2.7194013619650215,
        5.438802723930043,
        10.877605447860086,
        21.75521089572017,
        -84.35506340595371
      ]
    ],
    "ansatze": [
      "twolocal",
      "alternating_ry_rz",
      "random_circuit"
    ],
    "histories_energy": [
      [
        [
          -559.729667800403,
          -565.1407606415038,
          -626.5198295736876,
          -614.5027952116906,
          -624.870617101473,
          -630.9156570510389,
          -631.9972734762514,
          -572.5902124870819,
          -622.5718107243733,
          -626.8704705592907,
          -626.4058485980868,
          -631.2346912576593,
          -633.7105064906079,
          -629.2377416586161,
          -635.691465962576,
          -635.729215652191,
          -624.3258467568662,
          -630.219230548367,
          -636.8781568462705,
          -628.6889473675869,
          -633.2761616566967,
          -631.1873359330656,
          -576.5669268283322,
          -630.3327065560101,
          -633.0033684744525,
          -628.0816804696732,
          -628.9815362316932,
          -637.1981529893726,
          -636.5500181855843,
          -639.0856177813401,
          -642.0800266384376,
          -635.7087523372519,
          -637.8043721861817,
          -635.9772867935799,
          -638.2039499109055,
          -645.3468627155623,
          -635.3370829700434,
          -638.0665588272697,
          -637.4175808077605,
          -638.6880085264487,
          -638.8643929606818,
          -637.7407072232382,
          -635.192229410771,
          -603.2450589581119,
          -637.9221578624882,
          -626.2196842873446,
          -640.9797855399506,
          -621.8302737103191,
          -634.9968181062948,
          -640.352892422212,
          -626.998766120291,
          -611.3787225841351,
          -636.9415091895781,
          -640.3213193681798,
          -636.390446212252,
          -641.652583481605,
          -637.0620538942704,
          -636.2326783817747,
          -638.5819805026341,
          -648.4094930229872,
          -647.9108407814139,
          -657.4079147237105,
          -648.5779883582738,
          -654.6779513347954,
          -649.3660911441698,
          -649.8001935482757,
          -652.2288397523122,
          -652.8527592489404,
          -645.7522356221958,
          -658.0925915772909,
          -632.3760741086338,
          -654.3483482808551,
          -658.4735562733246,
          -654.6150516949543,
          -653.3207548167181,
          -657.8082433082743,
          -628.8370659905142,
          -644.0669882385063,
          -627.9928406977536,
          -656.8147338398323,
          -645.7582600997372,
          -661.5983174162309,
          -658.4109297736351,
          -637.5040557740172,
          -657.4937261820293,
          -660.7752375872374,
          -660.90567553525,
          -661.0147682952401,
          -650.0938596075448,
          -652.2035972519451,
          -660.3253247742034,
          -656.2121510384031,
          -657.2348019678662,
          -654.2963624933436,
          -662.7640284240272,
          -657.2693106879692,
          -662.4015592104786,
          -658.0010356616542,
          -652.9761668264795,
          -666.6343327151338
        ]
      ],
      [
        [
          -568.0551965993759,
          -575.1835459696274,
          -562.4634592497129,
          -601.9286571579805,
          -596.4827952486229,
          -596.2782463019233,
          -594.3321341025413,
          -604.1837563479455,
          -580.2986954738643,
          -609.7024430887752,
          -596.4596478886632,
          -598.4729063604254,
          -585.6100065501598,
          -573.0868757183744,
          -606.6245416302476,
          -597.3128826113118,
          -591.4457406547815,
          -603.134755729318,
          -588.9813500699418,
          -599.9319375319923,
          -594.6815349231348,
          -598.2636855822794,
          -598.7536458396025,
          -573.2921298673593,
          -598.7399670964791,
          -600.1748351732576,
          -598.7799956447664,
          -605.3921882775155,
          -589.2959055051507,
          -599.0792556655338,
          -599.6624918888091,
          -597.4709217937576,
          -602.6247869220593,
          -596.2310466957032,
          -602.9995415436076,
          -595.2257945664181,
          -603.9719887671409,
          -603.2850578382725,
          -597.3687543659832,
          -597.365562563309,
          -602.4473222195217,
          -602.3320316816221,
          -598.715431520846,
          -600.2312022047926,
          -602.6248340611786,
          -601.8168134260117,
          -598.4089652580977,
          -599.1867352904866,
          -594.6283970628855,
          -603.8128715412422,
          -600.1758497759195,
          -594.5022293012198,
          -603.4520870613985,
          -599.2750328204228,
          -600.5927517076434,
          -606.1634180398949,
          -600.010137104699,
          -600.3262505082669,
          -595.8276057665846,
          -604.3627051211665,
          -603.1410450933521,
          -615.7441230849862,
          -611.3640468371397,
          -614.0602369784648,
          -618.9864110691761,
          -610.2006260486361,
          -603.0360921469731,
          -615.4630634132693,
          -608.8049231573651,
          -615.4806355716007,
          -624.5864303855815,
          -624.8876548381561,
          -603.1238767070863,
          -628.9657735233878,
          -621.2822894187244,
          -627.9710402242107,
          -626.8878611104408,
          -629.6875143936227,
          -632.4545780071545,
          -629.2543602829986,
          -633.646436063935,
          -631.9483176391599,
          -636.3969284940571,
          -633.9963839940549,
          -632.2211981789621,
          -631.1109530172482,
          -635.041749818541,
          -633.1754675271376,
          -634.382036204289,
          -633.0402604940414,
          -633.6824672621846,
          -624.7755079840082,
          -640.1814926433761,
          -635.2489055720466,
          -645.7037246441225,
          -642.1584659941753,
          -646.8435587572894,
          -641.9129089494529,
          -641.8665850132784,
          -646.5132105045154
        ]
      ],
      [
        [
          -596.5554776814715,
          -574.6718187718101,
          -598.519207788614,
          -599.6442425851085,
          -597.9644716141734,
          -585.9869058762982,
          -579.3554796362301,
          -591.5466707511601,
          -599.667929284047,
          -591.3230605854475,
          -589.7001823072239,
          -593.4313432485867,
          -598.4496983699465,
          -605.8157764672728,
          -605.4086633528813,
          -607.8234484666001,
          -601.5732196294173,
          -568.2174653098491,
          -611.5260793733829,
          -611.568640597626,
          -612.9512190138969,
          -616.3392532388742,
          -597.6649478979864,
          -606.2693591739402,
          -613.9148102863577,
          -614.894573128779,
          -624.6729445005826,
          -599.9181989786044,
          -613.0097550697178,
          -610.3297891217425,
          -615.7527296645819,
          -620.9259505378324,
          -613.7638436385436,
          -622.09446585513,
          -614.5104563614623,
          -614.2879663307305,
          -614.5547900680444,
          -621.5130861175619,
          -615.4331515869973,
          -616.9967009396405,
          -620.4407354746597,
          -615.8066891074021,
          -619.3573681914444,
          -618.6360586610905,
          -615.6986115630151,
          -621.0630269954268,
          -616.6499813200737,
          -610.5599359472482,
          -620.5425017396446,
          -624.5509020866543,
          -626.2354215452757,
          -619.6501846577108,
          -614.8578194941775,
          -618.0565102009508,
          -614.9426771050097,
          -619.9873588329464,
          -618.540932689024,
          -613.2036825907388,
          -619.3512180259561,
          -618.2268391422101,
          -617.3516014114686,
          -618.7754096560907,
          -620.7618704180352,
          -617.818853986071,
          -619.5966405093961,
          -619.4118922893269,
          -623.5147759952666,
          -617.5706371006162,
          -613.5161209876438,
          -615.3384362875495,
          -615.2280825235173,
          -615.7787689154347,
          -614.0638943180858,
          -614.8751584660687,
          -617.4828104609827,
          -620.222241815049,
          -616.5695657358045,
          -615.2257895483563,
          -618.2475656193104,
          -612.8830022416889,
          -617.9478163617997,
          -621.8540782561245,
          -616.1542325377181,
          -617.2363419620455,
          -616.3133038271745,
          -619.9082777351585,
          -618.8836927092551,
          -618.1880117648348,
          -617.9974058419468,
          -617.8147106403834,
          -615.8280346104265,
          -606.845003407449,
          -612.7962398535351,
          -582.1476242805987,
          -625.734632635321,
          -610.1526743746983,
          -615.5981954530863,
          -604.3081832668194,
          -616.9597748869523,
          -613.2468618826904
        ]
      ]
    ]
  }
]