[
  {
    "vqe2_energy": [
      -530.1696279865035,
      -523.8386409787734,
      -499.11635270205306
    ],
    "vqe2_vector": [
      [
        0,
        0,
        1,
        1,
        1,
        1,
        1,
        0,
        0,
        1
      ],
      [
        0,
        0,
        1,
        1,
        1,
        1,
        0,
        0,
        0,
        0
      ],
      [
        1,
        0,
        0,
        1,
        1,
        1,
        0,
        0,
        1,
        1
      ]
    ],
    "vqe2_min_error": [
      0.3834954354060338,
      1.573059610459071,
      6.218267130773314
    ],
    "vqe2_params": [
      [
        4.953997757464229,
        6.153259534142872,
        6.83693836698451,
        6.057454562849757,
        2.1224802865126873,
        6.055267966128837,
        -0.1741001214374505,
        1.7838754873858669,
        0.5659485555458611,
        4.051709947911972,
        3.885726527515924,
        0.37257617986841585,
        2.197237180708322,
        6.067228907009046,
        5.624645017958158,
        5.950787121063113,
        5.548834620080858,
        1.3326009885023087,
        3.4115678147014084,
        2.1912732298076203,
        0.9966912404202581,
        -0.22860049399719842,
        5.8505630376902245,
        2.8895801355279787,
        2.11732495853193,
        1.9231798473675727,
        3.099803250486072,
        1.391799298712746,
        0.213994531322854,
        4.700931213171386,
        0.3377634610350734,
        5.063990024968864,
        2.3983407201684295,
        0.5821744846664272,
        5.494847998557359,
        3.364996378401168,
        5.239690338543079,
        4.272377884103433,
        2.4225757216896513,
        1.0913368289963459
      ],
      [
        6.6413914992684,
        4.682265652381799,
        0.638429930520836,
        1.9779789641072545,
        2.4420088698845785,
        7.079515251176051,
        3.527923259711976,
        4.630886719149783,
        2.777155404241384,
        3.1022457945015165,
        0.34671798196469816,
        4.5781897446422235,
        2.6195567679227723,
        0.5987646230588891,
        5.4281657298222035,
        4.940143817306675,
        3.556965366789247,
        2.06088392535701,
        0.6017457020310796,
        0.37599505418429524,
        4.722893103256628,
        0.01738798883532329,
        2.373886442456615,
        2.316537462994045,
        5.7385672380747215,
        1.1023480878770255,
        3.379260056445136,
        4.772713697709082,
        3.7313002219326408,
        4.297685692624227,
        0.8394872269632336,
        2.6600014376593446,
        5.29946893046982,
        2.4383857297232954,
        3.6582036628076082,
        2.4913247512466876,
        1.7006996454042254,
        5.171747636766661,
        4.204649335973882,
        3.834723589078634,
        6.897130890522766,
        3.8300530288687615,
        2.9195874145878746,
        4.082171350030705,
        5.168966086133318,
        4.126525947958037,
        5.42161741304314,
        5.427719994082853,
        4.652369325591345,
        5.697469293727698,
        1.2121749226279825,
        2.2221705119765747,
        2.8386326516171767,
        6.244337674196068,
        4.45819879020084,
        0.3837533076428183,
        4.178099079128915,
        0.3303459018803836,
        0.337765581262778,
        5.932104379526875
      ],
      [
        5.174734101432324,
        2.810285424962722,
        3.6835057657576726,
        2.9665206047427533,
        4.934240943007949,
        4.481364393928895,
        4.00553892878979,
        4.814728622967527,
        3.0626715143373846,
        0.8918616966842549,
        1.707017354242143,
        4.611991179347389,
        1.5985248784107262,
        3.128383915039061,
        0.8371635112255115,
        5.759361213955794,
        4.557618787064298,
        3.8939670195163822,
        2.7914679022583537,
        1.6932148070027284,
        0.8884846444753388,
        2.8919946657112323,
        1.569179016915812,
        6.228761247471542,
        2.4056358430582367,
        6.738193734503879,
        5.06800112291033,
        4.2112722474937625,
        1.3312609734778356,
        0.44217151077482525,
        5.476578692285263,
        0.9455291661676349,
        5.929773569430768,
        5.75976642001536,
        4.408209267702862,
        3.4931403305211766,
        6.451132615788453,
        2.9821941086409263,
        5.5899270007079,
        3.609177026465957,
        0.586722436568592,
        3.774042079413814,
        3.770864708163769,
        1.0676874595509682,
        3.651632612956162,
        3.3815562799396046,
        4.544729944501163,
        2.189940405423945,
        0.8501223803172003,
        1.4646243863410613,
        4.213445947806576,
        2.823366348695155,
        2.8001296631913104,
        2.0677472127993113,
        4.907311590957167,
        0.34895974968350973,
        3.944313896625921,
        2.5608210308522352,
        0.9325385846057135,
        5.522294800111169,
        1.8833946125013523,
        5.876036412992429,
        5.479228621206153,
        4.5373813413262045,
        3.4398644885598753,
        2.6207817988228315,
        2.175251930392529,
        0.02115304354770873,
        5.31044408118636,
        1.429826077767146,
        4.583613886091561,
        5.375935392276992,
        3.0299128653017813,
        4.38653920930717,
        3.642619314620395,
        3.12467547726397,
        4.5302923229286245,
        4.541441990205234,
        6.1488544750920315,
        5.405176622532337,
        4.131235130339294,
        2.554700395899013,
        1.1099016355883302,
        5.225220750567216,
        1.408983655687755,
        1.6908002086323826,
        0.2670993051929976,
        6.278305902873079,
        4.95742337598915,
        0.18194814913528568
      ]
    ],
    "vqe2_time": [
      20.959630966186523,
      25.58621883392334,
      18.39189648628235
    ],
    "solution_vector": [
      1,
      0,
      1,
      0,
      1,
      0,
      1,
      0,
      1,
      0
    ],
    "solution_min_energy": -532.2106314649171,
    "solution_time": 0.024472951889038086,
    "matrix_size": 10,
    "qubo_matrix": [
      [
        -64.4160845766142,
        4.153694570637119,
        8.307389141274237,
        16.614778282548475,
        2.0768472853185593,
        2.0768472493775922,
        4.1536944987551845,
        8.307388997510369,
        16.614777995020738,
        2.0768472493775922
      ],
      [
        4.153694570637119,
        -124.67847458259128,
        16.614778282548475,
        33.22955656509695,
        4.153694570637119,
        4.1536944987551845,
        8.307388997510369,
        16.614777995020738,
        33.229555990041476,
        4.1536944987551845
      ],
      [
        8.307389141274237,
        16.614778282548475,
        -232.7421708826341,
        66.4591131301939,
        8.307389141274237,
        8.307388997510369,
        16.614777995020738,
        33.229555990041476,
        66.45911198008295,
        8.307388997510369
      ],
      [
        16.614778282548475,
        33.22955656509695,
        66.4591131301939,
        -399.0252286350743,
        16.614778282548475,
        16.614777995020738,
        33.229555990041476,
        66.45911198008295,
        132.9182239601659,
        16.614777995020738
      ],
      [
        2.0768472853185593,
        4.153694570637119,
        8.307389141274237,
        16.614778282548475,
        -64.4160845766142,
        2.0768472493775922,
        4.1536944987551845,
        8.307388997510369,
        16.614777995020738,
        2.0768472493775922
      ],
      [
        2.0768472493775922,
        4.1536944987551845,
        8.307388997510369,
        16.614777995020738,
        2.0768472493775922,
        -64.4157464763014,
        4.153694494953648,
        8.307388989907295,
        16.61477797981459,
        2.076847247476824
      ],
      [
        4.1536944987551845,
        8.307388997510369,
        16.614777995020738,
        33.229555990041476,
        4.1536944987551845,
        4.153694494953648,
        -124.67779845764913,
        16.61477797981459,
        33.22955595962918,
        4.153694494953648
      ],
      [
        8.307388997510369,
        16.614777995020738,
        33.229555990041476,
        66.45911198008295,
        8.307388997510369,
        8.307388989907295,
        16.61477797981459,
        -232.74081893548367,
        66.45911191925836,
        8.307388989907295
      ],
      [
        16.614777995020738,
        33.229555990041476,
        66.45911198008295,
        132.9182239601659,
        16.614777995020738,
        16.61477797981459,
        33.22955595962918,
        66.45911191925836,
        -399.022525951709,
        16.61477797981459
      ],
      [
        2.0768472493775922,
        4.1536944987551845,
        8.307388997510369,
        16.614777995020738,
        2.0768472493775922,
        2.076847247476824,
        4.153694494953648,
        8.307388989907295,
        16.61477797981459,
        -64.4157464763014
      ]
    ],
    "ansatze": [
      "twolocal",
      "alternating_ry_rz",
      "random_circuit"
    ],
    "histories_energy": [
      [
        [
          -432.202948149786,
          -446.5716221653934,
          -485.561898726394,
          -492.22261150837664,
          -492.1358021559219,
          -490.7167175727306,
          -489.589123522213,
          -455.5169723363396,
          -487.1657144327629,
          -483.03499974905355,
          -491.9283134696734,
          -495.6273572177108,
          -492.17616959351363,
          -494.079575364194,
          -490.8337505392585,
          -492.5344019296102,
          -492.64376736134466,
          -490.2146215195645,
          -490.55809804495823,
          -494.57339930879255,
          -491.4601497695914,
          -494.6098559021751,
          -467.5827351231123,
          -494.42411918503933,
          -487.73119349386513,
          -491.0280184652251,
          -494.76831904911035,
          -483.1776197575859,
          -490.1715470184254,
          -492.8617104842765,
          -492.1013310794335,
          -493.09771526702485,
          -491.7178288547133,
          -491.89368241180506,
          -492.0536051751418,
          -492.1818636315834,
          -493.36854422714237,
          -492.689487440418,
          -491.09893486683376,
          -493.8162412441204,
          -492.35817978328544,
          -497.5797984792842,
          -491.9016774135731,
          -493.70867831476164,
          -494.77412270451424,
          -502.2521836430766,
          -496.5130208397771,
          -496.3965013394774,
          -498.1986362624049,
          -500.42914883850074,
          -493.9588153539136,
          -499.21720780955644,
          -494.11715010095844,
          -503.9490632315318,
          -512.0362744229664,
          -510.31218225844367,
          -513.7709755084121,
          -510.231315777477,
          -513.5964808037795,
          -513.3928569182915,
          -511.790435282143,
          -513.0431324595024,
          -511.5639410465842,
          -513.4983534464997,
          -513.6129144537599,
          -513.6465920563917,
          -512.1653282142761,
          -511.6756637233926,
          -512.5221653998683,
          -513.5165731887217,
          -512.6304475484909,
          -513.8958761801932,
          -511.49839988220685,
          -512.9045046488274,
          -512.325217696546,
          -514.1801042230068,
          -510.1240201989729,
          -513.3647591928586,
          -512.4093890085483,
          -515.7387318182466,
          -516.2438965830788,
          -514.2107759419712,
          -515.7240993325508,
          -506.6574972056738,
          -511.84764865434903,
          -514.4818355737231,
          -515.3606393684815,
          -515.6859157506894,
          -513.2369773804503,
          -502.564867399491,
          -512.762024316009,
          -516.070707536649,
          -510.8735087157338,
          -513.8706397024895,
          -512.3918370801248,
          -509.20693906907815,
          -514.4173036582536,
          -512.2646610054935,
          -513.1241266508966,
          -514.1377741816866
        ]
      ],
      [
        [
          -418.0209816740752,
          -420.2352223615219,
          -425.74975521442525,
          -431.97863592653533,
          -441.46544998425856,
          -438.047216904051,
          -443.26734264852337,
          -454.5444927430382,
          -450.9011910253374,
          -450.0309322360547,
          -453.21651564756866,
          -453.53524866119545,
          -454.02140777814617,
          -452.5130198207815,
          -454.2599787052643,
          -456.57189133420604,
          -456.3303980296978,
          -410.40623042675054,
          -453.2325457281633,
          -451.36578500304836,
          -453.0833532662963,
          -449.7105213631876,
          -452.7023403104493,
          -453.63193609763005,
          -454.47078752058474,
          -452.948676657724,
          -449.1963008250116,
          -473.25729870352706,
          -467.36779478915435,
          -459.0427343005286,
          -474.3770431160769,
          -474.073085009859,
          -473.38074070400205,
          -471.68607358420354,
          -469.0479851185724,
          -472.9029138143659,
          -473.2642520287408,
          -473.2778057426158,
          -473.9236120252717,
          -474.0706462222635,
          -473.1247403510343,
          -474.73286248955606,
          -469.6501358198805,
          -478.11318039163075,
          -474.3182297734411,
          -474.2949773712364,
          -476.3959108622039,
          -471.9475988173999,
          -471.7999253915526,
          -472.2917322463089,
          -472.2127162369547,
          -473.3727494386427,
          -471.6950803716368,
          -472.3345117947068,
          -474.1904021132212,
          -475.3012942548381,
          -475.99790130987986,
          -475.58387120971923,
          -474.3944340742769,
          -473.5347130072052,
          -473.236324863376,
          -442.78340067665675,
          -472.6185740658207,
          -447.52775423918774,
          -469.4399597373349,
          -470.3517944920725,
          -478.75289243959094,
          -485.63713554650144,
          -483.62234751027404,
          -484.76722562501425,
          -486.74015188872676,
          -465.31032062864114,
          -485.1156608837259,
          -486.26957912684594,
          -485.85724747232075,
          -484.59566593867373,
          -483.4983950413856,
          -483.7246821760148,
          -484.4938122389862,
          -486.84573458882767,
          -485.8852534285085,
          -484.5556999572317,
          -485.4186214804184,
          -486.60097819056773,
          -484.84351462193956,
          -479.3537294938663,
          -489.681361184096,
          -482.7630399672883,
          -482.38084377873076,
          -451.16906009116644,
          -488.048815185609,
          -491.08067531098925,
          -490.48348104248583,
          -487.3691177312924,
          -491.4748913995555,
          -490.73543869289676,
          -489.26988179233496,
          -490.06406518283575,
          -489.1694208482443,
          -488.47633354348363
        ]
      ],
      [
        [
          -443.5538758458701,
          -447.18727432651696,
          -451.2064416091123,
          -445.3862337508783,
          -446.1340059065088,
          -433.0944721128733,
          -448.52260497876625,
          -451.7306404901487,
          -460.1171371442581,
          -446.86747771476325,
          -458.27100782944393,
          -446.66983743915426,
          -434.39872291322325,
          -454.6525797444331,
          -440.4613560214112,
          -455.7062285548085,
          -451.64966533562927,
          -457.5742442311247,
          -469.61759990562257,
          -459.21795408138723,
          -471.9925569267449,
          -462.54957413837496,
          -482.75282057024344,
          -459.2147750008662,
          -480.11210167817126,
          -480.6237955102529,
          -485.04810001678777,
          -471.433727162168,
          -480.8999785396553,
          -482.1707465113547,
          -475.78691546103363,
          -478.93343274077085,
          -482.25688483711997,
          -478.36083668310926,
          -482.02338460307897,
          -481.3169396894289,
          -482.91844709969166,
          -486.17262554974866,
          -482.10143374510517,
          -480.59194920039573,
          -481.69712925781994,
          -483.73075649498503,
          -481.35448826409834,
          -481.34855032204814,
          -486.2714573155614,
          -482.594413108949,
          -482.3634059666279,
          -482.26572892660874,
          -482.4599377426741,
          -479.63489238582616,
          -481.5261283299959,
          -485.7135493508419,
          -485.2389821459418,
          -479.49834438770074,
          -486.61606993820607,
          -482.3702398196966,
          -478.367984295002,
          -482.76073213445784,
          -481.3769312232009,
          -481.4142542850434,
          -484.49695070056157,
          -484.4704086356655,
          -482.967478091793,
          -482.12534209626926,
          -479.143743018317,
          -485.4319619657673,
          -478.0947151965356,
          -480.5088721988074,
          -480.70206644694395,
          -482.91601263368943,
          -482.39643026102965,
          -482.9131342767604,
          -484.7399393900731,
          -483.72670066014547,
          -481.3771566527624,
          -485.6890498671847,
          -483.09092681952745,
          -481.0836212504929,
          -479.1203057382773,
          -481.58727034232317,
          -478.8188891909994,
          -481.9009473027468,
          -487.20590334577287,
          -482.89708798931514,
          -484.21795488718595,
          -483.0366631864902,
          -485.92679602691516,
          -482.84742846549585,
          -482.06839895081833,
          -480.0319158632617,
          -483.9350618466551,
          -477.2152512746324,
          -479.8887613633641,
          -473.43429376502047,
          -477.3196102710528,
          -466.44356683627524,
          -481.2910259351036,
          -473.5307514080415,
          -485.5619247790793,
          -485.2622254534605
        ]
      ]
    ]
  }
]