[
  {
    "vqe2_energy": [
      -1222.2944736398567,
      -1053.976737126159,
      -1149.9216588867662
    ],
    "vqe2_vector": [
      [
        0,
        0,
        0,
        1,
        0,
        0,
        0,
        0,
        1,
        1
      ],
      [
        0,
        0,
        0,
        1,
        1,
        0,
        0,
        0,
        0,
        1
      ],
      [
        1,
        0,
        1,
        0,
        1,
        1,
        0,
        1,
        0,
        1
      ]
    ],
    "vqe2_min_error": [
      0.3803833105501142,
      14.098639226080778,
      6.278922672320775
    ],
    "vqe2_params": [
      [
        0.1461189404957297,
        2.3388138213885132,
        4.374424001624416,
        0.14122708510123555,
        2.436986597850631,
        2.6978660984543894,
        4.2138958243869915,
        1.3298503535665047,
        3.1980043602609323,
        4.98535154835432,
        1.9785663364094512,
        1.104727876435328,
        3.8133604292644434,
        3.19281257164836,
        5.7927066882595835,
        3.5701156701818686,
        4.03112169744634,
        2.3501431523197547,
        5.323100477297946,
        3.9503479204466037,
        2.044350762635372,
        5.90668894191544,
        2.120846189619174,
        0.8881483902937002,
        2.307556816771987,
        2.454384644976376,
        5.632526946461027,
        1.6374347695376885,
        2.8609363889768136,
        0.9135773445295334,
        4.620595692675194,
        1.0286225364973767,
        0.6801023152333932,
        4.753830119373815,
        2.2806154775681353,
        1.3872465103842118,
        0.21016289813348482,
        0.6286456237315545,
        3.2988557529582825,
        3.831563666043767
      ],
      [
        6.6607140428014056,
        5.1029039881822555,
        4.946938056197463,
        3.6708480388942824,
        0.8744417890601127,
        4.939798036099185,
        3.6509917000660526,
        3.17331425691978,
        2.9394024864295623,
        0.879726821487943,
        1.9802418026609554,
        5.796349599894304,
        6.091877287382303,
        1.4868696285247633,
        6.33711410253974,
        2.886687114347992,
        7.122262120859661,
        0.4692212845329786,
        1.0268475494133689,
        1.9741479312665215,
        0.5739490244815879,
        1.9664440550265732,
        1.6166363113980193,
        4.051810671076264,
        1.5480235993263693,
        0.06422623125190961,
        5.344077726838748,
        3.7300518649366436,
        1.367459189209892,
        4.080342259449177,
        2.5343812942090076,
        5.878412881058668,
        3.7391310055473927,
        0.047869778023502695,
        5.752237902898185,
        1.2929074798047755,
        4.4148428923906105,
        5.200309982310912,
        1.734320992409342,
        3.5824506175843154,
        4.617539292993161,
        0.8364104738164899,
        6.893963489066481,
        4.157546203311778,
        3.7812935424031133,
        1.5342723400587828,
        6.182480904747687,
        5.2463846609435905,
        1.6425380380870993,
        1.8663736154224415,
        3.289487900160283,
        2.352365472384599,
        0.15329110325674514,
        3.019077563727722,
        5.241189782694689,
        0.07664673272325385,
        4.790975683333011,
        4.649048416205717,
        5.944031576474359,
        5.405377911028386
      ],
      [
        2.198539306787411,
        5.934250421924904,
        4.293747354219897,
        3.3267757771366364,
        2.643312113462104,
        1.29695608069363,
        3.699440437512598,
        7.631225381420997,
        5.173442811920766,
        4.38441597812332,
        2.0629759170645525,
        4.240349167518948,
        1.8049423979437904,
        5.67028285306047,
        1.0165945451447045,
        7.122538390297256,
        5.295393048018152,
        0.3352689660001323,
        5.981460353860831,
        6.1315531799360015,
        6.240124593764303,
        5.496678630603515,
        6.065778512320681,
        4.693542480313259,
        3.5700363691337964,
        3.0989304662772255,
        4.14391030432674,
        6.080431953309558,
        3.672546028527146,
        1.3924311003059289,
        4.283033072824617,
        5.309118350195907,
        3.3546568159342773,
        5.005424881652409,
        5.186797284990288,
        4.8247524629460745,
        4.00835154086392,
        6.2324667867613295,
        3.6126095867943477,
        2.435209048451156,
        0.5562379776891535,
        2.9043322972411922,
        0.46979099751839054,
        4.266553798921101,
        4.433056142900146,
        2.5920797324107436,
        2.0996898105299993,
        5.386700925083753,
        4.982921149051952,
        4.523061077022345,
        0.3944806156966014,
        3.90295081936913,
        6.0440384841798895,
        0.5828281932617178,
        4.691890659182489,
        0.8647622391146239,
        2.6279429416897946,
        2.7761298714089477,
        5.433988180129043,
        1.5989737956625305,
        2.6072526593216345,
        1.5395738338335347,
        5.024676234634937,
        5.383085537969068,
        3.228520343129665,
        4.676395957422902,
        5.928849152231986,
        5.442268089984656,
        4.651741908993125,
        0.9912538385884109,
        5.03516649665153,
        3.34335523873565,
        4.257062283747028,
        2.6646535459589473,
        0.8052083177812229,
        2.6878437806179565,
        0.7417354569018701,
        1.5932398370082637,
        0.25324739486506787,
        5.460009253296201,
        2.363425388619382,
        2.4419231584287155,
        3.6677420882091605,
        2.8070061117878735,
        0.38203737099183965,
        4.765120889591137,
        -0.054069924107963636,
        0.04166476328313952,
        4.385496264492928,
        4.066005376613839
      ]
    ],
    "vqe2_time": [
      21.86846923828125,
      36.2281391620636,
      33.13004779815674
    ],
    "solution_vector": [
      0,
      0,
      0,
      1,
      0,
      0,
      0,
      0,
      1,
      0
    ],
    "solution_min_energy": -1226.9616309106946,
    "solution_time": 0.02426934242248535,
    "matrix_size": 10,
    "qubo_matrix": [
      [
        -148.4665109491075,
        9.570851783390662,
        19.141703566781324,
        38.28340713356265,
        4.785425891695331,
        4.7854256847286685,
        9.570851369457337,
        19.141702738914674,
        38.28340547782935,
        4.7854256847286685
      ],
      [
        9.570851783390662,
        -287.3621701148243,
        38.28340713356265,
        76.5668142671253,
        9.570851783390662,
        9.570851369457337,
        19.141702738914674,
        38.28340547782935,
        76.5668109556587,
        9.570851369457337
      ],
      [
        19.141703566781324,
        38.28340713356265,
        -536.4409330960859,
        153.1336285342506,
        19.141703566781324,
        19.141702738914674,
        38.28340547782935,
        76.5668109556587,
        153.1336219113174,
        19.141702738914674
      ],
      [
        38.28340713356265,
        76.5668142671253,
        153.1336285342506,
        -919.7482376579213,
        38.28340713356265,
        38.28340547782935,
        76.5668109556587,
        153.1336219113174,
        306.2672438226348,
        38.28340547782935
      ],
      [
        4.785425891695331,
        9.570851783390662,
        19.141703566781324,
        38.28340713356265,
        -148.4665109491075,
        4.7854256847286685,
        9.570851369457337,
        19.141702738914674,
        38.28340547782935,
        4.7854256847286685
      ],
      [
        4.7854256847286685,
        9.570851369457337,
        19.141702738914674,
        38.28340547782935,
        4.7854256847286685,
        -148.46646511137135,
        9.570851428318853,
        19.141702856637707,
        38.283405713275414,
        4.785425714159427
      ],
      [
        9.570851369457337,
        19.141702738914674,
        38.28340547782935,
        76.5668109556587,
        9.570851369457337,
        9.570851428318853,
        -287.36207879442384,
        38.283405713275414,
        76.56681142655083,
        9.570851428318853
      ],
      [
        19.141702738914674,
        38.28340547782935,
        76.5668109556587,
        153.1336219113174,
        19.141702738914674,
        19.141702856637707,
        38.283405713275414,
        -536.4407518755722,
        153.13362285310166,
        19.141702856637707
      ],
      [
        38.28340547782935,
        76.5668109556587,
        153.1336219113174,
        306.2672438226348,
        38.28340547782935,
        38.283405713275414,
        76.56681142655083,
        153.13362285310166,
        -919.7478808980429,
        38.283405713275414
      ],
      [
        4.7854256847286685,
        9.570851369457337,
        19.141702738914674,
        38.28340547782935,
        4.7854256847286685,
        4.785425714159427,
        9.570851428318853,
        19.141702856637707,
        38.283405713275414,
        -148.46646511137135
      ]
    ],
    "ansatze": [
      "twolocal",
      "alternating_ry_rz",
      "random_circuit"
    ],
    "histories_energy": [
      [
        [
          -851.2659436826614,
          -843.0474709355914,
          -955.7092842602251,
          -1023.9297837617387,
          -997.0543848730907,
          -1022.7244215167439,
          -1010.2691555758345,
          -1015.3867085145882,
          -1040.1674999054226,
          -1035.2237060056395,
          -1032.6826369922874,
          -1019.7252571500543,
          -1030.858614672793,
          -1034.7517277022093,
          -1047.084036070853,
          -1037.8393859601326,
          -1026.0706299201959,
          -984.1841843840033,
          -1018.0801200759942,
          -1036.4021038477374,
          -1037.3064286744775,
          -1039.3809812568459,
          -1038.2929622227614,
          -1029.2913407467076,
          -1025.37134974581,
          -1035.644331514084,
          -1032.9340335735276,
          -1059.0747813586572,
          -1094.6123055796188,
          -1089.0439215279496,
          -1091.0498234884249,
          -1083.7629093965402,
          -1090.8043308179526,
          -1088.1697782218005,
          -1092.595474216734,
          -1084.1840484887696,
          -1094.7724568620367,
          -1089.8936459072702,
          -1086.7987593520709,
          -1086.7880052597632,
          -1084.7114079846099,
          -1103.1979338015553,
          -1118.2334159141042,
          -1115.4109813049768,
          -1098.7588601177083,
          -1094.0505208339357,
          -1102.4887560834848,
          -1113.3844280631986,
          -1127.3342602401913,
          -1118.9049348348506,
          -1129.681565384406,
          -1143.9837005930456,
          -1143.0391870120604,
          -1120.0745310655536,
          -1126.1746302350357,
          -1136.2655167249138,
          -1147.7928124000953,
          -1140.9534840712486,
          -1141.858367186156,
          -1159.6860519211943,
          -1158.9759821143114,
          -1161.950242115666,
          -1162.895548921652,
          -1156.905230469044,
          -1168.6350474841,
          -1144.3691297641585,
          -1164.0601845245153,
          -1163.328282107882,
          -1145.6134578667636,
          -1162.965769345478,
          -1164.103531713941,
          -1156.0450793248674,
          -1164.149510731479,
          -1158.3103644529685,
          -1166.1138907922723,
          -1169.8507753053418,
          -1159.189757515989,
          -1160.523631548596,
          -1154.6789628453591,
          -1160.3429434728253,
          -1163.7144132368967,
          -1158.7220664332974,
          -1151.0992320764974,
          -1124.4817510679188,
          -1163.7850175086812,
          -1148.5245838268058,
          -1151.3164463699168,
          -1125.3325763906778,
          -1162.7595535253624,
          -1144.2618885124318,
          -1157.9823944637812,
          -1162.788851591088,
          -1153.7903252323024,
          -1163.0720405446934,
          -1155.2807234901782,
          -1163.234297957744,
          -1159.0844908813758,
          -1173.2591182064261,
          -1163.3934641017174,
          -1172.7324630929957
        ]
      ],
      [
        [
          -1061.3425294114807,
          -1063.9122923946752,
          -1038.8234961336886,
          -1072.9315940571073,
          -1038.2794597934453,
          -1056.065056130256,
          -1059.9287026234656,
          -1050.4134474929988,
          -1078.1496735421517,
          -1076.969101485877,
          -1047.828363505153,
          -1075.739361491034,
          -1047.4528661857255,
          -1062.2991865578242,
          -1071.561189722328,
          -1080.789308587826,
          -1079.7551913639586,
          -1082.7695486509908,
          -1059.0678307430169,
          -1090.127031182849,
          -1081.664198141883,
          -1085.3027761143082,
          -1084.4024528170735,
          -1076.1440754961511,
          -1089.3857213269503,
          -1100.9212273349774,
          -1097.1665115179176,
          -1041.746795496886,
          -1044.2777446176774,
          -1094.4991586616345,
          -1088.316013438132,
          -1088.141067321111,
          -1087.833366831349,
          -1082.7631113963803,
          -1079.3441244456944,
          -1090.591369111746,
          -1089.4502321759799,
          -1095.6883764349436,
          -1089.048238263173,
          -1091.389302458431,
          -1091.1027767157348,
          -1097.7384200336849,
          -1098.1330192765438,
          -1101.3492325719992,
          -1090.582746717949,
          -1094.754758661934,
          -1087.7729784692522,
          -1086.2092852215246,
          -1086.45317953346,
          -1082.642280496806,
          -1093.8341828557668,
          -1085.5799795764162,
          -1088.5043299619902,
          -1093.9870986098174,
          -1089.3424587754484,
          -1089.0056049688985,
          -1089.8021401883593,
          -1101.9736415429898,
          -1100.9961228964883,
          -1079.0756680577215,
          -1075.0575278871165,
          -1042.1581738810792,
          -1089.5732805836062,
          -1086.8782790438977,
          -1090.950065183255,
          -1061.0663101753735,
          -1097.5834168675265,
          -1101.5442659828288,
          -1086.2306844906852,
          -1067.510642641526,
          -1092.732519388853,
          -1098.6887975739305,
          -1093.184589594922,
          -1054.7639017614417,
          -1087.718275718373,
          -1070.358293757405,
          -1091.531397156365,
          -1063.458714467892,
          -1084.4487989943061,
          -1085.2593505412026,
          -1097.6710765543012,
          -1083.8585486228142,
          -1094.8129450421895,
          -1100.9539230812607,
          -1088.224464975504,
          -1086.2003261775678,
          -1081.8635055954219,
          -1096.3237467791623,
          -1072.0091945877725,
          -1090.0251350695128,
          -1095.6403846184714,
          -1094.1222443770082,
          -1098.3378189247744,
          -1087.4271130930783,
          -1088.8589156428902,
          -1095.6599610860396,
          -1096.518090540679,
          -1094.9831448909495,
          -1091.9352402856541,
          -1086.9981812406922
        ]
      ],
      [
        [
          -910.9444018942573,
          -884.8317661248229,
          -977.3175336431968,
          -988.2285633405495,
          -968.9945280276467,
          -956.566093473025,
          -958.4512248888046,
          -931.3879815969373,
          -1002.3142430146596,
          -996.5346905472871,
          -1013.8013994578826,
          -1021.0354831056685,
          -998.0015329941142,
          -1002.8553199016146,
          -1018.6332760710883,
          -1019.9723892265853,
          -1028.1386912650055,
          -1030.0192601886988,
          -1021.5751673737032,
          -1017.5843806347625,
          -1024.601592037351,
          -1022.0355797985278,
          -1022.3739843667021,
          -1047.16888736573,
          -1039.973072139544,
          -1056.3379488376954,
          -1059.8211124711008,
          -1033.5893830430584,
          -1035.4506894887397,
          -1055.8789683338894,
          -1053.7184568531468,
          -1052.8375311599839,
          -1062.3565348415907,
          -1058.2684741556936,
          -1055.0223916205953,
          -1047.1460437928752,
          -1054.2897006038652,
          -1045.1558153432825,
          -1057.3833701486894,
          -1048.2454863446396,
          -1066.107604942199,
          -1061.2742903306366,
          -1052.8397565377254,
          -1058.1610520544696,
          -1053.7332262916123,
          -1060.6683335491239,
          -1052.0751604990153,
          -1056.2543395489265,
          -1051.6201182984,
          -1044.5018533225534,
          -1065.6113978720878,
          -1065.9432515704152,
          -1050.4305798606986,
          -1063.9341824971543,
          -1051.3654463140176,
          -1051.816429029235,
          -1054.3459540703009,
          -1069.2739249523056,
          -1053.8376665973065,
          -1065.7083647396225,
          -1048.638976914767,
          -1057.032671447503,
          -1062.2440714340926,
          -1054.6609675336535,
          -1051.004330567433,
          -1056.6245356205498,
          -1048.7703460518464,
          -1057.874578130653,
          -1058.4957425134126,
          -1064.0552209671935,
          -1057.9463894721082,
          -1070.5149114808692,
          -1071.8781520461628,
          -1071.0980214972342,
          -1057.7755718877834,
          -1065.810869798473,
          -1058.7164264914752,
          -1070.7472875581,
          -1071.4724590688922,
          -1064.110650894243,
          -1058.1015776096128,
          -1057.3884638622694,
          -1065.1985620045841,
          -1053.3690392975925,
          -1052.1727122686773,
          -1063.566740690977,
          -1043.7197834845372,
          -1044.323941846004,
          -1067.517985767665,
          -1044.5514975450492,
          -1057.4029152160497,
          -1063.9161426698547,
          -1075.9101254414795,
          -1063.4980572410545,
          -1076.2935861554322,
          -1058.3311995533932,
          -1080.468219059503,
          -1075.946619787087,
          -1095.145012254803,
          -1122.092761419921
        ]
      ]
    ]
  }
]