[
  {
    "vqe2_energy": [
      -1081.4174032376109,
      -943.5130680869689,
      -1093.9545808576595
    ],
    "vqe2_vector": [
      [
        0,
        0,
        0,
        1,
        0,
        1,
        0,
        0,
        1,
        1
      ],
      [
        0,
        0,
        0,
        0,
        1,
        0,
        0,
        0,
        1,
        1
      ],
      [
        0,
        1,
        0,
        1,
        1,
        0,
        0,
        1,
        0,
        0
      ]
    ],
    "vqe2_min_error": [
      1.5424503937281675,
      14.097938106765229,
      0.4010041919627616
    ],
    "vqe2_params": [
      [
        4.330177178970042,
        3.182249687859519,
        2.9674659455823234,
        4.72745754044404,
        4.138028677613489,
        0.880941529006823,
        0.09365157490302271,
        3.0960905142484094,
        2.8026237469107596,
        3.123722595376679,
        4.515256700970682,
        5.465221256899245,
        2.726830863380884,
        6.414041397366406,
        6.169188843879264,
        1.6080016479085733,
        1.0477698019061144,
        5.1541927968803565,
        1.642112300425209,
        0.9417317644958625,
        6.787208603679986,
        0.7312508139519788,
        3.3103337650655793,
        6.9810331090674556,
        5.236023700359919,
        0.42402697547457213,
        3.179145344043858,
        3.064754896811569,
        3.874470955922174,
        4.0940793361478,
        5.1886313106360635,
        0.37409892717411247,
        1.7906252337812605,
        0.6229613590223474,
        2.604171865433544,
        1.460483120296586,
        2.689018751199598,
        4.680445818155888,
        3.0385374643548717,
        1.4703779271039796
      ],
      [
        1.1773255973167234,
        0.35332772201425633,
        3.086935698243496,
        1.4769819729515117,
        7.306560957948181,
        4.369010213658206,
        5.243669314771263,
        6.12047624118461,
        6.528758608690506,
        1.5803552997476131,
        5.681045833681649,
        4.3660494217586,
        0.8658646424145635,
        1.2887022581431755,
        1.365735203299787,
        3.0111410505505467,
        7.006414203425287,
        5.365028706523418,
        1.2428494811314692,
        1.9604011658868068,
        3.422003877920553,
        5.408318751989833,
        2.7308115879126698,
        2.979552105774556,
        3.8834556843273504,
        5.823072284422519,
        5.941536118073043,
        6.242384292893216,
        5.940588224795311,
        5.874918404405818,
        5.5239868895872135,
        4.896139602142522,
        1.3581299041245114,
        4.182992878530362,
        5.171076130150011,
        -0.16805971476886142,
        4.3151796640779985,
        1.0518180880577863,
        0.6288618185455763,
        1.6160338881257539,
        3.107925740794368,
        3.854320348874092,
        0.1018156280345013,
        2.6380090467364052,
        -0.02056074812844619,
        1.540512487047045,
        4.277095266037906,
        0.19433282334854446,
        6.0042395837333284,
        0.6487587175132574,
        2.8270123371709412,
        5.549007926712741,
        6.386723269033413,
        5.78767926991585,
        1.534394146265373,
        0.9073853682076488,
        6.073496725635154,
        4.840821061589627,
        5.073597254742454,
        1.0277011590736798
      ],
      [
        1.8760696824976981,
        7.170469856895064,
        2.1358433224516387,
        1.5224416747679776,
        4.308873311512962,
        2.1182949969681637,
        2.059946128654888,
        4.8397622851786055,
        7.262390352519414,
        3.0263890983377046,
        3.1481907928253454,
        5.009413119748857,
        5.671609818680089,
        4.957933994776626,
        1.3752459827481267,
        3.3177982908234944,
        2.4997293677039103,
        3.342314313099973,
        6.2569179197714995,
        0.6170585515690201,
        5.491638272611271,
        4.83092359748774,
        4.619095310270619,
        2.7729622337557767,
        6.129031043901062,
        1.539300733139787,
        1.867282647886359,
        5.067146019865663,
        2.7852538818012484,
        0.04861532534586963,
        2.475986102431954,
        0.09904883532187983,
        5.720530833326768,
        2.0092510569692603,
        0.30265667184955036,
        2.810275170309474,
        5.845879594200718,
        3.733776673403426,
        4.2801620530978015,
        3.1011436111608393,
        1.8410246348853678,
        0.8979934650666248,
        1.3581660148412324,
        6.208017629810177,
        5.079097114090362,
        5.330373997085793,
        4.071206885278095,
        4.808787748775067,
        3.7614587579123184,
        5.078452351393807,
        5.83835654044326,
        1.977498712089498,
        4.591493930717023,
        0.11338096525204935,
        4.260385199208058,
        3.7542412638592877,
        3.0799012213704797,
        2.486249036551219,
        3.6844472283354,
        4.677767214545894,
        3.8253553886866567,
        2.9694753438264394,
        3.2933978846690337,
        0.9692511713253226,
        3.2656910754227404,
        3.9716516677443026,
        3.8843754621025544,
        5.0229297165119915,
        3.170374270754035,
        0.5956408185180739,
        1.7363854071981952,
        0.20588203443774175,
        1.3733693931029436,
        1.8656990054829636,
        3.570915424362332,
        4.718794431315277,
        1.3380966643132832,
        3.648666737333714,
        2.781796929111248,
        3.8943900842013597,
        3.168534346251872,
        2.439780686053294,
        0.4323698506067088,
        3.7184827788017674,
        1.0966657270999076,
        2.5214779045531945,
        3.468311475580428,
        0.8031489967482094,
        3.989296892234658,
        2.645481443241863
      ]
    ],
    "vqe2_time": [
      17.547730922698975,
      23.68317198753357,
      33.89037203788757
    ],
    "solution_vector": [
      0,
      0,
      0,
      0,
      0,
      1,
      1,
      1,
      1,
      1
    ],
    "solution_min_energy": -1098.359046677639,
    "solution_time": 0.0242459774017334,
    "matrix_size": 10,
    "qubo_matrix": [
      [
        -132.90593525970297,
        8.568006493250955,
        17.13601298650191,
        34.27202597300382,
        4.284003246625478,
        4.284003235558199,
        8.568006471116398,
        17.136012942232796,
        34.27202588446559,
        4.284003235558199
      ],
      [
        8.568006493250955,
        -257.243864026155,
        34.27202597300382,
        68.54405194600764,
        8.568006493250955,
        8.568006471116398,
        17.136012942232796,
        34.27202588446559,
        68.54405176893118,
        8.568006471116398
      ],
      [
        17.13601298650191,
        34.27202597300382,
        -480.21570207930614,
        137.08810389201528,
        17.13601298650191,
        17.136012942232796,
        34.27202588446559,
        68.54405176893118,
        137.08810353786237,
        17.136012942232796
      ],
      [
        34.27202597300382,
        68.54405194600764,
        137.08810389201528,
        -823.343300266597,
        34.27202597300382,
        34.27202588446559,
        68.54405176893118,
        137.08810353786237,
        274.17620707572473,
        34.27202588446559
      ],
      [
        4.284003246625478,
        8.568006493250955,
        17.13601298650191,
        34.27202597300382,
        -132.90593525970297,
        4.284003235558199,
        8.568006471116398,
        17.136012942232796,
        34.27202588446559,
        4.284003235558199
      ],
      [
        4.284003235558199,
        8.568006471116398,
        17.136012942232796,
        34.27202588446559,
        4.284003235558199,
        -132.9074945390528,
        8.568007216226714,
        17.13601443245343,
        34.27202886490686,
        4.284003608113357
      ],
      [
        8.568006471116398,
        17.136012942232796,
        34.27202588446559,
        68.54405176893118,
        8.568006471116398,
        8.568007216226714,
        -257.2469818618789,
        34.27202886490686,
        68.54405772981372,
        8.568007216226714
      ],
      [
        17.136012942232796,
        34.27202588446559,
        68.54405176893118,
        137.08810353786237,
        17.136012942232796,
        17.13601443245343,
        34.27202886490686,
        -480.2219348588509,
        137.08811545962743,
        17.13601443245343
      ],
      [
        34.27202588446559,
        68.54405176893118,
        137.08810353786237,
        274.17620707572473,
        34.27202588446559,
        34.27202886490686,
        68.54405772981372,
        137.08811545962743,
        -823.3557542580744,
        34.27202886490686
      ],
      [
        4.284003235558199,
        8.568006471116398,
        17.136012942232796,
        34.27202588446559,
        4.284003235558199,
        4.284003608113357,
        8.568007216226714,
        17.13601443245343,
        34.27202886490686,
        -132.9074945390528
      ]
    ],
    "ansatze": [
      "twolocal",
      "alternating_ry_rz",
      "random_circuit"
    ],
    "histories_energy": [
      [
        [
          -919.0211901204145,
          -924.6100016230432,
          -924.4620388567425,
          -952.4643497489748,
          -944.932923086841,
          -954.9872655826899,
          -950.6934610496334,
          -939.029420968161,
          -916.1857762904889,
          -949.7784324732236,
          -931.6684059611574,
          -944.8640770667331,
          -946.3929501928664,
          -954.6828895158595,
          -952.3002377849559,
          -957.6947375946737,
          -954.6417446515602,
          -956.1054857300606,
          -966.4137487835632,
          -971.0158373560653,
          -965.0475935741056,
          -967.5544255364482,
          -950.6233141445789,
          -968.3441195222707,
          -976.2022881168471,
          -981.6182008194543,
          -971.9744210046077,
          -936.2928838140649,
          -943.2749697319757,
          -969.4467321970055,
          -983.2968405278532,
          -976.4365303526546,
          -972.6255562556851,
          -975.6351311600633,
          -973.4315577830512,
          -970.2327382525849,
          -973.8445178691456,
          -966.8692252120532,
          -980.9451201895843,
          -969.9362846260806,
          -976.5367587874526,
          -1015.7815149313419,
          -985.8813800580832,
          -1014.6107633274257,
          -993.5588824491398,
          -1009.2047703141784,
          -990.0504915099391,
          -1004.7387395890576,
          -1011.218129539807,
          -1008.9353445764444,
          -1021.2124986316559,
          -1022.5026278407182,
          -1019.7172030187062,
          -1022.0359449860475,
          -1024.084565897387,
          -1025.011554730284,
          -1021.7099053444,
          -1024.0445113065277,
          -1023.976504974353,
          -1024.7288731153822,
          -1010.4535815566041,
          -1020.579608757651,
          -1027.3017843167625,
          -1007.2526397748607,
          -1037.1407756339584,
          -1038.5147108772412,
          -1022.5777823744999,
          -1038.0162025673808,
          -1007.4604977234228,
          -1036.2209723778888,
          -1042.999423931306,
          -1044.183304438671,
          -1047.6200877981084,
          -1042.849292394351,
          -1041.8898036591331,
          -1046.6190724368976,
          -1041.1016432769054,
          -1044.305581120144,
          -1045.5217961735939,
          -1046.792180692082,
          -1046.7115084951652,
          -1047.0796368530218,
          -1019.524841094504,
          -1040.9216545003262,
          -1031.6972581759112,
          -1040.8320617513407,
          -1019.9189611010779,
          -1047.4834718717325,
          -1033.0961438608008,
          -1039.8640402199105,
          -1023.7342505566754,
          -1048.7789495462862,
          -1046.6079214017134,
          -1046.7367361688491,
          -1032.1628591970798,
          -1047.7279673191417,
          -1006.6390951671368,
          -1048.8805133270569,
          -1047.3571987865796,
          -1047.272888117179
        ]
      ],
      [
        [
          -769.085132714625,
          -775.7920233539294,
          -871.3394394719948,
          -796.4424119955434,
          -814.503124942777,
          -879.4162040192301,
          -877.8264531478875,
          -911.5265411777995,
          -939.8742868745073,
          -940.2599432130149,
          -915.436750247698,
          -918.8770152235902,
          -951.8087370275595,
          -947.6821382498041,
          -934.9807361452315,
          -950.4129583742123,
          -960.0939508441973,
          -960.993223935875,
          -956.8510640747554,
          -966.9592110746181,
          -957.663173662561,
          -958.3200512532935,
          -892.3274355752312,
          -969.9157819906645,
          -974.377366467769,
          -963.8586904106947,
          -976.5331487708514,
          -970.8460100008117,
          -967.4640926567425,
          -975.9000324948821,
          -969.9640359569738,
          -972.5424044508023,
          -973.6878649760209,
          -968.9667983010818,
          -958.5018328879153,
          -968.7085990278007,
          -968.901337733743,
          -968.4903005819065,
          -956.5388808145381,
          -976.4342515977944,
          -976.0808552862748,
          -964.8895198818644,
          -979.3841724670089,
          -978.7891832511673,
          -970.6369749991098,
          -973.018690427886,
          -963.5038638661817,
          -964.970063490242,
          -973.2042894074015,
          -977.1626576783431,
          -970.549024793051,
          -977.120624970863,
          -966.092042692275,
          -980.2420258972169,
          -974.1537697986439,
          -977.6116269358768,
          -973.654388722706,
          -971.9972271210521,
          -971.6106843871175,
          -968.6805766268193,
          -972.5690187119739,
          -960.6042888745545,
          -974.3151857967447,
          -985.392122805626,
          -995.8780375721608,
          -967.754194938191,
          -994.771792955305,
          -990.2651947914353,
          -980.5054954818951,
          -943.7956240403383,
          -991.099324546717,
          -980.862883618142,
          -997.7973424836931,
          -996.2248437441341,
          -1000.2803153196951,
          -951.558531476089,
          -998.6529516689811,
          -993.0740067982113,
          -983.5453594319318,
          -995.2654883305878,
          -994.0204882190801,
          -857.7903225962483,
          -994.7545325558776,
          -995.8205174837228,
          -988.8169221383091,
          -990.3666468229533,
          -999.3833133937934,
          -973.9288387507443,
          -989.7531165968367,
          -976.5961033279095,
          -995.4540991538837,
          -987.419201920239,
          -1001.3195715450495,
          -991.2322694173048,
          -997.5393060924875,
          -992.6550519724707,
          -1001.2404655320526,
          -997.949122160259,
          -1000.1548794765564,
          -999.3979861859357
        ]
      ],
      [
        [
          -940.8915140151242,
          -862.2957360548598,
          -943.5577655101811,
          -926.6880122873164,
          -933.7911471370511,
          -946.2000241052122,
          -950.9598671473593,
          -848.7957628784699,
          -937.1753654419903,
          -955.774885839907,
          -954.3751294325565,
          -899.1683350962406,
          -947.4775047494437,
          -950.6081042292469,
          -955.7131325997917,
          -956.1046537929748,
          -898.2107317280074,
          -913.0147087781137,
          -864.8613069080933,
          -926.5205939003597,
          -954.6721076939483,
          -940.4622819543836,
          -951.2690678788472,
          -966.7478119133691,
          -952.7388060557741,
          -949.6564443756691,
          -968.2830554913545,
          -971.3229688824706,
          -943.7727456818717,
          -958.3877899373427,
          -958.7179247783896,
          -964.4917392839085,
          -954.971361862294,
          -972.0306589998645,
          -971.2047293169178,
          -967.3630669216072,
          -967.5869140159937,
          -957.4065578619976,
          -952.7931428043219,
          -965.8220539845499,
          -958.9922906181437,
          -956.5545471059761,
          -954.4502503224794,
          -953.3581205737306,
          -962.2077985925732,
          -964.575761072314,
          -958.424528056286,
          -967.2373879895011,
          -951.337954499787,
          -966.2180876254422,
          -969.2132133825589,
          -964.2020223126368,
          -969.5095879631538,
          -958.4961950638015,
          -967.8012965244137,
          -958.6103472203221,
          -964.9969798552731,
          -967.362962149119,
          -963.4097731643532,
          -964.9441767044088,
          -961.9929295918176,
          -959.8519352398466,
          -962.766413639462,
          -966.8138589776697,
          -961.1463727858822,
          -962.5716664188308,
          -961.1122883186783,
          -952.8173542141734,
          -966.8166382413339,
          -965.8077925034154,
          -957.3982745543339,
          -965.2079820597677,
          -961.0782589735711,
          -975.9378937980442,
          -961.9485101704217,
          -964.0878249982723,
          -965.2210911622493,
          -968.8044263080608,
          -966.0623154022568,
          -955.3136381755614,
          -965.8544074650036,
          -952.8613771172404,
          -970.751272502605,
          -968.8847946759997,
          -963.4859005170691,
          -957.6485417138886,
          -962.9879472370113,
          -963.2883589329596,
          -968.0565887828348,
          -964.2570418890888,
          -966.2757875728848,
          -971.583339051776,
          -958.4331151707613,
          -962.529272604697,
          -966.1549743173398,
          -938.0076577898587,
          -969.3347259164542,
          -953.5645681389997,
          -971.8611423293398,
          -933.8921622011114
        ]
      ]
    ]
  }
]