[
  {
    "vqe2_energy": [
      -5592.8384430719125,
      -5609.351805220262,
      -5478.225059861818
    ],
    "vqe2_vector": [
      [
        1,
        1,
        1,
        1,
        0,
        0,
        0,
        1,
        1,
        1,
        0,
        1
      ],
      [
        1,
        1,
        1,
        1,
        0,
        0,
        1,
        1,
        1,
        1,
        0,
        1
      ],
      [
        0,
        0,
        1,
        0,
        1,
        0,
        0,
        0,
        0,
        0,
        1,
        1
      ]
    ],
    "vqe2_min_error": [
      0.39296283941041565,
      0.09886403897135798,
      2.4341981864908657
    ],
    "vqe2_params": [
      [
        0.8364751558929987,
        5.440501927708772,
        6.183021880722185,
        5.201158214818923,
        2.0016390425462256,
        0.7123446893150982,
        3.2716723776501215,
        1.4811846782873928,
        6.142082141308627,
        5.725325703185345,
        4.533823131416093,
        1.9673193226509325,
        4.5694999494967306,
        3.203947823828929,
        5.05974229981204,
        1.3783526071103576,
        3.1707784259587948,
        3.996196381338332,
        6.763156617078329,
        3.212888555077664,
        3.0274849601234193,
        2.8562206949397786,
        7.273747982475017,
        2.9657980418468024,
        3.804327545426216,
        5.378944895766105,
        2.6309492600203273,
        4.843474637342266,
        4.575161546978834,
        6.172936450170471,
        4.5554206747253785,
        4.873189748261601,
        3.3358892402413773,
        2.7130272443952235,
        7.06394329355432,
        5.851266900155383,
        3.7847360578262013,
        2.9526186084480903,
        3.7506743590389746,
        -0.20654866439265313,
        0.16522581305401193,
        2.4797431169502984,
        0.7490032049729024,
        3.7492570398597924,
        4.065795171301146,
        2.41914945614036,
        0.8339191653606711,
        1.7782682705990633
      ],
      [
        1.8194322640856961,
        5.670952788262496,
        0.8576731802246907,
        1.4679853367117892,
        3.1953203887713277,
        3.7619235752527147,
        2.350146753274425,
        1.3723518951480735,
        4.718880349022747,
        2.8270438392265866,
        6.843888276411831,
        3.9175912643777537,
        6.265912940439733,
        -0.06233196561694479,
        5.693995348888434,
        4.1658707234265515,
        5.973426372162377,
        0.5814827142117422,
        6.751364917554758,
        2.0056715995181245,
        1.6384546711043693,
        3.535227685296717,
        2.0012727078614354,
        6.265040591940601,
        0.2870150343300736,
        0.40130405771943556,
        3.2570277940224477,
        7.374070651329272,
        0.7190589488091679,
        2.6051398653446696,
        4.1716768406539515,
        5.090171410193566,
        4.683599869926767,
        3.753849373060518,
        3.6429602360633457,
        0.19984078431265284,
        3.693269889687345,
        0.5679043961540009,
        6.154435085819294,
        2.996504537215031,
        2.189279380320213,
        4.148401235908757,
        3.741500029205694,
        6.033343889667509,
        4.717100153180141,
        1.796794150141484,
        2.6021193084582572,
        6.1642699060599995,
        6.0045208716419,
        4.314097629058782,
        1.4031475345443707,
        5.367337853674151,
        5.005232590367328,
        3.4958976198417098,
        1.262185635672938,
        0.73445537552345,
        2.1377673909531434,
        5.809474817650792,
        0.6537755104002175,
        4.520567296104275,
        5.548671366717619,
        6.103846067067858,
        1.7471880438682896,
        0.8025816231884114,
        0.15698415290980547,
        4.685255429217871,
        5.646584667039528,
        3.8551843886422397,
        4.299681544600865,
        0.6805030669219322,
        4.65745851562438,
        4.631517520011905
      ],
      [
        1.8949905089849652,
        3.869668182977387,
        4.35789447763063,
        6.708741915748879,
        2.366843567290701,
        2.3765524865225514,
        6.6862255544695985,
        1.0984290726923769,
        2.934065218152318,
        1.5914219153398321,
        5.566663946472417,
        2.2560431195344903,
        1.5471833788053921,
        1.4889821662080736,
        2.6132001437238253,
        3.8394904450819523,
        3.2701563394111455,
        3.6043300541472116,
        3.1149509568984164,
        2.433087628311269,
        2.4796554296843274,
        0.0519260782969153,
        2.7499763787140035,
        2.8281458186798916,
        6.974151183434339,
        4.292122105658744,
        3.5354453543646205,
        5.33110771953558,
        4.414280366253167,
        0.6714783459858639,
        5.926152666419365,
        1.117506079987833,
        5.794392675125482,
        3.485408898347057,
        5.574479857237549,
        5.870863629691789,
        3.7249657791623374,
        0.7724888682989476,
        1.5754245880657425,
        1.7423576782190509,
        0.35490944156017334,
        4.078934933302839,
        3.945112706507126,
        6.004341161034109,
        2.565868081598107,
        3.0605113242981923,
        4.645997947729609,
        0.0024643441049024273,
        4.019624989881762,
        4.737436604458296,
        0.8717249579621797,
        5.062577938765073,
        1.1977818376869322,
        6.075794547732012,
        3.979090607824466,
        2.857523795594314,
        3.0625038014180923,
        1.0773803237059278,
        1.8266317869300137,
        1.5378566639201223,
        1.0048160664135974,
        4.847673318576242,
        1.366003171940787,
        3.5767395795083075,
        4.231801734639781,
        3.584630180979741,
        5.16592480050032,
        2.1096587017906643,
        1.051278551667153,
        1.3713381777158835,
        5.554915474827859,
        1.2583533331756154,
        6.104960217696977,
        5.013454570063303,
        3.436625385059628,
        4.499434247934075,
        1.461702647721491,
        4.805286584494039,
        3.2954088998552025,
        3.440805183311046,
        3.968079736572098,
        2.9614351479516396,
        5.97959414868273,
        2.405140146086467,
        2.9990099028383552,
        6.159013164713613,
        4.694492859623572,
        3.823021542412685,
        6.114002763359545,
        1.6128276120489584,
        5.53196140880623,
        1.1739781208555813,
        1.0459430326241934,
        2.5502027904811904,
        5.18203654572703,
        4.121120362184005,
        0.7571220163275907,
        5.089063336782218,
        1.6549230621242363,
        1.3843799461445472,
        3.7533022765450545,
        2.8430567934421918,
        2.43251029320586,
        4.812379049414282,
        0.04323875013374434,
        3.3282403836850016,
        4.726720914245164,
        3.7621671202289897
      ]
    ],
    "vqe2_time": [
      63.24009394645691,
      35.68247675895691,
      71.78490996360779
    ],
    "solution_vector": [
      0,
      0,
      0,
      0,
      1,
      0,
      1,
      1,
      1,
      1,
      0,
      1
    ],
    "solution_min_energy": -5614.902925036274,
    "solution_time": 0.024295806884765625,
    "matrix_size": 12,
    "qubo_matrix": [
      [
        -345.38029996035056,
        10.962231681573117,
        21.924463363146234,
        43.84892672629247,
        87.69785345258494,
        5.481115840786559,
        5.481115778773203,
        10.962231557546406,
        21.924463115092813,
        43.848926230185626,
        87.69785246037125,
        5.481115778773203
      ],
      [
        10.962231681573117,
        -679.798368239128,
        43.84892672629247,
        87.69785345258494,
        175.39570690516987,
        10.962231681573117,
        10.962231557546406,
        21.924463115092813,
        43.848926230185626,
        87.69785246037125,
        175.3957049207425,
        10.962231557546406
      ],
      [
        21.924463363146234,
        43.84892672629247,
        -1315.7478097519636,
        175.39570690516987,
        350.79141381033975,
        21.924463363146234,
        21.924463115092813,
        43.848926230185626,
        87.69785246037125,
        175.3957049207425,
        350.791409841485,
        21.924463115092813
      ],
      [
        43.84892672629247,
        87.69785345258494,
        175.39570690516987,
        -2456.0999125987573,
        701.5828276206795,
        43.84892672629247,
        43.848926230185626,
        87.69785246037125,
        175.3957049207425,
        350.791409841485,
        701.58281968297,
        43.848926230185626
      ],
      [
        87.69785345258494,
        175.39570690516987,
        350.79141381033975,
        701.5828276206795,
        -4210.616997576835,
        87.69785345258494,
        87.69785246037125,
        175.3957049207425,
        350.791409841485,
        701.58281968297,
        1403.16563936594,
        87.69785246037125
      ],
      [
        5.481115840786559,
        10.962231681573117,
        21.924463363146234,
        43.84892672629247,
        87.69785345258494,
        -345.38029996035056,
        5.481115778773203,
        10.962231557546406,
        21.924463115092813,
        43.848926230185626,
        87.69785246037125,
        5.481115778773203
      ],
      [
        5.481115778773203,
        10.962231557546406,
        21.924463115092813,
        43.848926230185626,
        87.69785246037125,
        5.481115778773203,
        -345.3803152623678,
        10.962231983388051,
        21.924463966776102,
        43.848927933552204,
        87.69785586710441,
        5.4811159916940255
      ],
      [
        10.962231557546406,
        21.924463115092813,
        43.848926230185626,
        87.69785246037125,
        175.3957049207425,
        10.962231557546406,
        10.962231983388051,
        -679.7983985413475,
        43.848927933552204,
        87.69785586710441,
        175.39571173420882,
        10.962231983388051
      ],
      [
        21.924463115092813,
        43.848926230185626,
        87.69785246037125,
        175.3957049207425,
        350.791409841485,
        21.924463115092813,
        21.924463966776102,
        43.848927933552204,
        -1315.7478691491428,
        175.39571173420882,
        350.79142346841763,
        21.924463966776102
      ],
      [
        43.848926230185626,
        87.69785246037125,
        175.3957049207425,
        350.791409841485,
        701.58281968297,
        43.848926230185626,
        43.848927933552204,
        87.69785586710441,
        175.39571173420882,
        -2456.100026564077,
        701.5828469368353,
        43.848927933552204
      ],
      [
        87.69785246037125,
        175.3957049207425,
        350.791409841485,
        701.58281968297,
        1403.16563936594,
        87.69785246037125,
        87.69785586710441,
        175.39571173420882,
        350.79142346841763,
        701.5828469368353,
        -4210.6172061913185,
        87.69785586710441
      ],
      [
        5.481115778773203,
        10.962231557546406,
        21.924463115092813,
        43.848926230185626,
        87.69785246037125,
        5.481115778773203,
        5.4811159916940255,
        10.962231983388051,
        21.924463966776102,
        43.848927933552204,
        87.69785586710441,
        -345.3803152623678
      ]
    ],
    "ansatze": [
      "twolocal",
      "alternating_ry_rz",
      "random_circuit"
    ],
    "histories_energy": [
      [
        [
          -3602.8428750846288,
          -3675.3048193833115,
          -4578.394561980058,
          -4548.2401539666735,
          -4548.398339722568,
          -4354.813813582567,
          -4448.075301278952,
          -4452.666021816378,
          -4618.678822710259,
          -4708.051883157669,
          -4816.967233880312,
          -4808.820119203364,
          -4825.383608432316,
          -4744.317523385375,
          -4713.006284907048,
          -4818.493251413356,
          -4766.9545651849185,
          -4829.792771061145,
          -4730.2509475116885,
          -4881.119363697545,
          -4928.8630115402575,
          -4842.821451977027,
          -4921.3433967059045,
          -4967.695725338831,
          -4914.598034335964,
          -4886.84504718212,
          -4781.44404150298,
          -4899.382118490028,
          -4934.56502768546,
          -4856.71263347733,
          -4954.744294407775,
          -4869.044508720944,
          -4988.790573779089,
          -4841.3688470754,
          -4991.034670381667,
          -4996.929673811523,
          -4978.492794215375,
          -4955.2247323184665,
          -5032.31971306389,
          -4988.7723366835335,
          -4950.229688957604,
          -5007.872827172851,
          -5003.816197790578,
          -4973.0615603689475,
          -4972.307784260609,
          -4978.568603386429,
          -4989.104423447626,
          -4996.4694160063145,
          -4982.447671682827,
          -5087.317023743442,
          -5058.100876424429,
          -5127.020351968587,
          -5111.527198488234,
          -5157.0221121153,
          -5093.490952641994,
          -5010.768099146325,
          -5139.669037607236,
          -5066.97158015447,
          -5176.904792986885,
          -5137.713550898234,
          -5196.565339499491,
          -5237.78265522347,
          -5237.8625268542255,
          -5224.086489933032,
          -5233.191885120146,
          -5215.14549174386,
          -5205.3909264832355,
          -5240.472044994765,
          -5216.065810671037,
          -5224.414467688243,
          -5194.302875731953,
          -5190.8482306813885,
          -5221.543026880577,
          -5236.358176208093,
          -5211.876934188855,
          -5171.242858587106,
          -5308.377937828279,
          -5299.150292466831,
          -5281.6933952198715,
          -5273.6332989004695,
          -5259.587551237091,
          -5057.224120343022,
          -5245.447707864268,
          -5291.755794561371,
          -5307.320141913231,
          -5259.758864046557,
          -5273.539291005679,
          -5298.611140100677,
          -5264.522733586726,
          -5294.834636756704,
          -5288.202666673944,
          -5304.834795028837,
          -5275.105454433808,
          -5269.866653801496,
          -5273.332994407462,
          -5291.835181328277,
          -5253.305294167055,
          -5278.920064084544,
          -5278.3453820821705,
          -5212.860310558616,
          -5268.106696436177,
          -5279.487280918371,
          -5242.257246066594,
          -5270.346726328089,
          -5277.217338492275,
          -5297.181237875013,
          -5240.095818023744,
          -5272.2127520644435,
          -5263.434710869234,
          -5268.8787646959945,
          -5261.622717751189,
          -5268.968014986631,
          -5290.364381628179,
          -5285.486945023301,
          -5281.504758845265,
          -5277.312324756813,
          -5294.50255568574,
          -5256.073570239789,
          -5274.022690082829,
          -5254.265377532119
        ]
      ],
      [
        [
          -4953.568755653852,
          -4977.435879829437,
          -5009.204822532163,
          -4792.425360479876,
          -4965.2258043754,
          -4984.188411763354,
          -5020.161061818038,
          -5017.526123803133,
          -4999.50127258216,
          -4943.389150905909,
          -5017.773892410695,
          -5031.551879185729,
          -4984.773356169748,
          -5028.766322001208,
          -4659.570852630502,
          -4781.790212867797,
          -5014.888887767345,
          -5016.2667595931825,
          -5001.01612977028,
          -5035.977130804737,
          -5037.381458974774,
          -5143.798944849097,
          -5191.383304242821,
          -5144.97612466125,
          -5165.635455714953,
          -5174.878401538969,
          -5155.564302015759,
          -4998.952696266081,
          -5269.5875057273715,
          -5221.454404656421,
          -5280.493491507456,
          -5297.723217231403,
          -5224.618148643023,
          -5097.451834935981,
          -5201.14915767187,
          -5315.016175142559,
          -5310.3084427648155,
          -5327.189163184063,
          -5332.81628751529,
          -5326.282545261664,
          -5324.66322806455,
          -5325.243379249125,
          -5342.554326372043,
          -5314.272900183785,
          -5334.20447045886,
          -5308.844095892529,
          -5331.521489926927,
          -5332.930354223721,
          -5314.228447390601,
          -5324.373080116844,
          -5314.155656096959,
          -5321.05668078292,
          -5290.448170312159,
          -5311.7646013674575,
          -5346.727642644954,
          -5321.234462315639,
          -5329.837138427288,
          -5329.383211241373,
          -5327.376889455734,
          -5320.819135437003,
          -5318.848267536945,
          -5323.607033109908,
          -5324.82551493919,
          -5325.775375813316,
          -5321.036777952842,
          -5305.076296285014,
          -5345.717722802677,
          -5323.689485440048,
          -5315.990849757622,
          -5332.403046783629,
          -5325.658175648527,
          -5331.173763028407,
          -5334.170118848429,
          -5349.0674583437985,
          -5358.261962733803,
          -5078.4957969598445,
          -5377.716477741913,
          -5299.247455497502,
          -5340.774220422341,
          -5218.1603870157,
          -5384.908063437044,
          -5188.513938507996,
          -5390.858172533317,
          -5177.600362841443,
          -5395.165268232026,
          -5136.472718253918,
          -5399.847262954679,
          -5412.964880079561,
          -5392.628974716076,
          -5387.956926395278,
          -5384.643804695019,
          -5363.004170749238,
          -5374.521433365279,
          -5458.612067039614,
          -5441.110085697442,
          -5378.765841648944,
          -5453.302239046386,
          -5370.670603020885,
          -5397.547711375889,
          -5353.407261519306,
          -5461.400976554945,
          -5451.577982731904,
          -5460.001639529207,
          -5422.137250929837,
          -5496.205078807465,
          -5355.089571718508,
          -5489.676011815074,
          -5203.564193544031,
          -5504.060611546652,
          -5505.127861670823,
          -5494.283708651367,
          -5499.3676901312765,
          -5499.588535547174,
          -5503.512912716579,
          -5498.111667319097,
          -5502.379480191648,
          -5508.394248443389,
          -5506.136857004517,
          -5495.773479807286,
          -5492.689997355671
        ]
      ],
      [
        [
          -4434.261942477404,
          -4674.257906104439,
          -4680.635413060107,
          -4767.019339858539,
          -4793.422950764223,
          -4836.640869476347,
          -4819.890248114476,
          -4959.483157800145,
          -4988.90872420992,
          -4803.121140332446,
          -5014.05367851315,
          -4976.635557022014,
          -5005.331778185507,
          -5057.952569486641,
          -5226.472805516835,
          -5206.047335686163,
          -5192.481039640754,
          -5205.12401468814,
          -5224.14614138108,
          -5041.418851220865,
          -5111.704243157977,
          -5274.502218876334,
          -5268.507123063889,
          -5244.29917574957,
          -5241.608882613126,
          -5287.344391880245,
          -5145.558466621774,
          -5058.163674605651,
          -5218.985987509503,
          -5243.4624509653095,
          -5224.5527787948595,
          -5214.952663760021,
          -5100.044541286558,
          -5186.798874887267,
          -5269.305814934051,
          -5240.288052963571,
          -5244.102141015884,
          -5249.213999763598,
          -5271.976220230649,
          -5255.593276859306,
          -5221.492829632764,
          -5287.11655505136,
          -5255.035445767101,
          -5221.718390529294,
          -5229.857234473652,
          -5235.937620566507,
          -5239.489487148614,
          -5274.663244028519,
          -5235.996729014986,
          -5228.945605673724,
          -5244.147700072733,
          -5253.138083906582,
          -5261.754762064019,
          -5240.801505234334,
          -5265.410301419135,
          -5257.475959355311,
          -5240.348993858803,
          -5263.576820033389,
          -5260.219690692663,
          -5249.996090539121,
          -5231.333666806175,
          -5227.1343052313605,
          -5229.238453364234,
          -5246.8087415221835,
          -5265.80529695816,
          -5261.415891608908,
          -5261.871941018717,
          -5231.573473857489,
          -5232.298030782842,
          -5276.329815868466,
          -5246.607810292329,
          -5218.828323956717,
          -5250.894585250182,
          -5250.359118989569,
          -5246.017556780091,
          -5233.7677185967295,
          -5259.62229134729,
          -5238.4199659056185,
          -5232.293196027257,
          -5239.353657808254,
          -5257.579510734219,
          -5263.7820166997935,
          -5246.654463459898,
          -5243.386288192787,
          -5269.556713392472,
          -5235.187908539172,
          -5257.125943037756,
          -5256.3311224355275,
          -5235.38565776581,
          -5207.260425652435,
          -5238.195452476273,
          -5227.753124717665,
          -5266.905234550656,
          -5209.637519615729,
          -5225.03475445888,
          -5264.908656768466,
          -5228.746828811553,
          -5229.535737503056,
          -5248.938840260338,
          -5229.162670841844,
          -5244.78480547243,
          -5231.952439493497,
          -5233.36023439082,
          -5249.191891050682,
          -5264.564618291562,
          -5218.816808456902,
          -5269.197833097765,
          -5253.122471466495,
          -5222.9774790523015,
          -5291.950518493575,
          -5310.519487087838,
          -5268.37986656925,
          -5318.106520240267,
          -5280.656400013862,
          -5301.725619464663,
          -5289.913480461126,
          -5306.219172844003,
          -5228.993693353548,
          -5256.478143645793,
          -5163.729467834919
        ]
      ]
    ]
  },
  {
    "vqe2_energy": [
      -5649.24821166799,
      -5694.026154494139,
      -5677.405562507372
    ],
    "vqe2_vector": [
      [
        0,
        1,
        0,
        0,
        0,
        1,
        0,
        1,
        0,
        1,
        1,
        0
      ],
      [
        0,
        0,
        0,
        0,
        1,
        0,
        1,
        0,
        0,
        0,
        1,
        0
      ],
      [
        0,
        0,
        0,
        0,
        1,
        1,
        0,
        0,
        0,
        0,
        1,
        1
      ]
    ],
    "vqe2_min_error": [
      0.8819970745345018,
      0.09635266633314377,
      0.3879666693724637
    ],
    "vqe2_params": [
      [
        6.448288832999537,
        0.6153689200983423,
        3.0013648054616997,
        5.758773805183082,
        1.2219816167354915,
        5.589058266101762,
        0.4061657214805602,
        3.638000343982488,
        -0.059220475333878766,
        1.7837198729469457,
        3.1118348769816926,
        4.403467819043375,
        0.8231167383218995,
        -0.02811362907914192,
        0.39191715739688715,
        2.0625577410638996,
        0.9978138238565386,
        4.898687511290592,
        2.631368493258403,
        5.421173298917681,
        2.1686766450288757,
        3.703092548783002,
        0.6550652454667023,
        1.4563015952537592,
        0.23951262103705195,
        4.032396396621482,
        0.8722702341753349,
        5.8477029959658156,
        2.821083401994589,
        6.152768046891507,
        3.0161062109008685,
        2.812538049919852,
        6.107687209137335,
        3.0596458524802777,
        5.999693688317812,
        2.709050819216259,
        2.1493751667527152,
        6.0363489628940625,
        2.0346192950739383,
        0.1759164699095162,
        1.2828326471630966,
        4.0083767367516865,
        0.13510335012751534,
        5.345039566468967,
        5.727880906866101,
        1.4440525059250613,
        2.3035653883280722,
        4.979646363521839
      ],
      [
        2.7967811944661647,
        2.385480126151628,
        5.851088633916989,
        1.3038231951633998,
        3.040741651511149,
        5.336320874447791,
        2.345118815032528,
        4.201412085062724,
        2.3401109226507355,
        1.1799121015728733,
        3.221392496213188,
        5.861125517851276,
        1.8614266700965876,
        3.9228042237199134,
        0.2941144510023612,
        1.5736141436621636,
        3.444654905010292,
        3.866861120351836,
        2.807176441012629,
        1.355589517888088,
        2.825268286203796,
        2.7573461237869274,
        3.3884868730789726,
        4.499551053726231,
        1.4556694557524605,
        4.390698942540783,
        6.062227818721333,
        4.8349584025072,
        5.121792752914802,
        5.224989048046833,
        4.747896359032347,
        1.8453845191195608,
        5.364795286284303,
        2.69482804754781,
        5.542498052497701,
        1.0354318736375747,
        4.665069546457867,
        5.851214534883331,
        2.4057972952197795,
        2.9118223818608557,
        3.372107955012512,
        4.231712092205061,
        6.011778365413583,
        0.1944583344550743,
        5.549719043991466,
        5.4334574239421976,
        3.773957392151905,
        0.5019355712760918,
        4.669762810113916,
        4.059985377589336,
        2.00307940780213,
        2.708597756949765,
        2.1691344822399,
        6.237416886403414,
        5.005968504134682,
        1.531539308872019,
        6.066779655792285,
        2.651615332330095,
        6.212878811956272,
        5.328978702940257,
        1.9193228024328244,
        1.5842675283233745,
        0.6385450425294505,
        1.3296578702560236,
        2.953967374388066,
        3.924976301664327,
        5.554841930511856,
        4.2639297160740135,
        3.450429228112143,
        0.9346774468223458,
        3.967937446209764,
        3.2427643971034863
      ],
      [
        4.183004502980238,
        4.582811893304779,
        1.4710923210353304,
        6.27121081635363,
        1.8924543461776997,
        0.5196433504783132,
        5.108818201061273,
        1.6781505079736638,
        0.19520469435607954,
        2.244047118802037,
        5.335825487452675,
        2.5006400548915724,
        4.221002059803124,
        0.931021589630351,
        2.722580604716062,
        2.253507726541195,
        6.241555089754647,
        3.471315613470692,
        1.8054314153463666,
        3.8070929274155896,
        4.205094943543397,
        4.590692778648321,
        0.3604325313837851,
        3.7713828912794547,
        2.3220898849666574,
        6.156297702207855,
        2.745055560013568,
        3.8909252026431904,
        4.2400989937814,
        6.025631895589934,
        5.647312754144475,
        6.035368779824401,
        0.7411840069876245,
        0.24229613603581826,
        2.2877728869736083,
        5.251610247410791,
        4.302368362849791,
        0.36971559622537414,
        5.617603326282548,
        2.7998929987447796,
        3.179703314987226,
        5.43549944108774,
        1.0474416862052125,
        1.2714871691174845,
        2.796965669389712,
        0.0545715264191478,
        3.920350507547716,
        4.829478883447932,
        1.0917482770773228,
        1.7768563095026282,
        1.160594465075652,
        2.8022551590249263,
        5.262945217373441,
        0.24751290482452504,
        0.6139521494546584,
        5.487640706044893,
        0.5026486141803007,
        5.8473657836208774,
        4.492892551554901,
        5.049059806741379,
        3.6797016539455623,
        2.200010738308185,
        2.7166844214698025,
        3.640532928195392,
        0.831234331217744,
        1.7358530445772702,
        3.735649573562119,
        2.2063069214358224,
        4.5177919352886855,
        3.688609823890044,
        2.2854606208132298,
        4.840683748063391,
        2.0898154605590187,
        2.274123375335086,
        0.29164989604386865,
        5.9271542913635225,
        0.45228049772693135,
        2.908335138313485,
        2.0627574905417894,
        1.3514428284375888,
        3.2717047296275235,
        3.4872391299021355,
        3.5311071157236564,
        3.696539655179522,
        2.8988400812906705,
        2.0168470310779676,
        2.000729357712354,
        2.1418614836129897,
        3.8713449835954976,
        1.2903662651253045,
        6.024668939410739,
        2.7525333508489362,
        3.448017012874036,
        3.970409438840577,
        4.670705154522317,
        4.047771345624684,
        5.505323317929694,
        6.145920342972668,
        2.0091052947993373,
        0.0053212914820333175,
        4.654607655125479,
        2.7133718221258105,
        2.4190394285730488,
        0.3923617601971951,
        1.307351264230187,
        2.649785004577595,
        5.9884666343049995,
        5.726525174950935
      ]
    ],
    "vqe2_time": [
      32.32977104187012,
      47.56868314743042,
      99.02293133735657
    ],
    "solution_vector": [
      0,
      0,
      0,
      0,
      1,
      0,
      1,
      1,
      1,
      1,
      0,
      1
    ],
    "solution_min_energy": -5699.517791854722,
    "solution_time": 0.02153944969177246,
    "matrix_size": 12,
    "qubo_matrix": [
      [
        -350.58408234839453,
        11.127414437685271,
        22.254828875370542,
        44.509657750741084,
        89.01931550148217,
        5.5637072188426355,
        5.563707156829279,
        11.127414313658559,
        22.254828627317117,
        44.509657254634234,
        89.01931450926847,
        5.563707156829279
      ],
      [
        11.127414437685271,
        -690.0407502591038,
        44.509657750741084,
        89.01931550148217,
        178.03863100296434,
        11.127414437685271,
        11.127414313658559,
        22.254828627317117,
        44.509657254634234,
        89.01931450926847,
        178.03862901853694,
        11.127414313658559
      ],
      [
        22.254828875370542,
        44.509657750741084,
        -1335.5718427674665,
        178.03863100296434,
        356.0772620059287,
        22.254828875370542,
        22.254828627317117,
        44.509657254634234,
        89.01931450926847,
        178.03862901853694,
        356.0772580370739,
        22.254828627317117
      ],
      [
        44.509657750741084,
        89.01931550148217,
        178.03863100296434,
        -2493.1050545319686,
        712.1545240118573,
        44.509657750741084,
        44.509657254634234,
        89.01931450926847,
        178.03862901853694,
        356.0772580370739,
        712.1545160741478,
        44.509657254634234
      ],
      [
        89.01931550148217,
        178.03863100296434,
        356.0772620059287,
        712.1545240118573,
        -4274.05558505208,
        89.01931550148217,
        89.01931450926847,
        178.03862901853694,
        356.0772580370739,
        712.1545160741478,
        1424.3090321482955,
        89.01931450926847
      ],
      [
        5.5637072188426355,
        11.127414437685271,
        22.254828875370542,
        44.509657750741084,
        89.01931550148217,
        -350.58408234839453,
        5.563707156829279,
        11.127414313658559,
        22.254828627317117,
        44.509657254634234,
        89.01931450926847,
        5.563707156829279
      ],
      [
        5.563707156829279,
        11.127414313658559,
        22.254828627317117,
        44.509657254634234,
        89.01931450926847,
        5.563707156829279,
        -350.58562748995377,
        11.127414739500207,
        22.254829479000414,
        44.50965895800083,
        89.01931791600165,
        5.563707369750103
      ],
      [
        11.127414313658559,
        22.254828627317117,
        44.509657254634234,
        89.01931450926847,
        178.03862901853694,
        11.127414313658559,
        11.127414739500207,
        -690.0438402404073,
        44.50965895800083,
        89.01931791600165,
        178.0386358320033,
        11.127414739500207
      ],
      [
        22.254828627317117,
        44.509657254634234,
        89.01931450926847,
        178.03862901853694,
        356.0772580370739,
        22.254828627317117,
        22.254829479000414,
        44.50965895800083,
        -1335.5780215228137,
        178.0386358320033,
        356.0772716640066,
        22.254829479000414
      ],
      [
        44.509657254634234,
        89.01931450926847,
        178.03862901853694,
        356.0772580370739,
        712.1545160741478,
        44.509657254634234,
        44.50965895800083,
        89.01931791600165,
        178.0386358320033,
        -2493.117407213624,
        712.1545433280132,
        44.50965895800083
      ],
      [
        89.01931450926847,
        178.03862901853694,
        356.0772580370739,
        712.1545160741478,
        1424.3090321482955,
        89.01931450926847,
        89.01931791600165,
        178.0386358320033,
        356.0772716640066,
        712.1545433280132,
        -4274.080271099236,
        89.01931791600165
      ],
      [
        5.563707156829279,
        11.127414313658559,
        22.254828627317117,
        44.509657254634234,
        89.01931450926847,
        5.563707156829279,
        5.563707369750103,
        11.127414739500207,
        22.254829479000414,
        44.50965895800083,
        89.01931791600165,
        -350.58562748995377
      ]
    ],
    "ansatze": [
      "twolocal",
      "alternating_ry_rz",
      "random_circuit"
    ],
    "histories_energy": [
      [
        [
          -4959.224790594111,
          -5003.3620536844855,
          -4242.918370286244,
          -5094.710982066767,
          -5060.765243907521,
          -5083.359690534639,
          -5084.479422496864,
          -5068.71857993992,
          -4834.513496599482,
          -5044.125392059963,
          -5039.405624651053,
          -5070.969042035946,
          -5087.566852673229,
          -5066.672198882126,
          -5063.681971005604,
          -5066.953270180061,
          -5113.4734776070045,
          -5078.8658018210135,
          -5062.312535315579,
          -5036.661024153087,
          -5157.3040362236,
          -5140.899756595216,
          -5161.976305519626,
          -5158.047317751607,
          -5092.5985985770585,
          -5092.441813400156,
          -5331.088476490556,
          -5234.304350736395,
          -5319.433204893666,
          -5361.730999350346,
          -5283.235172234044,
          -5313.794844210604,
          -5101.767457378439,
          -5347.007418786552,
          -5324.421332809585,
          -5314.473234961579,
          -5314.528204503706,
          -5368.6310097404,
          -5300.459757464598,
          -5316.734340293577,
          -5345.356299865019,
          -5324.472253695167,
          -5334.860088984418,
          -5331.446692205437,
          -5298.518841316211,
          -5333.805611108923,
          -5333.681592827504,
          -5344.506769033438,
          -5274.532711313699,
          -5006.148938503747,
          -5225.761178502521,
          -5345.02280851655,
          -5159.5175941686075,
          -5020.086058222506,
          -5318.529270962619,
          -5295.345895861664,
          -5329.519021565188,
          -5233.652371387024,
          -5341.089358511099,
          -5283.104735556549,
          -5304.082363893628,
          -5323.553500239515,
          -5343.74841731672,
          -5311.8170311967915,
          -5319.44631869555,
          -5314.018303213626,
          -5300.322088716027,
          -5338.920565095954,
          -5354.275536960546,
          -5270.566041128929,
          -5342.444312946013,
          -5366.482881169649,
          -5332.974234981097,
          -5405.236203978467,
          -5417.802683596292,
          -5428.3943140262345,
          -5319.812135155113,
          -5430.419594288853,
          -5351.922052493165,
          -5415.509608979082,
          -5402.621511243949,
          -5402.366137215741,
          -5516.31036990342,
          -5402.498972381163,
          -5494.8414427832395,
          -5508.382217091346,
          -5531.485429659441,
          -5500.778435113554,
          -5489.044065838748,
          -5520.850733812263,
          -5488.971846200858,
          -5513.750447775548,
          -5519.306700860807,
          -5495.581042661622,
          -5520.606115760047,
          -5525.449589461835,
          -5489.926145157141,
          -5523.630601592978,
          -5520.311883416737,
          -5511.082426053261,
          -5516.6686677555435,
          -5521.8487340856445,
          -5511.984129135607,
          -5504.094398665229,
          -5492.557227725343,
          -5532.354961308205,
          -5498.872271464712,
          -5523.837308351086,
          -5496.831527020172,
          -5527.424486021398,
          -5509.982592750708,
          -5425.595667513514,
          -5480.129343725956,
          -5494.939297390307,
          -5500.864726856808,
          -5511.550769079066,
          -5505.545390301419,
          -5491.700242356316,
          -5537.826950452744,
          -5521.271030835951
        ]
      ],
      [
        [
          -4911.500444444267,
          -4994.118586654198,
          -5014.817111967104,
          -5014.477454916678,
          -5037.079625824502,
          -5012.864106938888,
          -4997.753962238094,
          -4988.801786628347,
          -5094.954237944421,
          -4906.034094097025,
          -5028.501486317426,
          -5023.055008240815,
          -5051.33349073151,
          -5084.521993438557,
          -5089.246120638056,
          -5010.995905574975,
          -5015.200735656186,
          -5065.105273993126,
          -5118.59682729152,
          -5088.889145499171,
          -5101.2968915300835,
          -4787.507712726921,
          -5126.2099855306715,
          -5124.60081726225,
          -5139.097110749651,
          -5166.697186167015,
          -5156.348853416387,
          -5370.78308381141,
          -5289.747613347676,
          -5360.267223639599,
          -5361.036326646434,
          -5396.424946302069,
          -5075.989987126702,
          -5393.879788406275,
          -5348.252402616567,
          -5356.349049671191,
          -5345.764165206238,
          -5315.771723421525,
          -5369.84794374783,
          -5406.876239203442,
          -5371.954556157591,
          -5355.826392494768,
          -5347.510768179553,
          -5366.682515363753,
          -5364.075861789269,
          -5378.7450627815315,
          -5368.054927695204,
          -5399.028106453354,
          -5372.7472074543475,
          -5368.031329935014,
          -5363.203472840224,
          -5360.187347692663,
          -5373.972622106396,
          -5354.194993643811,
          -5380.5602637063075,
          -5363.11695039863,
          -5367.388725515285,
          -5365.175282461671,
          -5363.706906281138,
          -5331.674653402549,
          -5344.158513363521,
          -5368.836338182613,
          -5358.442068751315,
          -5380.388188844792,
          -5371.119261654396,
          -5348.6598694998565,
          -5373.34689232715,
          -5351.269877787799,
