[
  {
    "vqe2_energy": [
      -56.29661464691162,
      -57.5387122631073,
      -49.436498403549194
    ],
    "vqe2_vector": [
      [
        1,
        1,
        1,
        1,
        0,
        0,
        0,
        0,
        1,
        1,
        1,
        1
      ],
      [
        0,
        1,
        0,
        1,
        1,
        0,
        1,
        0,
        1,
        1,
        0,
        1
      ],
      [
        1,
        1,
        0,
        1,
        1,
        1,
        1,
        0,
        1,
        1,
        1,
        0
      ]
    ],
    "vqe2_min_error": [
      4.239692896876401,
      2.126890023649264,
      15.908722062266033
    ],
    "vqe2_params": [
      [
        0.13576332314801598,
        6.15205554693387,
        6.3971258869223835,
        3.0305072261532215,
        7.694340430145164,
        2.9321002574606676,
        5.22099422576501,
        2.778269129740709,
        6.215491799877339,
        1.546749443838354,
        7.426429322028172,
        2.8010945973815717,
        6.094500020254929,
        0.20117885508852165,
        6.036465659473613,
        4.157380500488328,
        -0.14891286606437779,
        2.679336757570345,
        4.701168620393126,
        2.1980913734340084,
        4.039275089472,
        2.5795108308073877,
        4.604221860789363,
        -0.7508974151506052,
        2.445917746072172,
        2.6141301355314757,
        3.3952749422386583,
        0.22399877104669164,
        5.150195016596502,
        2.5787607740442566,
        5.009432069667906,
        3.538097196305921,
        2.743805304831467,
        3.3654165467117667,
        1.36516136501006,
        7.22684442524481,
        2.5293706104697087,
        2.5757570554442513,
        6.730844644198212,
        3.7770686680528613,
        7.006645233613635,
        0.2693328592884185,
        0.7160695196138595,
        2.809735084601683,
        4.56400438828008,
        5.358955831842651,
        1.2499540075561986,
        0.15500622625328359
      ],
      [
        1.7800470072096597,
        4.459565419393383,
        1.0484684642712545,
        2.799483313354645,
        2.0699779454684037,
        2.845229949405441,
        4.493420723376972,
        1.663132190072678,
        6.11586202656028,
        5.392484288666024,
        2.1068989182921807,
        3.5787962370993234,
        4.018876891149826,
        3.8713326993958415,
        3.9208108463461597,
        0.6036448091223455,
        1.1078244928526972,
        1.7014291027177468,
        5.116813014460427,
        2.2603959483943084,
        7.224923479980514,
        1.5392150978450028,
        4.652528547966004,
        -0.2165235954609013,
        0.9614306718470588,
        5.286298224078904,
        0.3245773219060889,
        0.2886025540157769,
        3.9382335923205565,
        5.28656340149296,
        4.397407579640996,
        2.9817784439236563,
        3.5398102892099046,
        2.7242575446720085,
        4.667328693436565,
        3.8639608608086613,
        -0.0792545419227111,
        4.097190509177884,
        1.482385222787544,
        2.7636272410583795,
        3.027404084337337,
        5.2744050919244385,
        2.0074780172901043,
        0.552961614101612,
        6.0536717038840795,
        3.6988837007007924,
        0.4723351395833467,
        6.599357700715972,
        3.6213751331571853,
        0.6181373078293344,
        3.7905081441424917,
        2.6058739115589047,
        3.396004846917406,
        4.976173335728042,
        5.815178145949712,
        3.763020923143545,
        4.77710688488381,
        0.6933361605877738,
        -0.0055086495888510365,
        0.6520367486610075,
        5.435219267061254,
        0.9013929780641712,
        2.9251726303025216,
        0.5926236787874134,
        1.6364058640389294,
        2.0772717297407386,
        1.0582153638943665,
        4.982183319278825,
        3.009314181249419,
        3.998163841747822,
        4.608888317094856,
        1.5776127926541839
      ],
      [
        4.080776411991113,
        3.157068408901153,
        4.202539896114298,
        0.8485939512138224,
        2.820029458969286,
        3.900470006365757,
        2.6652724534249943,
        4.376022885890263,
        5.167332263518513,
        4.130653503051716,
        0.8746307791227148,
        4.669662637743453,
        2.7887809497612843,
        0.7758565906842027,
        4.754693484502375,
        4.557284583415294,
        6.1500788048143376,
        1.6639790675404147,
        1.4779240580591764,
        0.2730543137911873,
        4.988287208384582,
        0.1469295255448038,
        5.753299426512403,
        3.179643300947834,
        3.8780050704514917,
        2.03139059037103,
        1.3716717782862866,
        1.0971240365731245,
        5.798375842779317,
        6.2490950265234915,
        0.6268336840989259,
        5.455633510702019,
        3.6940526647404464,
        5.148328511963404,
        1.1578817228455844,
        0.8759338720519265,
        3.706248964400956,
        0.9496772258099286,
        1.5579728685764385,
        0.9026065465687585,
        3.447447052417157,
        0.6294700971155918,
        0.04147763747637614,
        0.5170316425842856,
        1.9598118052282358,
        5.495189540329699,
        5.87033684496185,
        6.953500421649426,
        1.0602130297542396,
        4.099072296306973,
        1.3128929101468731,
        3.200009136512491,
        2.3743152162836734,
        0.14414991489831397,
        2.853104251305672,
        2.462941042527038,
        4.112045952819369,
        1.783523664026222,
        1.3805676029929579,
        1.344899184497382,
        1.0188921063595389,
        3.612611368403458,
        0.7830482518215799,
        2.8366247806340326,
        1.6012164805816176,
        2.312319798613775,
        3.2053770460767854,
        2.867540853066999,
        1.8715013016616893,
        1.4821830885477345,
        3.2990380306639135,
        1.3369879641120306,
        3.1867390464142678,
        3.9621130756059406,
        6.0151762530981365,
        5.115660665730375,
        2.154525921430419,
        0.06127532924839627,
        0.7790286301243345,
        3.472115235335829,
        1.9086734269280226,
        2.1556883527419366,
        0.5537552838035541,
        2.992025380093408,
        2.718355457910058,
        0.39448562619112326,
        0.48479510033997913,
        3.6436826887969183,
        2.0862681447783373,
        3.3241926258646024,
        2.4779628721324043,
        4.067644939266902,
        5.592640358788223,
        4.17530568013114,
        0.6457747679974312,
        1.6904107831741453,
        0.12326081143788745,
        4.35318135367779,
        4.55382645169929,
        4.182560244177644,
        3.843938679806789,
        1.7632274064495586,
        2.9244746918540008,
        4.697082814352743,
        1.0471195352671139,
        4.2011115435161095,
        6.24033511446162,
        3.0768684825053354
      ]
    ],
    "vqe2_time": [
      63.79902744293213,
      48.85628581047058,
      91.79335904121399
    ],
    "solution_vector": [
      0,
      1,
      1,
      1,
      0,
      0,
      0,
      0,
      1,
      1,
      1,
      1
    ],
    "solution_min_energy": -58.78909158706665,
    "solution_time": 0.023400068283081055,
    "matrix_size": 12,
    "qubo_matrix": [
      [
        -13.757524490356445,
        2.5,
        1.250000238418579,
        2.500000476837158,
        0.625,
        1.25,
        0.0,
        0.0,
        0.625,
        1.25,
        0.0,
        0.0
      ],
      [
        2.5,
        -25.01504898071289,
        2.500000476837158,
        5.000000953674316,
        1.25,
        2.5,
        0.0,
        0.0,
        1.25,
        2.5,
        0.0,
        0.0
      ],
      [
        1.250000238418579,
        2.500000476837158,
        -13.758017539978027,
        2.50000262260437,
        0.6250000596046448,
        1.2500001192092896,
        0.0,
        0.0,
        0.625,
        1.25,
        0.0,
        0.0
      ],
      [
        2.500000476837158,
        5.000000953674316,
        2.50000262260437,
        -25.016033172607422,
        1.2500001192092896,
        2.500000238418579,
        0.0,
        0.0,
        1.25,
        2.5,
        0.0,
        0.0
      ],
      [
        0.625,
        1.25,
        0.6250000596046448,
        1.2500001192092896,
        -8.7576322555542,
        2.5000007152557373,
        0.0,
        0.0,
        0.0,
        0.0,
        0.625,
        1.25
      ],
      [
        1.25,
        2.5,
        1.2500001192092896,
        2.500000238418579,
        2.5000007152557373,
        -15.015264511108398,
        0.0,
        0.0,
        0.0,
        0.0,
        1.25,
        2.5
      ],
      [
        0.0,
        0.0,
        0.0,
        0.0,
        0.0,
        0.0,
        0.625,
        1.25,
        0.0,
        0.0,
        0.0,
        0.0
      ],
      [
        0.0,
        0.0,
        0.0,
        0.0,
        0.0,
        0.0,
        1.25,
        2.5,
        0.0,
        0.0,
        0.0,
        0.0
      ],
      [
        0.625,
        1.25,
        0.625,
        1.25,
        0.0,
        0.0,
        0.0,
        0.0,
        -9.375,
        1.25,
        0.0,
        0.0
      ],
      [
        1.25,
        2.5,
        1.25,
        2.5,
        0.0,
        0.0,
        0.0,
        0.0,
        1.25,
        -17.5,
        0.0,
        0.0
      ],
      [
        0.0,
        0.0,
        0.0,
        0.0,
        0.625,
        1.25,
        0.0,
        0.0,
        0.0,
        0.0,
        -4.375,
        1.25
      ],
      [
        0.0,
        0.0,
        0.0,
        0.0,
        1.25,
        2.5,
        0.0,
        0.0,
        0.0,
        0.0,
        1.25,
        -7.5
      ]
    ],
    "ansatze": [
      "twolocal",
      "alternating_ry_rz",
      "random_circuit"
    ],
    "histories_energy": [
      [
        [
          -27.367696113983786,
          -27.309688578711615,
          -28.28248492598534,
          -30.541140687730575,
          -30.001096564398864,
          -31.362931415769786,
          -30.977253499958245,
          -32.12345633096166,
          -33.628511584599806,
          -29.33423506935437,
          -31.884172634548612,
          -33.658216926521725,
          -36.68672216481632,
          -37.12572492029931,
          -36.348586660358635,
          -38.160450114938946,
          -39.84035037212901,
          -39.413238891098246,
          -39.26719305157661,
          -39.22156877716383,
          -39.258922770023354,
          -38.612538882891336,
          -38.94666710986032,
          -39.219191838237975,
          -39.78191084742545,
          -39.57953207943174,
          -38.11270263751348,
          -38.6487937675582,
          -37.26135068390105,
          -39.713317219416304,
          -38.15956515987714,
          -37.73109049452676,
          -38.73911239650514,
          -42.14114260223178,
          -42.49603962288962,
          -43.88200256148974,
          -45.05569834629695,
          -44.8452566558785,
          -45.298682544893694,
          -45.5197577105628,
          -44.93407416873507,
          -45.797421875794726,
          -45.446362189054504,
          -45.4002566561434,
          -45.00624188184737,
          -45.1185672990481,
          -45.02592665248447,
          -45.65180337296591,
          -45.17424942798085,
          -46.59796097040176,
          -46.621883168088054,
          -48.267319899267626,
          -47.90394276022911,
          -48.755282210244076,
          -47.110344434314314,
          -48.4287200111813,
          -48.44052978462643,
          -48.78942969891761,
          -48.88014402111372,
          -48.70420797745387,
          -47.883405186865055,
          -48.92403661357032,
          -50.148792377445425,
          -50.018351052337216,
          -49.6650026096238,
          -49.35331796314981,
          -50.63041042500072,
          -50.00116634978189,
          -50.16843996074464,
          -50.23969308310085,
          -50.569826563464275,
          -51.06084616038534,
          -51.798834007183714,
          -51.61976226170859,
          -51.819708900584125,
          -51.697976734373306,
          -51.36574967424075,
          -51.816156288517845,
          -51.41437552465333,
          -51.75658351288902,
          -52.688481090731095,
          -52.93372833013534,
          -53.016193633476895,
          -52.952926194138,
          -53.22048254357445,
          -53.14114110761219,
          -53.2947731128004,
          -53.30878683937921,
          -53.57433198531469,
          -53.494744487206134,
          -53.5618010617627,
          -53.578201006650936,
          -53.38541629672052,
          -53.64808374524117,
          -53.45402749551667,
          -53.61239985704421,
          -53.33566290073924,
          -53.84333861165577,
          -50.97685776127709,
          -53.141885380612486,
          -53.70860793458092,
          -52.847389766772594,
          -54.04560486012035,
          -52.86376513878504,
          -53.75436191956202,
          -53.467991251415675,
          -54.814457023806035,
          -54.670530297623735,
          -55.02772395783,
          -55.01097931782406,
          -54.71616917159823,
          -54.51778246654404,
          -55.14054497996967,
          -55.002169619798664,
          -54.802408532036665,
          -54.73539827068647,
          -54.95419163836373,
          -55.44787914832434,
          -55.31476100497775,
          -55.130680680672334
        ]
      ],
      [
        [
          -45.99780214601092,
          -46.87492945949237,
          -46.171550263828706,
          -41.823617252641256,
          -46.871066066026685,
          -46.372660214503604,
          -45.77021000491249,
          -46.34203085886107,
          -46.49799797587924,
          -48.38071809132894,
          -47.888519690301685,
          -48.51900771035088,
          -48.432080491516324,
          -46.76389182077514,
          -48.25280751784642,
          -47.306002966960264,
          -47.6286080121994,
          -49.7803466422028,
          -50.0434110403061,
          -48.679069413476526,
          -49.547538926071596,
          -50.49835202521748,
          -50.523635689417524,
          -51.056517606576286,
          -49.62790733443367,
          -51.09828729271889,
          -51.01336258835263,
          -52.210875168111585,
          -51.78044873648221,
          -50.620869483417934,
          -51.97935970690515,
          -49.3784858432081,
          -52.141051673491795,
          -51.997106904983525,
          -51.63947400781842,
          -52.18646492467987,
          -50.9828241150909,
          -51.583890813854005,
          -52.079947911368464,
          -52.18489180684089,
          -52.41340963933203,
          -51.95114424321386,
          -52.201647981140354,
          -52.103631611532634,
          -51.97069782654444,
          -52.08840753065214,
          -52.13566673821873,
          -51.96832479251754,
          -51.80675982581244,
          -52.039653518597284,
          -52.180249010456926,
          -52.04002025312846,
          -51.68485812637542,
          -51.905643162065076,
          -52.020561970604795,
          -52.09579077892833,
          -51.858894887765246,
          -52.02202498356502,
          -51.98605890697903,
          -52.12239457474815,
          -51.90048382520676,
          -51.84549583117167,
          -52.03443065669802,
          -52.23119998892148,
          -52.088610852956776,
          -51.87222446944979,
          -51.930345309310496,
          -52.14510650012228,
          -51.91000011563301,
          -52.17505481216642,
          -52.14398685706987,
          -51.98530159751575,
          -51.9457645380497,
          -53.664565271933874,
          -53.55512785222797,
          -54.05799617052078,
          -53.12993244873153,
          -53.45023793816567,
          -54.04421129345895,
          -53.86519799126519,
          -53.42362727390395,
          -53.84027789831161,
          -53.30390174110731,
          -53.91569831000435,
          -53.134197438425474,
          -54.44697699639533,
          -54.358172058926684,
          -54.870375884638904,
          -54.89811450322468,
          -55.245313672754506,
          -54.19125884175302,
          -54.86894472678503,
          -53.66087371177144,
          -55.05608138600986,
          -55.07994872795211,
          -55.38930294407738,
          -54.68471274243461,
          -55.103065999348956,
          -54.54041304508846,
          -54.89300776349174,
          -53.137742513550656,
          -55.173916375372144,
          -54.52505835758315,
          -55.58717588782311,
          -55.60190969798299,
          -55.86437703503503,
          -55.48396459672186,
          -55.412875706752146,
          -55.533594345384174,
          -55.78311764915783,
          -55.82517221477296,
          -55.86167278872596,
          -55.875174433787656,
          -55.73579567339685,
          -55.94357056763437,
          -55.82705809036891,
          -55.57499780231053,
          -55.79091687944201,
          -55.596587350368495,
          -55.78432992166943
        ]
      ],
      [
        [
          -36.89143388152123,
          -38.01197010729048,
          -39.499567695856086,
          -39.24635971572663,
          -39.250469577444925,
          -37.8243059694767,
          -36.61762585308817,
          -37.31183185855548,
          -40.55586632238494,
          -39.889658025105796,
          -42.09735919727219,
          -42.08298089332051,
          -44.83239280568229,
          -44.43787074592379,
          -44.1296941251225,
          -44.434815960990065,
          -45.48085992349519,
          -46.85369407203463,
          -47.17926136732101,
          -47.66562470502324,
          -46.848790690766435,
          -44.76599071767594,
          -47.27687065495384,
          -47.75510199374623,
          -46.17862929198477,
          -47.269931584729086,
          -47.06538350754314,
          -46.74469461056921,
          -46.103480465677045,
          -47.573673017157425,
          -47.384002818796375,
          -47.05024161325561,
          -47.42418530596627,
          -46.6812362780836,
          -47.632791117429726,
          -49.36934996141327,
          -49.18431319872538,
          -49.10403613024287,
          -49.11350063562392,
          -48.99797480318282,
          -48.92570558203592,
          -48.63546519451672,
          -48.73401548650529,
          -48.98848419573571,
          -48.439576233228046,
          -48.65806449188126,
          -49.12233683321211,
          -49.285665051009914,
          -49.43351227151024,
          -49.05126543906,
          -49.018462814092636,
          -49.18773902230793,
          -49.081624060736765,
          -49.133721193605005,
          -48.79299660099877,
          -49.32579749133852,
          -49.50265668816036,
          -49.555224024852116,
          -49.272662342654336,
          -49.210222801367436,
          -48.8600531858868,
          -48.427546148432626,
          -48.76314818276298,
          -49.127026278575265,
          -49.092967067294644,
          -48.90650247361925,
          -48.555128727489056,
          -49.06187793678708,
          -48.66506228950289,
          -49.09297534240616,
          -48.88570150971413,
          -48.98832398931186,
          -48.962293717463815,
          -49.01683793809679,
          -49.11221994625198,
          -49.59450111150743,
          -49.50369268549814,
          -49.205330121119815,
          -48.865745181772446,
          -49.25172837085192,
          -49.14376294268503,
          -49.07918748180072,
          -48.73953865369161,
          -49.13662409345309,
          -49.0489428170522,
          -49.42460197607675,
          -49.17299078623452,
          -49.17106167422401,
          -49.03700473321809,
          -49.15018834829331,
          -48.722660170263715,
          -49.1862829846806,
          -49.13484983457458,
          -49.08314847681257,
          -49.08977419667774,
          -48.99045642217,
          -49.003170553048456,
          -48.63721151842012,
          -48.866654442681195,
          -49.09934457871649,
          -49.04351552128793,
          -48.93906276596918,
          -49.112519146998736,
          -48.79048482060433,
          -49.13838426921103,
          -48.611253375874625,
          -48.91397163073223,
          -48.910130305422676,
          -48.97606092704667,
          -49.52961732175616,
          -48.895213140116795,
          -47.93438059952524,
          -48.07190849767791,
          -48.36840914739502,
          -48.61098676509328,
          -48.70083760036361,
          -49.149909129010304,
          -49.613946190277744,
          -48.65489403208096,
          -49.341427158912026
        ]
      ]
    ]
  },
  {
    "vqe2_energy": [
      -104.68722329712531,
      -109.939985012557,
      -109.94591004243902
    ],
    "vqe2_vector": [
      [
        0,
        1,
        0,
        1,
        1,
        0,
        0,
        1,
        1,
        0,
        0,
        0
      ],
      [
        0,
        1,
        0,
        0,
        0,
        0,
        0,
        1,
        0,
        0,
        1,
        0
      ],
      [
        0,
        1,
        0,
        0,
        1,
        1,
        0,
        1,
        1,
        0,
        0,
        0
      ]
    ],
    "vqe2_min_error": [
      6.295659076384485,
      1.593971907012004,
      1.5886684802655315
    ],
    "vqe2_params": [
      [
        5.824757868827923,
        0.06933170570283043,
        6.4510731912219095,
        3.8210426569361915,
        4.6108193914547515,
        3.8560957101123696,
        6.081984034277498,
        7.071801377259025,
        1.971055537191218,
        0.5603499455851332,
        4.132945313476131,
        6.197146413801327,
        3.6515797696887744,
        5.720465671463836,
        0.4292136415544584,
        1.9960410576120577,
        1.4449670968393902,
        0.7238083091626668,
        6.879133456986159,
        2.6156759993821606,
        3.703983875339765,
        0.35425252097384585,
        2.6820306906206532,
        -0.07600928018064435,
        1.1127506474705944,
        6.2818995113047835,
        6.407939514763587,
        0.43845173486704303,
        -0.3527447010417558,
        4.445596021242876,
        5.381280262709844,
        2.1436221123394095,
        4.504009377786305,
        -0.15660608405419685,
        1.1881305977402616,
        6.550224062010832,
        1.278424749701689,
        3.1696483658361285,
        2.1950340364754495,
        4.662052646709151,
        5.722549006352664,
        4.71757990635626,
        1.6523621587187423,
        4.83474670146987,
        2.318322000094554,
        2.1920245966288046,
        5.462543301749309,
        2.425450718382407
      ],
      [
        7.087742172221645,
        5.100541499992461,
        1.7253666958571718,
        6.6100457088276245,
        5.31083833218548,
        6.372109058194596,
        1.7124822712789274,
        1.144078554426265,
        6.136470382638361,
        5.372231251607863,
        2.1012401731568304,
        4.027393098601119,
        6.207017876886489,
        1.6295554305370683,
        3.4360141431589164,
        3.5140817050632016,
        5.504750665878284,
        5.69334581736458,
        7.095306871026588,
        0.558216312262802,
        4.132516249235124,
        5.9817779297577784,
        3.367738396570184,
        5.09682521809514,
        6.121512213004271,
        7.633314820261035,
        5.60900471009595,
        3.742060843846578,
        3.1127785048431327,
        0.38526538746393146,
        4.79681907453877,
        2.095998096419025,
        0.5201319732097538,
        0.4180862357648332,
        4.687549382536551,
        4.48752284567642,
        5.358955903409023,
        5.061432900822525,
        2.7445787001156625,
        5.577451748578329,
        3.229098619624095,
        3.2298788383639416,
        6.02870092254544,
        1.2170615886727663,
        2.5335041950134203,
        5.866518309624771,
        6.72431409270323,
        4.493188021648487,
        3.8632117737242515,
        2.9477481968372246,
        7.267984557912413,
        1.7571300992746812,
        2.289720742808122,
        3.517136975456566,
        6.060699538975033,
        4.160259625982439,
        3.357289451452494,
        4.336257286105785,
        4.715164170711505,
        2.7985939754756424,
        4.241037287869094,
        5.500722942311909,
        2.677869355275466,
        3.286217033904036,
        1.6712601708996402,
        2.3204519744208807,
        0.23947786781277963,
        3.2542983973736095,
        5.462869393487348,
        2.250996503527315,
        1.973574244317106,
        4.314144742383061
      ],
      [
        5.158753318493843,
        2.6365780546921034,
        6.129151546991893,
        2.487332511238332,
        5.456315266342455,
        3.8810048679927562,
        2.1757602441955464,
        1.855007194269108,
        2.8455713701618164,
        1.1960987045786495,
        0.23119270181228072,
        2.171728134416222,
        1.8159874986215023,
        2.2613845619910715,
        5.998861817636362,
        0.07523138804032362,
        5.611453222534509,
        3.5559685752320473,
        3.4929645814368238,
        6.208731880748546,
        2.1161956282356185,
        4.568342827517652,
        0.7032338576927814,
        6.094568316922512,
        1.09742825615599,
        1.1674904487469278,
        5.8721299588251465,
        1.7483644625575225,
        1.769501495646822,
        5.293937317052998,
        0.4165103150325759,
        1.1973228448829467,
        5.2850930668670335,
        6.646494636231763,
        1.947428707424906,
        5.15638074234741,
        0.37917468573430013,
        5.572024505916823,
        6.053678381240723,
        6.439803549655457,
        5.130838214041005,
        1.6666645240208284,
        3.9498774735558246,
        5.417728596871949,
        2.4196568308014546,
        2.0728525012015706,
        2.1256369259656167,
        0.4547036075027455,
        1.468475070614788,
        4.370811738837762,
        4.253825180978654,
        0.5186679612166305,
        3.2280631307910697,
        5.217564795056973,
        0.21328740002727253,
        5.503486913570214,
        1.8771726418791712,
        4.437099269985774,
        4.920161169192196,
        5.597363341611268,
        0.3744146827721838,
        2.230356484301947,
        3.5107723705798586,
        4.905125983233918,
        1.9543128502400906,
        4.304444688107887,
        4.80852357650162,
        0.217113143515839,
        3.447718651733182,
        0.8855453982208666,
        5.436852694277398,
        5.223123946047558,
        0.9795313348484423,
        5.010712677851654,
        6.017923747082102,
        0.8089446926557243,
        3.671118790175024,
        4.320662592594246,
        5.895365571015123,
        5.243670688202951,
        1.7798137138348447,
        0.41875610467562974,
        1.7060978933542317,
        0.9430423222228983,
        3.3418384706493107,
        4.546245873105549,
        0.4602026166977656,
        2.1375875092366208,
        2.243745181403066,
        0.030551183501914055,
        1.2463692756190934,
        0.8026725305581744,
        4.6407825097689,
        4.124980264261208,
        2.522236432319676,
        3.3240472187988743,
        1.0737535481631333,
        4.256776646463773,
        0.9013841846961229,
        1.7627215277186186,
        3.405439500639982,
        2.4579589610319865,
        2.6957185630878224,
        2.3385146801607153,
        5.063707630488997,
        1.8040545494342772,
        2.7521768925484413,
        1.6492164208901936
      ]
    ],
    "vqe2_time": [
      63.733437299728394,
      57.93044304847717,
      84.27297520637512
    ],
    "solution_vector": [
      0,
      0,
      0,
      0,
      1,
      0,
      1,
      1,
      0,
      1,
      0,
      0
    ],
    "solution_min_energy": -111.72078290637855,
    "solution_time": 0.021494388580322266,
    "matrix_size": 12,
    "qubo_matrix": [
      [
        -26.15587610287938,
        3.4833795401031287,
        6.966759080206257,
        1.7416897700515643,
        1.741689700882096,
        3.483379401764192,
        6.966758803528384,
        1.741689700882096,
        1.741689687296573,
        3.483379374593146,
        6.966758749186292,
        1.741689687296573
      ],
      [
        3.4833795401031287,
        -48.82837266565563,
        13.933518160412515,
        3.4833795401031287,
        3.483379401764192,
        6.966758803528384,
        13.933517607056768,
        3.483379401764192,
        3.483379374593146,
        6.966758749186292,
        13.933517498372584,
        3.483379374593146
      ],
      [
        6.966759080206257,
        13.933518160412515,
        -83.72322717089875,
        6.966759080206257,
        6.966758803528384,
        13.933517607056768,
        27.867035214113535,
        6.966758803528384,
        6.966758749186292,
        13.933517498372584,
        27.86703499674517,
        6.966758749186292
      ],
      [
        1.7416897700515643,
        3.4833795401031287,
        6.966759080206257,
        -26.15587610287938,
        1.741689700882096,
        3.483379401764192,
        6.966758803528384,
        1.741689700882096,
        1.741689687296573,
        3.483379374593146,
        6.966758749186292,
        1.741689687296573
      ],
      [
        1.741689700882096,
        3.483379401764192,
        6.966758803528384,
        1.741689700882096,
        -26.15742115389408,
        3.483380023007024,
        6.966760046014048,
        1.741690011503512,
        1.7416897489577359,
        3.4833794979154717,
        6.9667589958309435,
        1.7416897489577359
      ],
      [
        3.483379401764192,
        6.966758803528384,
        13.933517607056768,
        3.483379401764192,
        3.483380023007024,
        -48.83146228478114,
        13.933520092028097,
        3.483380023007024,
        3.4833794979154717,
        6.9667589958309435,
        13.933517991661887,
        3.4833794979154717
      ],
      [
        6.966758803528384,
        13.933517607056768,
        27.867035214113535,
        6.966758803528384,
        6.966760046014048,
        13.933520092028097,
        -83.72940447753417,
        6.966760046014048,
        6.9667589958309435,
        13.933517991661887,
        27.867035983323774,
        6.9667589958309435
      ],
      [
        1.741689700882096,
        3.483379401764192,
        6.966758803528384,
        1.741689700882096,
        1.741690011503512,
        3.483380023007024,
        6.966760046014048,
        -26.15742115389408,
        1.7416897489577359,
        3.4833794979154717,
        6.9667589958309435,
        1.7416897489577359
      ],
      [
        1.741689687296573,
        3.483379374593146,
        6.966758749186292,
        1.741689687296573,
        1.7416897489577359,
        3.4833794979154717,
        6.9667589958309435,
        1.7416897489577359,
        -26.15544485421097,
        3.4833794053168594,
        6.966758810633719,
        1.7416897026584297
      ],
      [
        3.483379374593146,
        6.966758749186292,
        13.933517498372584,
        3.483379374593146,
        3.4833794979154717,
        6.9667589958309435,
        13.933517991661887,
        3.4833794979154717,
        3.4833794053168594,
        -48.82751030310508,
        13.933517621267438,
        3.4833794053168594
      ],
      [
        6.966758749186292,
        13.933517498372584,
        27.86703499674517,
        6.966758749186292,
        6.9667589958309435,
        13.933517991661887,
        27.867035983323774,
        6.9667589958309435,
        6.966758810633719,
        13.933517621267438,
        -83.72150298494273,
        6.966758810633719
      ],
      [
        1.741689687296573,
        3.483379374593146,
        6.966758749186292,
        1.741689687296573,
        1.7416897489577359,
        3.4833794979154717,
        6.9667589958309435,
        1.7416897489577359,
        1.7416897026584297,
        3.4833794053168594,
        6.966758810633719,
        -26.15544485421097
      ]
    ],
    "ansatze": [
      "twolocal",
      "alternating_ry_rz",
      "random_circuit"
    ],
    "histories_energy": [
      [
        [
          -42.46494217629072,
          -40.835747877328394,
          -41.70704923411847,
          -41.853675052463664,
          -48.36769584924132,
          -42.443477803629584,
          -31.84184667919236,
          -38.49596170516732,
          -50.56866922326152,
          -53.37841202732729,
          -33.54034040177878,
          -46.95985378868981,
          -60.275815590730886,
          -61.91063305906681,
          -74.76800391621063,
          -72.04475966437414,
          -73.51016429128444,
          -73.1965488717402,
          -77.48044789961814,
          -78.0387689729547,
          -76.45937558078987,
          -78.21769720716172,
          -77.9021577310417,
          -80.73653744998144,
          -80.09422374001053,
          -77.14699915148606,
          -87.9221161978693,
          -90.21568562781457,
          -90.92750258548728,
          -89.04944037506542,
          -88.89099531715107,
          -89.21035720324211,
          -89.82505927832173,
          -91.76578616844144,
          -88.3511451907417,
          -87.51837847258167,
          -90.91291857509697,
          -91.23151818169461,
          -91.14558185283006,
          -90.15241137505059,
          -91.14156777360932,
          -91.19250727257679,
          -89.34498060525698,
          -92.14633607667656,
          -91.49019336231093,
          -90.06817952380925,
          -92.34800622683959,
          -90.12129975312885,
          -91.62020098252314,
          -93.81861363533969,
          -92.69402969400272,
          -93.44340211404793,
          -94.36812982242708,
          -95.08635677861952,
          -94.03310200478965,
          -91.70248044221654,
          -95.42156237735742,
          -95.29421059598161,
          -94.71875167037004,
          -94.78785550979065,
          -94.72444930257332,
          -92.63404713275652,
          -94.29081156239988,
          -95.08775691711195,
          -93.92614384507357,
          -93.98377432483173,
          -94.14560676922599,
          -97.31328548222452,
          -98.2383751762972,
          -97.51745008162703,
          -97.60910736078556,
          -99.02367014120331,
          -99.02143550656685,
          -94.15233470971667,
          -98.41041350283548,
          -98.47868246222322,
          -98.43864352935879,
          -98.84091761121586,
          -97.41607252986977,
          -98.69207486817277,
          -98.47696545553066,
          -99.5007360428294,
          -98.04664108019001,
          -97.87229585281578,
          -98.9758029592667,
          -99.75616228667958,
          -100.94096633330213,
          -99.82276046812287,
          -100.12747778568709,
          -99.75991529644631,
          -100.90010374300692,
          -100.36463763651145,
          -100.36470404588744,
          -100.48781370397035,
          -100.43699605535045,
          -101.1120634513062,
          -99.44531411073412,
          -99.86384828223022,
          -97.95921711674265,
          -100.8502836162232,
          -101.10972311391475,
          -99.20278382286152,
          -98.42698104309953,
          -97.73177723828228,
          -100.03611805573729,
          -99.75485613300926,
          -100.47392337958445,
          -99.66076461182223,
          -100.83872724392423,
          -98.69448541901662,
          -100.04100988034338,
          -101.13507120814582,
          -100.40050272068522,
          -100.4664810849397,
          -101.95488454010265,
          -100.6647657933892,
          -100.993320094381,
          -101.20969715384476,
          -101.48108254949317,
          -102.22564614291696
        ]
      ],
      [
        [
          -58.255807962766795,
          -58.45748730532672,
          -61.51298494046442,
          -66.86215996235386,
          -68.71509808740069,
          -61.129913051320294,
          -74.07667338997112,
          -71.34707169977527,
          -78.62736478207397,
          -75.47286690492281,
          -87.84544595952684,
          -86.0961948692864,
          -90.5305801686348,
          -88.86439347275609,
          -84.77260304602657,
          -90.38866395791693,
          -89.36817667144022,
          -87.49512460735102,
          -78.27576489267003,
          -92.34251529734378,
          -91.79250241278582,
          -92.04757815549917,
          -92.36570101373653,
          -94.58368543636035,
          -93.85734175568824,
          -92.76852515071538,
          -95.02516084333398,
          -92.69058383562356,
          -91.47271625964888,
          -96.22447323239226,
          -77.99442896176858,
          -90.2441100821454,
          -93.94027265720463,
          -95.64038339012092,
          -92.59853244213791,
          -97.02923112640534,
          -95.12188895933787,
          -94.72506309005496,
          -96.03694764103422,
          -97.47519507437167,
          -95.50999470080882,
          -97.46144941259845,
          -97.6621441750332,
          -95.25995168020522,
          -97.30049647880372,
          -96.19826638828303,
          -97.4763306499715,
          -97.71532234319386,
          -97.34279405635111,
          -96.52477448942811,
          -96.37085346166529,
          -97.9363702298948,
          -97.10318533107274,
          -95.90749035514276,
          -96.6460943696852,
          -96.22560316927158,
          -96.43623613380701,
          -96.55971450751625,
          -96.70162263929053,
          -96.83467929138696,
          -95.54309425142611,
          -95.83796579787482,
          -96.63572148232868,
          -95.25168118021104,
          -96.91354197370862,
          -95.54094313274597,
          -97.25417172870166,
          -96.45087247106682,
          -96.978459691473,
          -95.80064386503382,
          -95.93805127680578,
          -96.37612525359793,
          -94.82927075754546,
          -95.15184969219159,
          -96.72552704145252,
          -92.79370939847497,
          -93.62859014300923,
          -96.94497459756263,
          -97.4168210710141,
          -97.39110539077139,
          -97.97626797264049,
          -93.75441672537494,
          -97.26617014657141,
          -97.66427172355843,
          -97.6715910764601,
          -90.28712146562917,
          -97.08972721035427,
          -96.96668312068192,
          -98.20632140988926,
          -94.2356226865224,
          -97.9629217397245,
          -98.14050848631864,
          -96.0511857446773,
          -97.54717479712944,
          -97.91391344046137,
          -95.95559808790914,
          -95.903319732758,
          -96.35840464697502,
          -101.0482074015629,
          -99.68697858064239,
          -100.95038186431802,
          -100.52893053918054,
          -101.35854319213324,
          -92.7542850644666,
          -100.75919395757896,
          -98.07658269251908,
          -101.22496388529215,
          -98.59453116342124,
          -100.95051381716756,
          -99.70255290487843,
          -100.35127995875526,
          -101.40781753308094,
          -100.75337059045333,
          -101.73797331142192,
          -100.47220867362202,
          -102.01766010212606,
          -101.80363176527301,
          -101.432457709341,
          -101.24790477965257,
          -101.34114764680697
        ]
      ],
