[
  {
    "vqe2_energy": [
      -4299.367161489568,
      -4198.8386480967465,
      -4286.913705546112
    ],
    "vqe2_vector": [
      [
        0,
        0,
        1,
        0,
        1,
        0,
        1,
        1,
        0,
        1,
        0,
        0
      ],
      [
        1,
        1,
        1,
        0,
        1,
        1,
        1,
        0,
        1,
        1,
        0,
        0
      ],
      [
        0,
        0,
        1,
        1,
        0,
        1,
        0,
        0,
        1,
        0,
        1,
        1
      ]
    ],
    "vqe2_min_error": [
      0.09878312783802023,
      2.434689888314101,
      0.3881548786759059
    ],
    "vqe2_params": [
      [
        2.489827109100452,
        6.675808996388332,
        3.8205596985844745,
        2.7780843989009507,
        0.6914898445342097,
        1.1958319887430469,
        5.982720768278888,
        2.5520204904075916,
        3.2277852559055895,
        5.929946812937352,
        1.2309160344825176,
        2.4798046503898683,
        2.3671449143091543,
        3.1140401318255817,
        2.55253487972185,
        4.703536975118834,
        2.2287307210550416,
        0.49726896872495713,
        1.927737760222874,
        6.492383418419811,
        3.7256837486038465,
        6.22766206856432,
        0.8312813949076672,
        3.6580921151117582,
        3.369242497471026,
        6.939641467251072,
        0.8596466767381417,
        3.471781853902628,
        3.4027801086054286,
        1.139384131938179,
        5.002187023124332,
        5.833619335677668,
        3.53556327695756,
        2.875022834052893,
        5.29424004453672,
        2.323761455823929,
        1.276021154227173,
        4.118021804068232,
        6.620586186746323,
        0.3997790510213998,
        5.888298319174081,
        6.868152729729251,
        5.582518597624458,
        0.9712253906508982,
        1.2761921613924352,
        5.910883228358045,
        2.443587760974135,
        5.484445321470586
      ],
      [
        3.1601377996388345,
        1.991309470140376,
        1.1704551526936564,
        4.932844423186343,
        3.5562284225752783,
        6.4445648744339215,
        0.07591144824623838,
        2.3537241087932825,
        3.4171166738661594,
        5.358889415736319,
        0.4255171255902092,
        1.020518434710988,
        5.186463015659455,
        1.269199638709764,
        4.831703247416427,
        1.8331002893367496,
        4.886047449284537,
        5.536469616449552,
        1.2846472918608565,
        7.171257788829201,
        3.174606635965439,
        2.691754027857827,
        0.3500153425361425,
        4.4637281860952935,
        2.847808647190586,
        4.18585685065308,
        4.856519991664101,
        4.33295444663744,
        4.747881811725729,
        3.4800192341885654,
        0.8367561624408822,
        6.319629836909163,
        6.71830019824498,
        6.872827573694421,
        2.18539726611641,
        5.105893946832114,
        2.914111520915264,
        0.9970979654797896,
        1.1809764179063613,
        0.556678012170955,
        2.839248493794076,
        1.3789131166434716,
        5.1039701149370496,
        2.922673681809032,
        2.780160931011,
        2.646404704194328,
        5.134316454948867,
        0.9602200380027504,
        3.297688319502194,
        0.8847301502148047,
        0.14272622849776326,
        4.119383606726011,
        0.43418387884427817,
        1.177004850691077,
        2.1212545758139782,
        1.32214568289908,
        0.8714997561341052,
        0.43396251274393466,
        0.5266133107724126,
        5.4332935207928035,
        2.8621338926668387,
        1.7868019999823046,
        3.246663472097578,
        4.872452210016203,
        2.973180889811527,
        3.7087752238833525,
        5.700078724193885,
        2.9333387407762146,
        0.37765558668410765,
        5.956087971667191,
        6.034228104969479,
        5.4524787491799085
      ],
      [
        1.868497180363444,
        6.892395134723851,
        4.2489971334587135,
        4.998160135695343,
        2.1076325112592427,
        5.974977185559845,
        3.5170718403296717,
        3.7861941065296683,
        3.2525057757613216,
        1.3533065967149198,
        2.5773056158295082,
        2.3813161998542696,
        0.8776094657831136,
        4.965464819860469,
        1.9653210077007457,
        2.9749063824963957,
        7.03381252366202,
        2.612103396703157,
        2.8477192156468725,
        5.625588660047873,
        1.2453928431963546,
        2.5375847498596475,
        3.0260498214453984,
        1.654720246969011,
        2.052719117652873,
        0.7100432958590225,
        4.777509791920163,
        3.2422023729030367,
        3.6469768935991174,
        4.564283091617136,
        1.1139644081532285,
        5.276858521120548,
        3.672037570692445,
        3.265572483087674,
        6.574551768285443,
        4.749841553473854,
        2.7242469669258407,
        3.3177756913455654,
        4.719466804729572,
        0.8559638828714708,
        1.8564508520876104,
        5.273273542054956,
        5.05115305247544,
        4.1522669289320735,
        1.6839436616427592,
        5.101292390217086,
        2.7996211852589035,
        6.090331325251137,
        3.8941210588279778,
        5.840172977926496,
        5.349938745356383,
        3.770170859594629,
        2.798075653582239,
        1.610288170725393,
        1.1978319996698028,
        1.8978661176503988,
        4.079638183931173,
        1.4107615764539172,
        5.778540682565532,
        4.576762637747897,
        4.736044648524779,
        0.4437079630449033,
        1.385680585862543,
        5.045299445795292,
        5.494408627313666,
        4.002751219596888,
        0.15014090713010877,
        0.36860748177732966,
        3.8999827755509,
        2.039191934153237,
        2.8364320212572944,
        3.445979262152894,
        2.1063004585724596,
        1.6120753282049078,
        2.508282814358413,
        2.4274491860123155,
        5.563477607634672,
        0.6428414219391294,
        5.7831394981314554,
        4.984574021462055,
        2.76957177980886,
        4.923157384019743,
        5.567770528741285,
        4.982154806976548,
        4.44816181258862,
        2.732968389997195,
        5.260302621450708,
        0.40464519737773386,
        3.8143943987650877,
        4.393477449572774,
        4.9198246694754975,
        4.884670425923906,
        5.92139440751518,
        0.9941517415887637,
        3.944993639036952,
        1.2939077710778208,
        0.953454949356773,
        5.204508983276614,
        3.6034175863783675,
        0.7255418517178339,
        1.2484861837527823,
        2.7917901700555228,
        0.01979698417860036,
        0.383025812831939,
        1.9330733155027893,
        5.748720307422097,
        0.7462252017367645,
        4.98213019343659
      ]
    ],
    "vqe2_time": [
      35.36350774765015,
      55.24328923225403,
      117.86458945274353
    ],
    "solution_vector": [
      1,
      1,
      1,
      1,
      0,
      1,
      1,
      1,
      1,
      1,
      0,
      1
    ],
    "solution_min_energy": -4303.6184103655405,
    "solution_time": 0.024564743041992188,
    "matrix_size": 12,
    "qubo_matrix": [
      [
        -264.72494585222813,
        8.402379170204151,
        16.804758340408302,
        33.609516680816604,
        67.21903336163321,
        4.2011895851020755,
        4.201189579436033,
        8.402379158872066,
        16.80475831774413,
        33.60951663548826,
        67.21903327097652,
        4.201189579436033
      ],
      [
        8.402379170204151,
        -521.0475125342522,
        33.609516680816604,
        67.21903336163321,
        134.43806672326642,
        8.402379170204151,
        8.402379158872066,
        16.80475831774413,
        33.60951663548826,
        67.21903327097652,
        134.43806654195305,
        8.402379158872066
      ],
      [
        16.804758340408302,
        33.609516680816604,
        -1008.4855083876877,
        134.43806672326642,
        268.87613344653283,
        16.804758340408302,
        16.80475831774413,
        33.60951663548826,
        67.21903327097652,
        134.43806654195305,
        268.8761330839061,
        16.80475831774413
      ],
      [
        33.609516680816604,
        67.21903336163321,
        134.43806672326642,
        -1882.532950052109,
        537.7522668930657,
        33.609516680816604,
        33.60951663548826,
        67.21903327097652,
        134.43806654195305,
        268.8761330839061,
        537.7522661678122,
        33.60951663548826
      ],
      [
        67.21903336163321,
        134.43806672326642,
        268.87613344653283,
        537.7522668930657,
        -3227.3136332111526,
        67.21903336163321,
        67.21903327097652,
        134.43806654195305,
        268.8761330839061,
        537.7522661678122,
        1075.5045323356244,
        67.21903327097652
      ],
      [
        4.2011895851020755,
        8.402379170204151,
        16.804758340408302,
        33.609516680816604,
        67.21903336163321,
        -264.72494585222813,
        4.201189579436033,
        8.402379158872066,
        16.80475831774413,
        33.60951663548826,
        67.21903327097652,
        4.201189579436033
      ],
      [
        4.201189579436033,
        8.402379158872066,
        16.80475831774413,
        33.60951663548826,
        67.21903327097652,
        4.201189579436033,
        -264.7249611542453,
        8.402379472019085,
        16.80475894403817,
        33.60951788807634,
        67.21903577615268,
        4.2011897360095425
      ],
      [
        8.402379158872066,
        16.80475831774413,
        33.60951663548826,
        67.21903327097652,
        134.43806654195305,
        8.402379158872066,
        8.402379472019085,
        -521.0475428364715,
        33.60951788807634,
        67.21903577615268,
        134.43807155230536,
        8.402379472019085
      ],
      [
        16.80475831774413,
        33.60951663548826,
        67.21903327097652,
        134.43806654195305,
        268.8761330839061,
        16.80475831774413,
        16.80475894403817,
        33.60951788807634,
        -1008.4855677848668,
        134.43807155230536,
        268.8761431046107,
        16.80475894403817
      ],
      [
        33.60951663548826,
        67.21903327097652,
        134.43806654195305,
        268.8761330839061,
        537.7522661678122,
        33.60951663548826,
        33.60951788807634,
        67.21903577615268,
        134.43807155230536,
        -1882.5330640174282,
        537.7522862092214,
        33.60951788807634
      ],
      [
        67.21903327097652,
        134.43806654195305,
        268.8761330839061,
        537.7522661678122,
        1075.5045323356244,
        67.21903327097652,
        67.21903577615268,
        134.43807155230536,
        268.8761431046107,
        537.7522862092214,
        -3227.313841825635,
        67.21903577615268
      ],
      [
        4.201189579436033,
        8.402379158872066,
        16.80475831774413,
        33.60951663548826,
        67.21903327097652,
        4.201189579436033,
        4.2011897360095425,
        8.402379472019085,
        16.80475894403817,
        33.60951788807634,
        67.21903577615268,
        -264.7249611542453
      ]
    ],
    "ansatze": [
      "twolocal",
      "alternating_ry_rz",
      "random_circuit"
    ],
    "histories_energy": [
      [
        [
          -3423.3152712604906,
          -3469.9872588655458,
          -3502.024324895493,
          -3150.497630900688,
          -3459.0971768888576,
          -3402.7422202065572,
          -3455.770734099208,
          -3804.722168304149,
          -3963.7596168497375,
          -3913.0601856796848,
          -3917.7595505576924,
          -3974.007628026296,
          -3997.0174162992002,
          -3968.194925977517,
          -3974.530386700882,
          -3943.313491102363,
          -3963.2790884724104,
          -3980.0267201995493,
          -3941.369387376577,
          -3971.0607944834132,
          -4003.601891665151,
          -4042.139245701967,
          -4021.838166409553,
          -3986.1825766592447,
          -4040.774687659312,
          -4045.3000313317025,
          -4053.149972541308,
          -3945.3283303997396,
          -4052.9293043041416,
          -4059.5093859499334,
          -4023.454401331842,
          -4031.0408339832065,
          -4022.5115836599443,
          -4030.1465945388522,
          -4054.2678478529183,
          -4046.1163801016937,
          -4027.286487210845,
          -4054.5430391268583,
          -4046.4654164780636,
          -4061.412981271551,
          -4040.246377697101,
          -4023.964713395735,
          -4073.2973461345614,
          -4060.8994451886724,
          -4059.5442865295945,
          -4047.3403284577257,
          -4055.38210739518,
          -4031.7479147658823,
          -4077.775279233561,
          -4001.048961081576,
          -4052.2284380117194,
          -3940.601449156348,
          -4029.291608764759,
          -3983.099418458499,
          -4051.812654240006,
          -4069.8110264428547,
          -3921.447480829197,
          -3988.2008817868395,
          -4038.0544260919487,
          -4011.626160410091,
          -4056.891531359355,
          -4034.12153776809,
          -4037.662813066608,
          -4061.9202347989863,
          -4041.6398271932685,
          -4035.333041262898,
          -4004.9175390730375,
          -4035.0585792654397,
          -4059.4987136997674,
          -4026.8798150640073,
          -4040.2143144063325,
          -4080.39901954531,
          -4061.9328481542757,
          -4073.094124899098,
          -4085.619888299769,
          -4013.1596431475987,
          -3977.627083830142,
          -4007.9686953887835,
          -4046.357326904768,
          -4080.3050514026077,
          -4060.39274925766,
          -4067.7168514337923,
          -4039.6251426880226,
          -4094.6983000298433,
          -4028.7102806997555,
          -4024.317259013336,
          -4097.68358517589,
          -4076.7780023177434,
          -4048.6858806400774,
          -4095.623112647731,
          -4075.788609941469,
          -4086.0456806281154,
          -4057.771061510126,
          -4069.653092499153,
          -4070.3658511148556,
          -4113.448991789407,
          -4087.229291692247,
          -3999.071944126239,
          -4026.555670703552,
          -4069.609652791469,
          -4026.5622789096615,
          -4072.418384359995,
          -4057.6409183614833,
          -4074.8531260533505,
          -4072.271227448377,
          -4081.5976990365684,
          -4066.9372686890893,
          -4090.6493171521975,
          -4093.557639949931,
          -3785.9950996820894,
          -4070.1994143047577,
          -4104.556420546023,
          -4147.755314995162,
          -3931.54940533456,
          -4052.427432103488,
          -4034.0180107974443,
          -4105.862451195015,
          -4131.448646683206,
          -4095.2965173634034,
          -4127.4931881306775
        ]
      ],
      [
        [
          -3442.880112325746,
          -3395.261453705544,
          -3615.639538124659,
          -3548.8492911960648,
          -3615.4278131862084,
          -3601.2661892879737,
          -3622.5671654229254,
          -3601.018902015612,
          -3392.3374161592965,
          -3574.9663282315455,
          -3619.0800182132652,
          -3582.519997474493,
          -3610.350765703543,
          -3551.2160739147225,
          -3839.959188072935,
          -3641.949848676692,
          -3754.2837603860153,
          -3833.7706523778525,
          -3877.466972478276,
          -3837.6924341934955,
          -3905.591815389123,
          -3813.821814338296,
          -3908.1324474521143,
          -3902.319871050683,
          -3927.698154735896,
          -3906.6471988887884,
          -3594.3258046199194,
          -3821.857852952868,
          -3907.9723529573125,
          -3927.7605143257197,
          -3905.3694497403358,
          -3904.007668095342,
          -3937.180617517599,
          -4064.473200476281,
          -4064.485589101579,
          -4026.5171001343565,
          -4069.405422546674,
          -4061.14369319994,
          -4056.613244990434,
          -4058.1446246638084,
          -4065.250352362532,
          -4052.734032207108,
          -4052.474685160048,
          -4038.515567087835,
          -4050.5472457442856,
          -4025.6264162072343,
          -4072.0212176694054,
          -4070.140016594883,
          -4032.919315275859,
          -4047.369343495427,
          -4052.655010722145,
          -4035.002680210108,
          -4048.732789905821,
          -4053.085916905925,
          -4069.7112322002768,
          -4052.262732914134,
          -4048.819865410145,
          -4059.3883066617636,
          -4026.503722861132,
          -4038.62798541064,
          -4045.0296294443992,
          -4025.966009414379,
          -4042.7515934000407,
          -4066.796235987855,
          -4060.1551336175166,
          -4059.355854151105,
          -4078.188684588576,
          -4063.9954998922744,
          -4054.9442170569696,
          -4025.718718427626,
          -4038.445212229471,
          -4053.419724462043,
          -4066.3484950307607,
          -3758.8926116245716,
          -4079.059656034558,
          -3987.1828308517815,
          -4002.0957534352765,
          -3550.6823608485047,
          -4076.832411772402,
          -3917.51414975995,
          -4048.1466750514846,
          -4061.4060500412797,
          -4067.195913761088,
          -4067.443922836726,
          -4047.193021636731,
          -4076.120943163626,
          -4049.844103050452,
          -3541.9592266403442,
          -4051.432107954149,
          -4015.3222736862945,
          -4046.377681233743,
          -4121.610720188969,
          -4101.93409518893,
          -4119.157187342703,
          -4130.766020270697,
          -4106.265598848916,
          -4148.560339821332,
          -3796.832740817836,
          -4146.531267460645,
          -4067.106447385601,
          -4116.018302083677,
          -3948.2298445882248,
          -4127.11427535447,
          -4138.73939974192,
          -4150.045984759396,
          -4123.51875239009,
          -4134.032288754868,
          -4069.390214766939,
          -4144.743269516099,
          -4163.849447723769,
          -4145.470135374165,
          -4134.714032376623,
          -4148.2640367343665,
          -4146.345883287856,
          -4147.828411101037,
          -4150.762745989048,
          -4146.984120496903,
          -4136.665088832819,
          -4143.141254358863,
          -4127.2156327359635
        ]
      ],
      [
        [
          -3356.016866026764,
          -3319.902300909487,
          -3373.726816896945,
          -3460.9654627634227,
          -3523.346793708876,
          -3451.907730277684,
          -3456.0700800307363,
          -3454.1961096377577,
          -3608.043257117404,
          -3665.2125118171234,
          -3652.477518438407,
          -3682.973984762256,
          -3657.237194591424,
          -3570.770547771059,
          -3746.6488463139817,
          -3704.986772098149,
          -3697.321099399725,
          -3749.241302929205,
          -3764.658885900941,
          -3630.7552987355475,
          -3444.5594199740494,
          -3765.5263908109728,
          -3793.3374885882417,
          -3791.122754646798,
          -3769.223058472613,
          -3799.7936562474047,
          -3729.6307823664724,
          -3635.8090471886935,
          -3785.2048038671373,
          -3739.446123312256,
          -3812.842341698891,
          -3788.273616900486,
          -3564.295857806889,
          -3814.5439243639535,
          -3788.3181144929913,
          -3829.0945480188775,
          -3769.3705205432243,
          -3807.6402992435296,
          -3797.510877960488,
          -3812.885680865624,
          -3820.1597937623073,
          -3798.2281404985397,
          -3791.349970187737,
          -3776.4936543052513,
          -3827.4021226676346,
          -3789.600646124814,
          -3769.1364092364447,
          -3772.76004281882,
          -3816.034067114016,
          -3780.8216015564426,
          -3784.4206756863928,
          -3803.2094343354343,
          -3796.1048168969146,
          -3772.1751575129156,
          -3770.9097344887796,
          -3807.0402496365514,
          -3814.432897514335,
          -3799.796304787766,
          -3816.8994771609755,
          -3799.704004395415,
          -3783.3351444255322,
          -3795.672526718332,
          -3788.1623432490514,
          -3781.728251477592,
          -3800.808875035704,
          -3775.6867627105808,
          -3795.525484969138,
          -3770.1653609678497,
          -3751.7512584357487,
          -3824.719749625994,
          -3770.932577178553,
          -3798.8826017837514,
          -3761.26823349132,
          -3810.190750992043,
          -3756.6615924385846,
          -3790.196811407246,
          -3806.057024073372,
          -3771.326360897943,
          -3803.3583172183294,
          -3800.462884924812,
          -3819.853542161899,
          -3794.151205314224,
          -3815.218897179387,
          -3814.6318409700207,
          -3810.3840810694846,
          -3786.544943222287,
          -3841.2196961285763,
          -3775.850136876572,
          -3795.4610821699434,
          -3820.0621059017835,
          -3812.3837009641875,
          -3730.4359461370377,
          -3788.2756561199344,
          -3799.0115291199645,
          -3803.236339217079,
          -3803.2490072923074,
          -3802.427386983375,
          -3782.1823778266053,
          -3787.2513072293245,
          -3812.877560505761,
          -3825.039066204904,
          -3774.545940250908,
          -3782.52952884569,
          -3799.8728301889028,
          -3790.150522000148,
          -3832.12568483228,
          -3811.5200151408417,
          -3812.7761472532234,
          -3821.479885760095,
          -3638.6840647415506,
          -3790.114180906017,
          -3581.2327560310587,
          -3744.4644638984555,
          -3782.813937729795,
          -3778.3664079099544,
          -3746.7032669758123,
          -3811.2270955717418,
          -3747.910885408416,
          -3832.96391287745,
          -3668.3021901319553
        ]
      ]
    ]
  },
  {
    "vqe2_energy": [
      -4280.876866110699,
      -4370.978589194454,
      -4371.200749140452
    ],
    "vqe2_vector": [
      [
        1,
        0,
        0,
        0,
        1,
        0,
        1,
        0,
        0,
        1,
        0,
        1
      ],
      [
        0,
        1,
        0,
        1,
        1,
        0,
        0,
        0,
        1,
        0,
        0,
        0
      ],
      [
        0,
        0,
        0,
        0,
        1,
        1,
        1,
        0,
        0,
        0,
        1,
        0
      ]
    ],
    "vqe2_min_error": [
      2.4470078973524823,
      0.3937620425119581,
      0.38869944245704113
    ],
    "vqe2_params": [
      [
        3.103473218567016,
        1.545515643576269,
        4.341192893778037,
        3.2141118560423076,
        0.17653703665548684,
        4.629614464888037,
        1.5477904651704055,
        3.000314149373298,
        1.426551562713184,
        6.512661517910076,
        5.760007302079297,
        2.831150335742182,
        5.898690551540282,
        4.437329076277256,
        2.1343436887468217,
        6.025849588726136,
        1.2292234060700475,
        1.4798823033847228,
        0.49798262015529055,
        5.742634313957198,
        5.7429360004559,
        1.0894456592410107,
        5.776703661437071,
        5.471506189742437,
        -0.5977643018566653,
        1.3223353542528422,
        4.579508319647913,
        4.26542904018163,
        1.002632823245165,
        5.514794598510193,
        0.3530411714993444,
        6.127757319275457,
        1.0275110756321093,
        5.99353436112256,
        4.600673808701415,
        5.353636569850316,
        3.1469294955594234,
        2.423721942190629,
        3.735110689437114,
        6.23447933015189,
        6.22746450650741,
        3.0266921818834236,
        4.813499660627511,
        2.566545813144829,
        5.618784732894992,
        2.7929523446778335,
        5.358214311117357,
        4.996115214792926
      ],
      [
        5.854604062555206,
        0.5558774031276882,
        2.941499654709905,
        2.7273780941083734,
        0.13243746322443695,
        1.243274159052903,
        2.7935059823705473,
        2.2791179543321873,
        2.5360985604013098,
        0.05714219262493082,
        0.7606165143162059,
        0.554551220056703,
        2.064141101257357,
        6.1686518068261895,
        5.901717251551106,
        0.5397614873472595,
        2.9814946587161457,
        1.4861711361922145,
        1.93809634832169,
        -0.1394241700423802,
        0.16720515051407417,
        0.13014097402365407,
        4.964516741083104,
        3.900609741094207,
        2.7690345188868193,
        -0.45159429995618544,
        3.8031448693403926,
        5.636457356744405,
        2.0553515529465005,
        5.1574805294037915,
        0.4803429347791366,
        0.32274878764427567,
        6.551262282512491,
        5.187121563723416,
        4.682713372966695,
        2.675100116483692,
        1.9746924090201785,
        2.4396736091451334,
        4.284753218210142,
        1.558872104877574,
        5.170500283752467,
        1.7745563180330204,
        5.137064855040856,
        1.899043801714115,
        2.8303818136092915,
        4.615224783322914,
        4.859591614157059,
        6.195259987024067,
        3.8686375481592608,
        4.439050532211625,
        1.130410484850846,
        4.8315065939671324,
        6.13803237069153,
        3.779718874376025,
        2.5503176907648166,
        0.8612346768357764,
        4.504759254784123,
        5.699902361618558,
        4.681738681949764,
        3.5857845920940483,
        5.649301292353367,
        2.810234708581768,
        2.0957781775443114,
        4.415676273993315,
        1.4663220460922097,
        0.44417779462166057,
        3.1260659233804007,
        3.2016656272928663,
        0.5799201935202877,
        3.807965468027219,
        5.204043947315968,
        3.8099896583422943
      ],
      [
        3.390110576663193,
        1.8128647122685566,
        4.399072968235971,
        2.9565230470723693,
        5.378846077750886,
        1.0267164758882636,
        4.763411296746164,
        2.5837184292200153,
        4.986554074780257,
        6.20173420295453,
        0.12269823571456354,
        5.365502166709858,
        0.15680368004402995,
        3.8519787821106215,
        2.4899444706433207,
        3.550494799127459,
        2.374755924013329,
        3.0234397479749076,
        0.5942349899357044,
        4.167110800754638,
        3.221877436237107,
        3.2502988933329093,
        6.7378489717403705,
        3.6254944901902144,
        2.851235878006675,
        1.7107484197732696,
        5.193324064704114,
        1.4048356295104598,
        4.126419679410512,
        2.270744904057496,
        5.279505645524515,
        2.660057459939849,
        2.767380975539653,
        3.1577307737745195,
        2.7412123982595955,
        1.6987778397500406,
        4.609079230486987,
        2.136482861760317,
        4.315028398540395,
        3.8813079001944897,
        1.5542483336980943,
        3.2120143703942743,
        3.080355362225102,
        3.1132371302665436,
        1.0524128568572169,
        1.7316824756982279,
        3.625567367715703,
        3.05287320948252,
        4.984301717291908,
        1.7532451325106804,
        1.1372491685607715,
        2.910852572651089,
        4.894343612083881,
        5.0021059030591095,
        3.050162631049968,
        2.269648647863907,
        2.235787471173161,
        2.4023943538925625,
        4.557256660179792,
        0.6808617673017612,
        5.936553042583357,
        3.345787884149008,
        1.5115326569918048,
        1.7514344580660464,
        4.836163399261907,
        4.137020353790648,
        5.5908155371379245,
        3.598416738761227,
        2.3354656405384606,
        5.54277722949622,
        0.496337299135359,
        6.061899239507214,
        1.2158451714418808,
        5.877404373184551,
        4.180474202466577,
        6.062003749103379,
        2.8410107884958262,
        1.328840738593491,
        4.975871598192162,
        0.3185597250004979,
        1.533278791838588,
        2.8887632556258964,
        3.6823150765242803,
        3.4560723954235226,
        0.805607833885497,
        1.977978779996443,
        3.1051968726920145,
        1.2252872161163058,
        3.843409516690245,
        5.936934127286876,
        3.8454083265420493,
        0.7547390128663781,
        4.396331454284939,
        5.16067497908069,
        2.2934776607277882,
        2.008997325514848,
        0.04388426132602563,
        4.972996963753262,
        0.3398983803221946,
        5.084895813845488,
        2.7906662478631326,
        1.8154189163241505,
        5.28120405171423,
        0.8648409249966484,
        6.219431476096801,
        1.0980522125420196,
        3.1609546606731267,
        0.056737721134378964
      ]
    ],
    "vqe2_time": [
      55.72279381752014,
      37.353317975997925,
      52.90089726448059
    ],
    "solution_vector": [
      0,
      0,
      0,
      0,
      0,
      0,
      1,
      1,
      1,
      1,
      1,
      1
    ],
    "solution_min_energy": -4388.257883065505,
    "solution_time": 0.021776914596557617,
    "matrix_size": 12,
    "qubo_matrix": [
      [
        -269.92872824027205,
        8.567561926316303,
        17.135123852632606,
        34.27024770526521,
        68.54049541053043,
        4.283780963158152,
        4.283780957492109,
        8.567561914984218,
        17.135123829968435,
        34.27024765993687,
        68.54049531987374,
        4.283780957492109
      ],
      [
        8.567561926316303,
        -531.2898945542278,
        34.27024770526521,
        68.54049541053043,
        137.08099082106085,
        8.567561926316303,
        8.567561914984218,
        17.135123829968435,
        34.27024765993687,
        68.54049531987374,
        137.08099063974748,
        8.567561914984218
      ],
      [
        17.135123852632606,
        34.27024770526521,
        -1028.3095414031905,
        137.08099082106085,
        274.1619816421217,
        17.135123852632606,
        17.135123829968435,
        34.27024765993687,
        68.54049531987374,
        137.08099063974748,
        274.16198127949497,
        17.135123829968435
      ],
      [
        34.27024770526521,
        68.54049541053043,
        137.08099082106085,
        -1919.53809198532,
        548.3239632842434,
        34.27024770526521,
        34.27024765993687,
        68.54049531987374,
        137.08099063974748,
        274.16198127949497,
        548.3239625589899,
        34.27024765993687
      ],
      [
        68.54049541053043,
        137.08099082106085,
        274.1619816421217,
        548.3239632842434,
        -3290.752220686397,
        68.54049541053043,
        68.54049531987374,
        137.08099063974748,
        274.16198127949497,
        548.3239625589899,
        1096.6479251179799,
        68.54049531987374
      ],
      [
        4.283780963158152,
        8.567561926316303,
        17.135123852632606,
        34.27024770526521,
        68.54049541053043,
        -269.92872824027205,
        4.283780957492109,
        8.567561914984218,
        17.135123829968435,
        34.27024765993687,
        68.54049531987374,
        4.283780957492109
      ],
      [
        4.283780957492109,
        8.567561914984218,
        17.135123829968435,
        34.27024765993687,
        68.54049531987374,
        4.283780957492109,
        -269.9302733818312,
        8.567562228131237,
        17.135124456262474,
        34.27024891252495,
        68.5404978250499,
        4.283781114065619
      ],
      [
        8.567561914984218,
        17.135123829968435,
        34.27024765993687,
        68.54049531987374,
        137.08099063974748,
        8.567561914984218,
        8.567562228131237,
        -531.2929845355312,
        34.27024891252495,
        68.5404978250499,
        137.0809956500998,
        8.567562228131237
      ],
      [
        17.135123829968435,
        34.27024765993687,
        68.54049531987374,
        137.08099063974748,
        274.16198127949497,
        17.135123829968435,
        17.135124456262474,
        34.27024891252495,
        -1028.3157201585375,
        137.0809956500998,
        274.1619913001996,
        17.135124456262474
      ],
      [
        34.27024765993687,
        68.54049531987374,
        137.08099063974748,
        274.16198127949497,
        548.3239625589899,
        34.27024765993687,
        34.27024891252495,
        68.5404978250499,
        137.0809956500998,
        -1919.5504446669752,
        548.3239826003992,
        34.27024891252495
      ],
      [
        68.54049531987374,
        137.08099063974748,
        274.16198127949497,
        548.3239625589899,
        1096.6479251179799,
        68.54049531987374,
        68.5404978250499,
        137.0809956500998,
        274.1619913001996,
        548.3239826003992,
        -3290.776906733551,
        68.5404978250499
      ],
      [
        4.283780957492109,
        8.567561914984218,
        17.135123829968435,
        34.27024765993687,
        68.54049531987374,
        4.283780957492109,
        4.283781114065619,
        8.567562228131237,
        17.135124456262474,
        34.27024891252495,
        68.5404978250499,
        -269.9302733818312
      ]
    ],
    "ansatze": [
      "twolocal",
      "alternating_ry_rz",
      "random_circuit"
    ],
    "histories_energy": [
      [
        [
          -3888.2983765145154,
          -3942.7561056241902,
          -3835.3455006099834,
          -3992.5287141662566,
          -3830.950483303791,
          -3983.0477893105194,
          -3996.84445492466,
          -3989.283247412929,
          -3941.4459598863496,
          -3951.9916773880173,
          -4047.9359250380066,
          -4026.287687204454,
          -4017.522970978334,
          -4027.38918980035,
          -3944.454024716963,
          -3865.4249467199015,
          -4043.0887862432087,
          -4051.38219688442,
          -4040.134947105703,
          -4025.0584726691486,
          -4042.4422688156847,
          -4114.707587926651,
          -4114.136545619829,
          -4136.1316129604775,
          -4125.060108518289,
          -4131.818411223958,
          -3936.1636243338326,
          -4119.035585122416,
          -4057.963074725522,
          -4123.357271556529,
          -4124.594139426671,
          -4108.67018601948,
          -3945.285907618466,
          -4134.901519063992,
          -4145.63464213843,
          -4145.9143316507625,
          -4153.074971917599,
          -4134.66648513025,
          -4137.210534145504,
          -4161.786984539148,
          -4170.63712873954,
          -4144.78673154543,
          -4136.2064028486875,
          -4140.215815285137,
          -4135.089026455842,
          -4170.613725380537,
          -4155.839780649277,
          -4122.20091433406,
          -4135.159957115293,
          -4082.9461441256076,
          -4149.331781652345,
          -4054.559458988319,
          -4112.225797440628,
          -4090.000010615472,
          -4162.304710716193,
          -4065.875790486956,
          -4158.016991573226,
          -4064.96612387044,
          -4140.979042163,
          -4116.893804259617,
          -4132.58597675112,
          -4160.046001815829,
          -4145.299938164727,
          -4168.461017145681,
          -4150.014822518628,
          -4034.3777828076873,
          -4146.399764268431,
          -3997.165685322919,
          -4136.417220919755,
          -4142.243329164949,
          -4145.3276279091315,
          -4152.8832262189835,
          -4137.7379368892125,
          -4117.352700669718,
          -4137.46892082113,
          -4155.910359103549,
          -4175.477099067329,
          -4159.940493689786,
          -4159.963913041916,
          -4159.1119851898775,
          -4155.125111668676,
          -4026.374842879106,
          -4128.220219970683,
          -4114.880203285113,
          -4144.164788307716,
          -4056.4698621932525,
          -4130.026906841507,
          -4196.054497491542,
          -4151.6303176337615,
          -4198.1282301266165,
          -4172.200224844647,
          -4225.947453063256,
          -4182.503173534332,
          -4220.886556601441,
          -4181.753958183279,
          -4216.456605532338,
          -4181.283729923887,
          -4191.627966631852,
          -4206.181214926398,
          -4162.357812819769,
          -4173.091874732944,
          -4222.326602868075,
          -4190.112149560138,
          -4200.963517175178,
          -4205.695452856574,
          -4204.188590136491,
          -4203.265798698427,
          -4208.537791859037,
          -4204.008808467877,
          -4192.766293328134,
          -4214.897995122698,
          -4200.484228951265,
          -4211.360432822294,
          -4198.258671405811,
          -4196.58766318993,
          -4202.83211805884,
          -4168.133857111765,
          -4194.545075381622,
          -4217.807690648956,
          -4206.448954719831
        ]
      ],
      [
        [
          -3857.0445308160874,
          -3822.607524379993,
          -3802.1607172411173,
          -3733.3577170431217,
          -3897.158385288011,
          -3836.352443782142,
          -3887.26643033336,
          -3890.982822683659,
          -3938.1792401749494,
          -3858.679814317894,
          -3882.3596193325875,
          -3898.2810290411826,
          -3934.5514569361453,
          -3883.4769373667095,
          -3959.996400220192,
          -3926.846314414163,
          -3908.273121184225,
          -3982.745859398425,
          -3967.0470165860793,
          -3962.0876675262925,
          -3769.071790668167,
          -3783.3666753458133,
          -3966.443345910425,
          -3945.224029313516,
          -3997.029641799803,
          -3951.965501881443,
          -3691.227072627113,
          -3964.0651632164463,
          -3935.744122310159,
          -3976.2777708571302,
          -3963.414011035752,
          -3982.485926565308,
          -3767.946022994076,
          -3837.5176762868387,
          -3937.9683463758142,
          -3957.0290145732956,
          -3980.008766037464,
          -3966.721916449112,
          -3945.411256676124,
          -3944.3019718164655,
          -3978.2244756134423,
          -3973.1166517382394,
          -3955.9812834915674,
          -3979.5854330445986,
          -3956.5034876171544,
          -3933.6934704418795,
          -3973.808683889017,
          -3955.7055835254027,
          -3987.125787195241,
          -3984.3922516861408,
          -3966.8283017882313,
          -3975.3745643852485,
          -3960.760862047675,
          -3966.352844051081,
          -3959.6466592935813,
          -3978.433193041147,
          -3971.8115425965125,
          -3966.513482024296,
          -4005.6557810516274,
          -3946.3837988962355,
          -3980.4877516917513,
          -3960.0586605660214,
          -3973.70581221474,
          -3947.8172464952795,
