[
  {
    "vqe2_energy": [
      -22.3541071101559,
      -17.87140926139829,
      -22.354048496147644
    ],
    "vqe2_vector": [
      [
        1,
        0,
        0,
        1,
        0,
        0,
        0,
        0,
        0,
        1,
        0,
        0
      ],
      [
        0,
        0,
        0,
        0,
        0,
        0,
        1,
        0,
        0,
        0,
        0,
        1
      ],
      [
        0,
        0,
        0,
        0,
        0,
        1,
        0,
        1,
        0,
        0,
        0,
        0
      ]
    ],
    "vqe2_min_error": [
      6.344783188171721,
      25.125584266850197,
      6.345028758599769
    ],
    "vqe2_params": [
      [
        3.2851547335411446,
        2.681200051798256,
        0.15101989423656167,
        3.3419044152067476,
        3.2524573365921987,
        1.036607552285281,
        0.25325153049057025,
        4.475009012868541,
        1.3583889202978405,
        3.205766194495334,
        3.762497503662465,
        3.7024843349443772,
        1.9609176555056527,
        2.2277325219237647,
        4.092076945235706,
        4.024544671696217,
        2.031827571278802,
        2.8346781610015057,
        3.428695650564321,
        5.1017882424944005,
        3.7887545441886994,
        3.8302561852115797,
        3.2138025446150182,
        2.7934722487032344,
        4.057965188797703,
        3.2694643282475067,
        2.426914115350645,
        2.2600315630573093,
        3.6255907697601195,
        -0.1506491393480087,
        6.315515154474373,
        2.904608018597974,
        5.125179726488849,
        3.030095232999015,
        3.2001731482030755,
        5.554158188582042,
        1.2386373564425366,
        -0.027727303501679873,
        0.36699193853913215,
        1.201068941671297,
        1.9114781363738915,
        2.927705684769019,
        3.418384387992137,
        2.4503970003791253,
        4.542422459439165,
        4.9101268423482125,
        1.503180765595684,
        3.9396997989614295
      ],
      [
        0.578796111567938,
        1.4938776835059742,
        2.3589458737265865,
        4.997731388547045,
        7.726679450660259,
        4.77981689275268,
        -0.5312442203317295,
        1.6813598253028568,
        5.248928934634531,
        3.6048401853867253,
        4.018864549892963,
        3.8637602924349603,
        4.549483909784149,
        6.850373746151292,
        6.427085186648286,
        5.630628409514353,
        2.1986662360218077,
        2.0833149941076115,
        6.0193163009773,
        1.2870911770689224,
        3.3927093160076365,
        1.8871390241467125,
        3.5721902687781983,
        5.9984258950278555,
        4.677439341115466,
        4.931842663628127,
        3.588244252990879,
        4.546732436461707,
        5.335419475134219,
        4.9658949296699735,
        0.8503074981636527,
        1.2045398292659975,
        1.7911315270436203,
        3.7801672946825664,
        0.5700108702754413,
        3.707568980135653,
        3.543789681291926,
        4.0904037718253665,
        0.5150169574951879,
        4.858077735962966,
        0.6015089955648981,
        4.161442155102946,
        4.751687745600842,
        0.20171817629616812,
        1.1631043249579673,
        6.907899451782445,
        1.3228177774804615,
        1.7769370241698694,
        2.467389896656846,
        1.9319981117848573,
        3.3930314963012402,
        1.5969403140602043,
        3.503106796550009,
        0.06679911867652538,
        1.5153810954660656,
        4.1791168727213615,
        0.6655097558026178,
        4.8850603182653405,
        1.642465269472108,
        2.165139959233151,
        3.7927248854911304,
        0.198671303639958,
        2.7141488235992575,
        1.0537122915694346,
        2.2446172713045276,
        5.615976773881569,
        5.060898251353972,
        4.760540329952761,
        0.8006805990714817,
        4.69099731248532,
        1.209557879332177,
        4.070753844347035
      ],
      [
        0.10331116854736347,
        1.7068010986712066,
        2.860917951393965,
        4.400942034291057,
        2.246043403883399,
        5.600849190962381,
        5.145352891493493,
        0.3025568081236831,
        3.0450093450753224,
        5.599432888256714,
        3.661400767347763,
        6.783236096049045,
        3.212450156706443,
        3.9390599228274032,
        6.29037744139477,
        4.181986344106567,
        2.4810672462216075,
        3.1512624355110512,
        3.2560400519021773,
        4.616339227223345,
        6.536015970651916,
        5.627806537430607,
        2.733801638113434,
        5.854991957632974,
        6.746802367596592,
        6.602019430154991,
        6.526206912826551,
        0.14947274011660414,
        0.7055352584832412,
        6.210959487038573,
        2.0538072707262858,
        6.118877847579515,
        3.198878502599614,
        4.324665054104598,
        0.3412523262595014,
        2.3235246599168216,
        6.111902616080999,
        3.2066220271040926,
        4.7439560674967325,
        5.991587522016651,
        0.36371311854051586,
        4.422389656242553,
        1.304680314367874,
        0.7910765030895874,
        2.7197858869559446,
        3.522928842676538,
        1.4859863413439591,
        2.8195607549410213,
        3.996047622393346,
        0.3459455697048385,
        6.09618641262392,
        2.827855285131913,
        2.853534888447678,
        5.336909218649639,
        1.2494945883217536,
        5.579027639790663,
        3.4068353643708895,
        1.0161147908171269,
        1.4466087616196506,
        5.478309180302133,
        2.589075219158366,
        3.8718290996726674,
        4.191165610659149,
        1.015657598362098,
        0.30282701100556186,
        1.6611169190152795,
        4.26360388868721,
        0.43846325453191537,
        1.5277757979394033,
        1.681627007726064,
        5.684241645054481,
        4.071526099497722,
        5.941205697065363,
        3.5753086031684798,
        3.80145031799385,
        5.744614732603869,
        2.765881079055373,
        2.2958306954257663,
        5.261608003254121,
        3.9992667543259888,
        3.8112927780207047,
        2.5972115538935774,
        2.639446714573629,
        1.2392774999048497,
        1.9882020532068165,
        1.988114210787273,
        4.031341826946539,
        0.641164513329712,
        2.0320265816679814,
        1.6422382741344552,
        4.043496056053628,
        0.23415765165354943,
        1.0842436621660685,
        3.142698483271241,
        2.9284287179203505,
        0.13432918528636084,
        3.75112568576872,
        6.174534739297023,
        5.1968592012563954,
        2.408755905352751,
        1.4921733658891025,
        5.62423696722347,
        3.3494695228435556,
        3.184160253617771,
        5.903600368228818,
        1.8543327881273204,
        5.866738191367522,
        5.539420582375232
      ]
    ],
    "vqe2_time": [
      42.762654066085815,
      43.644803285598755,
      62.123727798461914
    ],
    "solution_vector": [
      0,
      0,
      0,
      0,
      0,
      0,
      0,
      0,
      1,
      1,
      1,
      0
    ],
    "solution_min_energy": -23.868512477067554,
    "solution_time": 0.023154735565185547,
    "matrix_size": 12,
    "qubo_matrix": [
      [
        -10.41996916556221,
        2.9686369418346445,
        1.4843184709173223,
        1.4842908031299928,
        2.9685816062599857,
        1.4842908031299928,
        1.4842853689208915,
        2.968570737841783,
        1.4842853689208915,
        1.4842893599592166,
        2.9685787199184333,
        1.4842893599592166
      ],
      [
        2.9686369418346445,
        -17.871301389289776,
        2.9686369418346445,
        2.9685816062599857,
        5.937163212519971,
        2.9685816062599857,
        2.968570737841783,
        5.937141475683566,
        2.968570737841783,
        2.9685787199184333,
        5.9371574398368665,
        2.9685787199184333
      ],
      [
        1.4843184709173223,
        2.9686369418346445,
        -10.41996916556221,
        1.4842908031299928,
        2.9685816062599857,
        1.4842908031299928,
        1.4842853689208915,
        2.968570737841783,
        1.4842853689208915,
        1.4842893599592166,
        2.9685787199184333,
        1.4842893599592166
      ],
      [
        1.4842908031299928,
        2.9685816062599857,
        1.4842908031299928,
        -10.419888037707711,
        2.9688301033929756,
        1.4844150516964878,
        1.4843100333859989,
        2.9686200667719977,
        1.4843100333859989,
        1.4842920058870304,
        2.9685840117740607,
        1.4842920058870304
      ],
      [
        2.9685816062599857,
        5.937163212519971,
        2.9685816062599857,
        2.9688301033929756,
        -17.870945972022444,
        2.9688301033929756,
        2.9686200667719977,
        5.9372401335439955,
        2.9686200667719977,
        2.9685840117740607,
        5.9371680235481215,
        2.9685840117740607
      ],
      [
        1.4842908031299928,
        2.9685816062599857,
        1.4842908031299928,
        1.4844150516964878,
        2.9688301033929756,
        -10.419888037707711,
        1.4843100333859989,
        2.9686200667719977,
        1.4843100333859989,
        1.4842920058870304,
        2.9685840117740607,
        1.4842920058870304
      ],
      [
        1.4842853689208915,
        2.968570737841783,
        1.4842853689208915,
        1.4843100333859989,
        2.9686200667719977,
        1.4843100333859989,
        -10.419991809655441,
        2.9685830273269516,
        1.4842915136634758,
        1.4842883965478038,
        2.9685767930956075,
        1.4842883965478038
      ],
      [
        2.968570737841783,
        5.937141475683566,
        2.968570737841783,
        2.9686200667719977,
        5.9372401335439955,
        2.9686200667719977,
        2.9685830273269516,
        -17.871400591983928,
        2.9685830273269516,
        2.9685767930956075,
        5.937153586191215,
        2.9685767930956075
      ],
      [
        1.4842853689208915,
        2.968570737841783,
        1.4842853689208915,
        1.4843100333859989,
        2.9686200667719977,
        1.4843100333859989,
        1.4842915136634758,
        2.9685830273269516,
        -10.419991809655441,
        1.4842883965478038,
        2.9685767930956075,
        1.4842883965478038
      ],
      [
        1.4842893599592166,
        2.9685787199184333,
        1.4842893599592166,
        1.4842920058870304,
        2.9685840117740607,
        1.4842920058870304,
        1.4842883965478038,
        2.9685767930956075,
        1.4842883965478038,
        -10.41999424483846,
        2.968577229272147,
        1.4842886146360734
      ],
      [
        2.9685787199184333,
        5.9371574398368665,
        2.9685787199184333,
        2.9685840117740607,
        5.9371680235481215,
        2.9685840117740607,
        2.9685767930956075,
        5.937153586191215,
        2.9685767930956075,
        2.968577229272147,
        -17.87141126040477,
        2.968577229272147
      ],
      [
        1.4842893599592166,
        2.9685787199184333,
        1.4842893599592166,
        1.4842920058870304,
        2.9685840117740607,
        1.4842920058870304,
        1.4842883965478038,
        2.9685767930956075,
        1.4842883965478038,
        1.4842886146360734,
        2.968577229272147,
        -10.41999424483846
      ]
    ],
    "ansatze": [
      "twolocal",
      "alternating_ry_rz",
      "random_circuit"
    ],
    "histories_energy": [
      [
        [
          9.627344545996431,
          9.775312722378509,
          -1.5416098300697747,
          -0.8488832191343252,
          -6.799269450118616,
          -7.859420997759363,
          -4.655451829637832,
          -5.867877253862089,
          -2.557556139082599,
          -9.34190138511982,
          -10.460899211793382,
          -11.307544656641197,
          -8.838029928500614,
          -11.66089617926189,
          -11.374904997918208,
          -11.913500014926598,
          -10.920827829850658,
          -10.286107625102717,
          -11.085541596065692,
          -11.349732098159343,
          -11.11234547817537,
          -8.774250624937453,
          -10.716033574561273,
          -9.247902407287832,
          -10.376523799472242,
          -8.863493584923903,
          -5.537078593285768,
          -8.041244898123022,
          -11.544628671151763,
          -15.215325866321326,
          -12.76629799318868,
          -16.554002905678026,
          -15.302481333305447,
          -16.89720905873409,
          -17.401281699573317,
          -12.94659124168928,
          -17.828405409017492,
          -17.27667038567123,
          -17.361855186087563,
          -17.729560303689603,
          -17.633031447240846,
          -17.41362439564198,
          -17.508832365935955,
          -17.54013917190928,
          -17.924246060581126,
          -17.440122298594645,
          -17.877019082848378,
          -17.67008641145674,
          -17.609746437323704,
          -20.752020613760045,
          -20.809691118747708,
          -20.907728619748767,
          -20.367934473917945,
          -20.523423352676208,
          -20.816802219848434,
          -21.097141452362674,
          -20.410159964024416,
          -20.572983644264337,
          -19.752794212372127,
          -21.128147573786446,
          -20.84743326394006,
          -20.995193562718985,
          -20.44194265018229,
          -21.211554437803432,
          -20.679461781103022,
          -21.3402295129305,
          -21.44419099091295,
          -21.43843676938898,
          -20.756889486970834,
          -21.492219258392698,
          -21.50401557304918,
          -21.76973127099985,
          -20.88875993953583,
          -21.536827216741653,
          -21.125366545445385,
          -21.129816743738733,
          -21.406198006892687,
          -21.21167450267903,
          -21.043379844429513,
          -21.090135303484633,
          -20.45120174349591,
          -21.10929228325411,
          -21.6422383573621,
          -20.952228822786193,
          -20.144767141271696,
          -21.54485629049833,
          -21.12192764067185,
          -21.295650711061818,
          -21.003215665772554,
          -21.33214064188377,
          -21.413233736878194,
          -21.381763438756614,
          -21.438269759610304,
          -21.413060533850782,
          -21.311775976392035,
          -21.39033763158522,
          -21.513596182738592,
          -21.252663348730298,
          -21.556089168484636,
          -21.523039608559035,
          -20.80666204235355,
          -21.587871175385505,
          -20.782281722984024,
          -21.0758013965124,
          -20.490178878318833,
          -21.492470726230025,
          -21.371813154698376,
          -21.240385766813297,
          -21.52790669090347,
          -21.25899874224438,
          -21.344943475645955,
          -21.304443656787964,
          -21.338367490425096,
          -21.397146888875106,
          -21.419038976681986,
          -21.03736182208714,
          -21.227162202019638,
          -21.02425940168742,
          -21.385032026749155,
          -21.55200923327674
        ]
      ],
      [
        [
          26.311915799755475,
          27.898319408527264,
          27.86211086895519,
          19.54547823123425,
          25.65248167824459,
          9.443460916659745,
          8.411297831108557,
          10.679153512824604,
          -1.2929432327035677,
          -1.6970571384237179,
          0.5293776401770742,
          2.6820154060405166,
          -6.9992348399531785,
          -6.27096587032392,
          -10.352569290778616,
          -11.598905849083689,
          -8.47692776782801,
          -3.8156103066253344,
          -11.834441765326119,
          -8.760288447916935,
          -7.480514150388273,
          -12.045359898967892,
          -12.815446204216071,
          -16.729064949105123,
          -17.125843983336203,
          -16.40617503574496,
          -13.337470533088432,
          -15.48117030672702,
          -15.472611778819248,
          -12.330418083116363,
          -16.941006689458348,
          -14.269449337134521,
          -17.11280977248078,
          -16.3213882631276,
          -15.36034114365804,
          -9.259591234877243,
          -17.203381376383682,
          -17.342539116488922,
          -17.214555437219346,
          -17.311198156230407,
          -17.251357345559484,
          -16.780343032686453,
          -17.167629684642804,
          -17.275076616179916,
          -17.286998443728844,
          -17.34189949504132,
          -17.42822651725813,
          -16.879561533394273,
          -16.962833634348215,
          -17.33678067953958,
          -17.30771361294553,
          -17.10071112340878,
          -16.867083297131543,
          -17.273771490362407,
          -17.105358896372614,
          -16.64103580717783,
          -16.806890672600062,
          -17.103998195620015,
          -17.306184116199695,
          -17.929916429645363,
          -16.907078384581872,
          -17.277277629036046,
          -17.321675513442884,
          -17.30353308486498,
          -17.320778217250496,
          -17.63625966767055,
          -16.97594641074835,
          -17.666332674505174,
          -16.80652598274723,
          -16.713020375431274,
          -17.149112995904368,
          -17.345337206057017,
          -18.088690370599913,
          -20.399120796185727,
          -20.125680958622247,
          -19.802988415103265,
          -20.531849910068416,
          -20.644778504405828,
          -20.323459278981915,
          -20.157923899456726,
          -20.685056666222586,
          -20.2295616034273,
          -20.43988346055907,
          -19.432080008182975,
          -20.157969382941747,
          -20.006301644996995,
          -20.342477895268335,
          -19.72801612318618,
          -20.336936206160175,
          -18.37737798841158,
          -20.494355381291793,
          -20.22509146034092,
          -20.429525336892144,
          -20.50366470638287,
          -20.44833118708323,
          -19.466133836110252,
          -19.92684977487919,
          -19.558314823020925,
          -20.123714792145975,
          -18.792561654175316,
          -20.365435808710615,
          -20.010547472314123,
          -20.636514316697554,
          -20.053848047216974,
          -20.367952917257952,
          -20.426852605731998,
          -19.876655539410077,
          -20.201333703569574,
          -19.30187841885087,
          -20.474855967216175,
          -20.71716212087201,
          -20.47045601676268,
          -20.57668382873566,
          -20.48256697208304,
          -20.485606119680156,
          -20.447991792497096,
          -20.312469699324975,
          -20.648183970490823,
          -20.747926857009404,
          -20.40057960699418
        ]
      ],
      [
        [
          -3.490624371473954,
          -0.3018026995637699,
          -3.332671440192013,
          -7.527189965247825,
          -3.8881118341467418,
          -4.088042465029313,
          -5.4609374949133365,
          -5.463745089930103,
          -7.090585324751956,
          -7.068738495517101,
          -6.794957654747796,
          -5.502438357391341,
          -8.040108466417644,
          -3.4907987641363523,
          -6.7382165367023035,
          -8.187878353746564,
          -5.413864840457035,
          -8.695327967237919,
          -7.307818373789352,
          -9.05994149810993,
          -8.195236833454072,
          -9.098478445807338,
          -10.453691455853566,
          -12.354563949290043,
          -13.751593769184911,
          -13.911833752837408,
          -15.387645531712371,
          -15.859877169530227,
          -15.13505665905705,
          -15.30086658813933,
          -16.469235046542924,
          -16.971652347047097,
          -17.045758696812733,
          -16.001386542047054,
          -17.452288869041954,
          -16.468208005005778,
          -16.965384543632485,
          -17.65938623166544,
          -17.269156332758374,
          -16.73626536000989,
          -16.917591679462568,
          -17.3813593899732,
          -17.434967271223492,
          -17.447678311034778,
          -17.592538932900457,
          -17.28793936481956,
          -16.71437833015928,
          -17.093585754774146,
          -17.00148991789885,
          -17.01549123908946,
          -17.233323588971146,
          -16.772223364235362,
          -17.64787384642856,
          -17.650244528841394,
          -16.809607491225176,
          -17.275961493371412,
          -17.19101314293202,
          -17.322776307956534,
          -17.75463142514016,
          -17.26431974703303,
          -17.69655199582376,
          -17.730401297845763,
          -17.35275606011915,
          -17.745432207130698,
          -17.042288271664077,
          -16.814261524237317,
          -17.799909035214487,
          -17.875742572918973,
          -17.35320534975232,
          -17.405888126390874,
          -17.4656564229273,
          -17.375328841357426,
          -17.01107835449476,
          -17.411024818707162,
          -17.780445625872833,
          -17.752040411830997,
          -17.253707248740426,
          -17.413079519821707,
          -17.540518929993585,
          -16.94095966508262,
          -17.28604683766423,
          -17.269226591857063,
          -17.436147516062174,
          -17.216522668948627,
          -17.308101556232106,
          -17.832604899827906,
          -16.878165075807825,
          -17.431055163055696,
          -17.296588990821547,
          -17.465955991591038,
          -17.335198319815206,
          -17.716341723479744,
          -17.18457874370199,
          -17.536466466748763,
          -17.5945921172632,
          -17.287315044950123,
          -16.733019439692875,
          -17.19053179622364,
          -17.07308788260938,
          -17.260627146092478,
          -16.68827132670021,
          -17.757196795100167,
          -17.366097535299794,
          -17.422363641883287,
          -16.995033716960556,
          -17.110204211299177,
          -17.027648009845212,
          -16.64539268959582,
          -17.190622380735217,
          -17.707864102770888,
          -17.30986645004095,
          -15.625376340935738,
          -16.410857988512884,
          -14.97830448330262,
          -17.29400739560134,
          -17.828304252343433,
          -17.94992913453909,
          -18.938772834935808,
          -18.176961036594687,
          -15.811230132191357
        ]
      ]
    ]
  },
  {
    "vqe2_energy": [
      -24.047069603260375,
      -22.520672449173023,
      -22.52232002711877
    ],
    "vqe2_vector": [
      [
        0,
        0,
        0,
        1,
        0,
        1,
        0,
        0,
        1,
        0,
        0,
        1
      ],
      [
        1,
        0,
        0,
        1,
        0,
        0,
        0,
        0,
        0,
        1,
        0,
        0
      ],
      [
        1,
        0,
        0,
        0,
        1,
        0,
        0,
        0,
        0,
        0,
        0,
        0
      ]
    ],
    "vqe2_min_error": [
      0.010744685393271336,
      6.357601798113411,
      6.350751063508897
    ],
    "vqe2_params": [
      [
        2.5229095486437276,
        6.797798349513692,
        3.40225788260046,
        4.438351738241575,
        4.268472592469664,
        6.248364213675615,
        2.4734982984658602,
        3.7621856213506364,
        1.5187202115970555,
        3.481917358737282,
        -0.006406858636826163,
        3.4146496374417277,
        5.441898391397172,
        5.616886108785183,
        4.68382671609393,
        2.723353260499274,
        1.029389474073127,
        2.7868540178867147,
        0.281705535949312,
        4.170345133964119,
        5.10630271662827,
        1.813193580729475,
        5.662656917836734,
        6.271543015667312,
        6.515650460113864,
        5.583155324204537,
        2.6603462125268527,
        1.9977872782597415,
        2.5165616584301507,
        -0.09156307828969187,
        4.3561330030647785,
        2.9801143922698015,
        2.849520839901258,
        4.098296660296493,
        6.409763399799331,
        3.5662623705682726,
        4.528050164771862,
        3.990341015324187,
        3.804385099476271,
        2.1058847659174886,
        0.0667047340558288,
        1.4614852262534717,
        4.216491507312595,
        5.623820347802065,
        1.6128341018954948,
        5.282729380928465,
        3.5222197685306895,
        1.7608550477732547
      ],
      [
        4.976934820444325,
        4.011918457803918,
        3.5943142051344785,
        2.896401769603901,
        3.7242961807241404,
        7.098379211940813,
        5.619646852576694,
        5.21488529888072,
        5.622819544082669,
        3.229588552180635,
        0.6809923699402521,
        6.319859760802401,
        2.8773865060018307,
        5.88915894730498,
        6.1371482857319855,
        3.2440164799123883,
        4.460809768876889,
        1.156253401478891,
        1.1949242877432364,
        5.009740140201012,
        3.491920168001523,
        2.6996923163365225,
        1.4577280369625487,
        3.4615594699460828,
        3.942360041501291,
        3.6210626804809034,
        5.5096962088478545,
        6.683006164746763,
        4.991917461087096,
        4.782937874281915,
        5.897315433481195,
        4.1278282840477365,
        5.188500288449968,
        6.257903067844613,
        5.551993466701946,
        6.154507668891587,
        3.638222237920657,
        5.8601891251032265,
        3.3843688355716757,
        4.547334734091122,
        5.769410171730316,
        3.3314602517967224,
        1.2128002130388542,
        2.5492260807245124,
        3.4609598978105756,
        5.416876888278044,
        2.7833010911574454,
        1.1793017504430798,
        4.679570028179235,
        5.583260832118702,
        2.9229441190546974,
        0.8936737902766398,
        4.090213444047185,
        2.684066119383869,
        2.643912156904155,
        2.331573827694362,
        0.25407279983257025,
        0.7574126082343757,
        1.2607075623833297,
        2.2774603210759836,
        2.144347471636445,
        4.1726831635374,
        3.3026239185860153,
        5.745080027055239,
        3.3038320455476526,
        4.867149186829056,
        2.1181684697511973,
        4.961781625628028,
        5.905948193526664,
        4.796300678143749,
        6.06236992947982,
        4.342416676793735
      ],
      [
        3.6811459915848808,
        6.002364867857892,
        4.4279773881953535,
        5.744495604531139,
        1.348547190323232,
        6.4547480934734605,
        1.759548717194842,
        0.2823618205061289,
        1.9011819980103577,
        1.7514192229994698,
        2.889005596270616,
        4.170476631164004,
        2.8161140342705253,
        2.9245518799683747,
        3.1896887210679887,
        3.5562265293094573,
        6.154219563855382,
        5.896072532398382,
        5.417207515129429,
        0.02939998425841828,
        0.12364992034371503,
        0.31387498573803596,
        6.035596460952687,
        0.29194981261600134,
        0.46919285144359,
        3.7139397885817846,
        5.472747567205789,
        6.161308655865446,
        3.9748896465267722,
        5.362701306635832,
        3.301890178453263,
        1.8372958573224514,
        5.429935965645591,
        3.667274769709087,
        3.2085161924746504,
        2.7812823823383432,
        5.234575141267365,
        0.7889870381739917,
        3.642746381047757,
        0.8116033116766608,
        2.571194133693284,
        3.418976858636964,
        4.703531236734499,
        4.558480117602139,
        1.5213681087002808,
        5.841108931876376,
        5.0056646854866536,
        5.533884569433272,
        3.861412449718849,
        3.563502846900782,
        6.206062438950214,
        1.5561946169802898,
        0.5844311599216311,
        2.853268455364034,
        2.625903428387612,
        5.7024077657199586,
        0.5409553314325937,
        3.2013467242989875,
        3.4464615131566614,
        4.089776224062099,
        2.0560122135356362,
        3.5029241285122543,
        1.0838110246927903,
        4.158081253822154,
        4.562494850010153,
        1.0753972020917784,
        3.5071067748867844,
        5.393101293953055,
        0.8111424206274124,
        2.965625827907752,
        0.8027446070027042,
        2.0987562829056357,
        2.231044456352559,
        4.681850962080469,
        0.4471223765461852,
        0.9053549669786709,
        3.2757186052526754,
        5.384297609652473,
        0.5628062743965337,
        0.46108112592408124,
        2.764624590989908,
        0.33078065235432946,
        4.642502150407805,
        1.264723824893824,
        1.0654799408862943,
        6.14674969147325,
        0.35248834960701014,
        3.108437793220259,
        0.8208790731815401,
        3.708132626273394,
        4.110469985892649,
        1.5996601181279662,
        1.6489109407646292,
        2.8500741804094734,
        3.0774235476254983,
        1.412547437331481,
        3.6425110018087747,
        4.639044112778923,
        3.6648966762768906,
        3.075102429843227,
        6.661044958180557,
        3.0238195925632554,
        4.173613400935623,
        5.244367944003291,
        4.017646349051339,
        0.15081207290663345,
        0.15703896306621562,
        0.2885672221459021
      ]
    ],
    "vqe2_time": [
      45.940979957580566,
      38.19839000701904,
      74.43451118469238
    ],
    "solution_vector": [
      0,
      0,
      0,
      1,
      1,
      1,
      0,
      0,
      0,
      0,
      0,
      0
    ],
    "solution_min_energy": -24.049653662884623,
    "solution_time": 0.022505760192871094,
    "matrix_size": 12,
    "qubo_matrix": [
      [
        -10.496996201410477,
        2.99049450335954,
        1.49524725167977,
        1.4952195838924403,
        2.9904391677848805,
        1.4952195838924403,
        1.4952141496833393,
        2.9904282993666786,
        1.4952141496833393,
        1.495218140721664,
        2.990436281443328,
        1.495218140721664
      ],
      [
        2.99049450335954,
        -18.003497899461415,
        2.99049450335954,
        2.9904391677848805,
        5.980878335569761,
        2.9904391677848805,
        2.9904282993666786,
        5.980856598733357,
        2.9904282993666786,
        2.990436281443328,
        5.980872562886656,
        2.990436281443328
      ],
      [
        1.49524725167977,
        2.99049450335954,
        -10.496996201410477,
        1.4952195838924403,
        2.9904391677848805,
        1.4952195838924403,
        1.4952141496833393,
        2.9904282993666786,
        1.4952141496833393,
        1.495218140721664,
        2.990436281443328,
        1.495218140721664
      ],
      [
        1.4952195838924403,
        2.9904391677848805,
        1.4952195838924403,
        -10.498444913097963,
        2.9906876649178713,
        1.4953438324589357,
        1.4952388141484465,
        2.990477628296893,
        1.4952388141484465,
        1.495220786649478,
        2.990441573298956,
        1.495220786649478
      ],
      [
        2.9904391677848805,
        5.980878335569761,
        2.9904391677848805,
        2.9906876649178713,
        -18.006202161278054,
        2.9906876649178713,
        2.990477628296893,
        5.980955256593786,
        2.990477628296893,
        2.990441573298956,
        5.980883146597912,
        2.990441573298956
      ],
      [
        1.4952195838924403,
        2.9904391677848805,
        1.4952195838924403,
        1.4953438324589357,
        2.9906876649178713,
        -10.498444913097963,
        1.4952388141484465,
        2.990477628296893,
        1.4952388141484465,
        1.495220786649478,
        2.990441573298956,
        1.495220786649478
      ],
      [
        1.4952141496833393,
        2.9904282993666786,
        1.4952141496833393,
        1.4952388141484465,
        2.990477628296893,
        1.4952388141484465,
        -10.496591842602779,
        2.990440588851847,
        1.4952202944259234,
        1.4952171773102512,
        2.9904343546205023,
        1.4952171773102512
      ],
      [
        2.9904282993666786,
        5.980856598733357,
        2.9904282993666786,
        2.990477628296893,
        5.980955256593786,
        2.990477628296893,
        2.990440588851847,
        -18.00274309635371,
        2.990440588851847,
        2.9904343546205023,
        5.980868709241005,
        2.9904343546205023
      ],
      [
        1.4952141496833393,
        2.9904282993666786,
        1.4952141496833393,
        1.4952388141484465,
        2.990477628296893,
        1.4952388141484465,
        1.4952202944259234,
        2.990440588851847,
        -10.496591842602779,
        1.4952171773102512,
        2.9904343546205023,
        1.4952171773102512
      ],
      [
        1.495218140721664,
        2.990436281443328,
        1.495218140721664,
        1.495220786649478,
        2.990441573298956,
        1.495220786649478,
        1.4952171773102512,
        2.9904343546205023,
        1.4952171773102512,
        -10.496548357191747,
        2.9904347907970426,
        1.4952173953985213
      ],
      [
        2.990436281443328,
        5.980872562886656,
        2.990436281443328,
        2.990441573298956,
        5.980883146597912,
        2.990441573298956,
        2.9904343546205023,
        5.980868709241005,
        2.9904343546205023,
        2.9904347907970426,
        -18.00266192358645,
        2.9904347907970426
      ],
      [
        1.495218140721664,
        2.990436281443328,
        1.495218140721664,
        1.495220786649478,
        2.990441573298956,
        1.495220786649478,
        1.4952171773102512,
        2.9904343546205023,
        1.4952171773102512,
        1.4952173953985213,
        2.9904347907970426,
        -10.496548357191747
      ]
    ],
    "ansatze": [
      "twolocal",
      "alternating_ry_rz",
      "random_circuit"
    ],
    "histories_energy": [
      [
        [
          -14.216625896672184,
          -14.021493695605193,
          -14.236992859220837,
          -11.100157009703372,
          -14.91981697182204,
          -11.098446925452112,
          -13.804372517999525,
          -15.54923789975418,
          -16.43881245206248,
          -15.7617238843508,
          -15.571952469665145,
          -15.173295384416985,
          -14.186396803846378,
          -17.113513798774523,
          -16.330036698399475,
          -16.4995407540152,
          -15.90697553985501,
          -15.973821312987877,
          -16.378331531452442,
          -16.27959369948149,
          -16.244958689466863,
          -15.898335718091126,
          -16.550003431358405,
          -17.684158218623235,
          -16.54912980602377,
          -17.0767460954197,
          -16.059767579682713,
          -17.59165717500531,
          -17.64706902146424,
          -16.042476809184887,
          -15.919673195397909,
          -15.208826488252093,
          -19.034852966688618,
          -19.092537348313897,
          -18.171235736225736,
          -20.72136004669599,
          -20.231221339578756,
          -20.96437526712809,
          -21.216842737877972,
          -20.812165978391242,
          -20.69997618184525,
          -20.91286619739971,
          -20.67575068636422,
          -20.822008728481002,
          -20.730449188264075,
          -21.22063775504899,
          -20.88186344435364,
          -20.819526503623358,
          -20.75133123436195,
          -21.04979236017713,
          -20.656030050824395,
          -19.507470323560366,
          -20.35773492939575,
          -20.75672328943927,
          -21.04238464622094,
          -21.301343105958306,
          -21.467743033809242,
          -20.898029061382363,
          -20.454515742365096,
          -20.48213920086291,
          -21.105381756261252,
          -20.745164421119128,
          -21.27517504722671,
          -21.30398644970584,
          -21.12463496927159,
          -21.139075550161827,
          -20.95030199483353,
          -21.45850626967472,
          -20.916228624096192,
          -21.328039527703176,
          -21.155190078051042,
          -21.473294772287183,
          -21.644834751125778,
          -21.133342546891562,
          -20.953961984773713,
          -21.552089571262627,
          -21.499268992377235,
          -21.862943794365115,
          -21.61529098410623,
          -21.85915674242893,
          -21.664100160410143,
          -20.609138534204604,
          -21.5032377170991,
          -21.18970308572005,
          -21.66179492423087,
          -20.53569931084905,
          -21.733840174139278,
          -21.69716045176516,
          -21.67152689570973,
          -21.62161461280184,
          -21.66075048490218,
          -21.699889841334382,
          -21.833502903709064,
          -21.61957543163207,
          -21.372514676544974,
          -20.67325840545569,
          -21.647506480069186,
          -21.48683995883703,
          -21.405157531385072,
          -21.469562580048986,
          -21.70344442102417,
          -20.85373593601532,
          -21.736078747940052,
          -21.432426901908606,
          -21.637721607491162,
          -21.56628775292715,
          -21.476275256316463,
          -21.827250952657238,
          -21.81856293282954,
          -21.5470972391759,
          -21.173147423503522,
          -21.580270307050448,
          -21.647970622178015,
          -21.796961848306204,
          -21.322196007240848,
          -21.6987823214126,
          -21.642346089319624,
          -21.640192836203703,
          -21.77388970865026,
          -21.623901425780574
        ]
      ],
      [
        [
          -9.876509164792996,
          -12.490381266603297,
          -10.378181707419268,
          -13.926506535985789,
          -14.020632124443466,
          -13.932902172711646,
          -15.57893372529665,
          -17.86022573921317,
          -12.598949356742029,
          -16.924274545079943,
          -17.495264415916196,
          -17.130880892322963,
          -17.655730756697874,
          -16.628267697521004,
          -18.47815922990122,
          -16.820045891177333,
          -18.81783117607685,
          -19.604156035079956,
          -19.45496926016372,
          -19.866715362979754,
          -16.90485421818316,
          -19.46106663960517,
          -19.94995755008033,
          -18.966980257940634,
          -19.631665111128278,
          -20.000228580589297,
          -20.30914889436192,
          -20.23539316273236,
          -19.736805973941212,
          -20.048530327661037,
          -19.79012092876336,
          -20.057542432723945,
          -19.14995464698864,
          -20.177449613102425,
          -19.86613763201727,
          -19.18807090091969,
          -19.231398128381677,
          -19.953196055227277,
          -20.076347791124995,
          -19.802563612011294,
          -20.09713651137825,
          -19.949856071502552,
          -20.390631264145824,
          -20.16840519819747,
          -19.791444914275736,
          -20.05695025242278,
          -20.128115120301167,
          -19.695307178069534,
          -20.164483258296634,
          -20.092535529358905,
          -19.742558764206752,
          -19.852133790785047,
          -19.879270519295545,
          -19.967242756815946,
          -20.00423786644583,
