[
  {
    "vqe2_energy": [
      -2921.8348861807426,
      -2921.535744338188,
      -2807.90326225048
    ],
    "vqe2_vector": [
      [
        1,
        1,
        1,
        0,
        0,
        1,
        0,
        0,
        1,
        1,
        1,
        1
      ],
      [
        1,
        0,
        0,
        1,
        1,
        1,
        0,
        0,
        0,
        0,
        0,
        1
      ],
      [
        1,
        0,
        1,
        0,
        1,
        1,
        0,
        1,
        0,
        0,
        1,
        0
      ]
    ],
    "vqe2_min_error": [
      2.4356456977520757,
      2.4456344828308163,
      6.239989802183099
    ],
    "vqe2_params": [
      [
        3.4951889467713877,
        0.024897624690206524,
        2.1328674152205735,
        4.572499652415821,
        1.7835067830598028,
        2.1648759738215673,
        5.246067934176409,
        0.36352078595600434,
        2.569841306071493,
        0.11606153694663285,
        4.132687627403728,
        6.218299939621223,
        2.974886819628872,
        2.412620635915232,
        1.401339217727649,
        3.3632037735190288,
        4.8698090933890805,
        5.754829856438291,
        1.1880128177808515,
        4.365919889316033,
        2.5330338337700953,
        2.637384493976846,
        1.4560466277077657,
        5.220784369709786,
        5.18505918539231,
        2.937315368208332,
        5.322674973547643,
        2.366370575369116,
        2.7850780501219763,
        1.9264549600310106,
        1.8925187905169876,
        6.008063642042615,
        2.677565234000612,
        1.653239913200528,
        6.472441406851576,
        1.8489670763055552,
        3.9110435584158116,
        1.1261170017581754,
        5.3028170715386365,
        0.6591775935418928,
        3.8351811210731332,
        0.9480661429261872,
        5.654775401499325,
        4.841522376802888,
        2.8928583737213986,
        3.70024777236932,
        4.966224379809171,
        5.212781530575651
      ],
      [
        3.2321423761141346,
        1.5952362589565938,
        0.5696782533780358,
        4.430949234802402,
        3.5390458173933954,
        6.075828188420317,
        5.353375284769786,
        4.618481300139868,
        5.126544590329167,
        2.5089475649616597,
        2.6469021506837485,
        2.7106929399856665,
        1.3510893516394753,
        1.7734869029140632,
        7.37419832866689,
        4.3139386728152544,
        4.202618116248763,
        0.561149583310312,
        2.9322972816374318,
        5.767141148235731,
        1.864845448245044,
        1.7919552616295737,
        3.6835906434826984,
        3.1009641624594892,
        2.4880696981353716,
        1.5884932544781403,
        0.849121455020398,
        4.278234064139923,
        0.03415208548000343,
        5.3317315578605315,
        5.904128044419352,
        5.503062973716858,
        1.2497597098457112,
        6.523560520578965,
        7.13702036801051,
        4.240702317138063,
        5.332169814248303,
        1.3719503784007514,
        4.5734037360690385,
        2.0056685268190506,
        3.3331359326870764,
        2.6812650600063606,
        4.529983840379267,
        5.154313754717448,
        5.4515388893911245,
        2.904599928755058,
        1.158150345060069,
        4.231883365985893,
        1.3969558935417945,
        0.3541821600096642,
        3.2645417312811063,
        2.923222599894474,
        1.9944745160535853,
        0.5137620354257616,
        2.3364162777768827,
        4.7792615239694145,
        4.226595056398418,
        3.261833045858796,
        0.8185247194121624,
        2.2951943098751704,
        5.6374608001727315,
        6.01140838786442,
        2.4005744662383983,
        4.43301906393735,
        1.8731277392659824,
        0.36085241428665904,
        4.9080677535276624,
        3.723174212202199,
        0.14588813383958868,
        4.040210258294834,
        2.828355235805012,
        -0.37156472414701874
      ],
      [
        2.0235007728997685,
        3.182555638065825,
        3.505652507251581,
        0.3530677995225363,
        5.259658427555272,
        2.0820210769656606,
        3.440330723068286,
        0.8273604466613865,
        2.792136139077888,
        2.6963356063309516,
        5.3550050866575045,
        3.2240290084601715,
        5.880524934393698,
        1.5116754750816164,
        0.9552261836897811,
        2.6862831181450875,
        2.422345357945172,
        5.874353908279099,
        2.1740789546119474,
        1.2269968498596102,
        0.03889117292605483,
        5.424414836364518,
        3.738107025335614,
        2.5288774454076335,
        5.753116050306847,
        1.3638342649948503,
        2.494467259497185,
        1.6988742853533252,
        0.9870016251129554,
        3.737287926309831,
        3.8891945404092754,
        2.4833810407487755,
        3.2112376125522237,
        1.110578750837704,
        2.5952526236870126,
        2.1497313395314124,
        2.767702631364443,
        6.044970047876952,
        2.5485377732133863,
        6.147687449626508,
        3.962717225092311,
        3.0258698611026644,
        3.901185999534957,
        0.5693885813296222,
        6.199319690932842,
        5.6185291078994135,
        0.24768647886237827,
        6.164166243733352,
        1.5026507090317596,
        1.0017655941483425,
        5.198312579512604,
        4.957114630478538,
        1.3883851371009641,
        2.2610054743340666,
        2.131747732938779,
        6.362429137096136,
        4.732338903921274,
        0.5923012280866722,
        1.8362606695826509,
        4.359023424032191,
        1.4757861754283357,
        1.2183731745176656,
        4.25932844058989,
        3.464708928199664,
        5.780651325520115,
        6.213459031096881,
        1.8511185365398577,
        3.5741304956805813,
        2.6644786940470704,
        4.729107634503784,
        5.182309328254267,
        6.264682127209535,
        0.34846252529544264,
        0.8673830982471115,
        1.2302805347031116,
        0.5421387512987748,
        5.255529130194064,
        4.644343960381869,
        2.6856412442514874,
        3.0956843571181425,
        0.14433121303590896,
        2.4825243678719877,
        1.9582106822992473,
        0.1538996283970193,
        4.350392169565433,
        5.531441399382812,
        5.422830703714749,
        5.6157727700736615,
        4.946429032956352,
        0.7707305366914534,
        0.40065400433210163,
        1.7240367669120928,
        5.971969917634899,
        1.7819655262583665,
        5.941570111649578,
        0.805496080183818,
        1.3275904360326147,
        2.146538108817929,
        0.7648007491523845,
        1.6510527744525358,
        0.5873897651549671,
        1.5015395328633734,
        5.012116536041977,
        2.1335782014701055,
        3.8191778645779277,
        4.610676104041684,
        2.248163497157799,
        4.978220250602803
      ]
    ],
    "vqe2_time": [
      70.51542615890503,
      86.87449765205383,
      111.32802414894104
    ],
    "solution_vector": [
      1,
      0,
      0,
      0,
      1,
      1,
      0,
      1,
      1,
      1,
      0,
      0
    ],
    "solution_min_energy": -2994.7770444204357,
    "solution_time": 0.023800373077392578,
    "matrix_size": 12,
    "qubo_matrix": [
      [
        -184.21992847731983,
        5.847300201539152,
        11.694600403078304,
        23.38920080615661,
        46.77840161231322,
        2.923650100769576,
        2.92364948063602,
        5.84729896127204,
        11.69459792254408,
        23.38919584508816,
        46.77839169017632,
        2.92364948063602
      ],
      [
        5.847300201539152,
        -362.5925567531005,
        23.38920080615661,
        46.77840161231322,
        93.55680322462644,
        5.847300201539152,
        5.84729896127204,
        11.69459792254408,
        23.38919584508816,
        46.77839169017632,
        93.55678338035264,
        5.84729896127204
      ],
      [
        11.694600403078304,
        23.38920080615661,
        -701.7959127000444,
        93.55680322462644,
        187.11360644925287,
        11.694600403078304,
        11.69459792254408,
        23.38919584508816,
        46.77839169017632,
        93.55678338035264,
        187.11356676070528,
        11.69459792254408
      ],
      [
        23.38920080615661,
        46.77840161231322,
        93.55680322462644,
        -1310.0350221754625,
        374.22721289850574,
        23.38920080615661,
        23.38919584508816,
        46.77839169017632,
        93.55678338035264,
        187.11356676070528,
        374.22713352141056,
        23.38919584508816
      ],
      [
        46.77840161231322,
        93.55680322462644,
        187.11360644925287,
        374.22721289850574,
        -2245.842831452419,
        46.77840161231322,
        46.77839169017632,
        93.55678338035264,
        187.11356676070528,
        374.22713352141056,
        748.4542670428211,
        46.77839169017632
      ],
      [
        2.923650100769576,
        5.847300201539152,
        11.694600403078304,
        23.38920080615661,
        46.77840161231322,
        -184.21992847731983,
        2.92364948063602,
        5.84729896127204,
        11.69459792254408,
        23.38919584508816,
        46.77839169017632,
        2.92364948063602
      ],
      [
        2.92364948063602,
        5.84729896127204,
        11.69459792254408,
        23.38919584508816,
        46.77839169017632,
        2.92364948063602,
        -184.2199424211698,
        5.8473032196885,
        11.694606439377,
        23.389212878754,
        46.778425757508,
        2.92365160984425
      ],
      [
        5.84729896127204,
        11.69459792254408,
        23.38919584508816,
        46.77839169017632,
        93.55678338035264,
        5.84729896127204,
        5.8473032196885,
        -362.5925816226511,
        23.389212878754,
        46.778425757508,
        93.556851515016,
        5.8473032196885
      ],
      [
        11.69459792254408,
        23.38919584508816,
        46.77839169017632,
        93.55678338035264,
        187.11356676070528,
        11.69459792254408,
        11.694606439377,
        23.389212878754,
        -701.7959503665483,
        93.556851515016,
        187.113703030032,
        11.694606439377
      ],
      [
        23.38919584508816,
        46.77839169017632,
        93.55678338035264,
        187.11356676070528,
        374.22713352141056,
        23.38919584508816,
        23.389212878754,
        46.778425757508,
        93.556851515016,
        -1310.0350492180805,
        374.227406060064,
        23.389212878754
      ],
      [
        46.77839169017632,
        93.55678338035264,
        187.11356676070528,
        374.22713352141056,
        748.4542670428211,
        46.77839169017632,
        46.778425757508,
        93.556851515016,
        187.113703030032,
        374.227406060064,
        -2245.8426923760967,
        46.778425757508
      ],
      [
        2.92364948063602,
        5.84729896127204,
        11.69459792254408,
        23.38919584508816,
        46.77839169017632,
        2.92364948063602,
        2.92365160984425,
        5.8473032196885,
        11.694606439377,
        23.389212878754,
        46.778425757508,
        -184.2199424211698
      ]
    ],
    "ansatze": [
      "twolocal",
      "alternating_ry_rz",
      "random_circuit"
    ],
    "histories_energy": [
      [
        [
          -2756.3211144273446,
          -2742.352416494626,
          -2510.956305673278,
          -2742.9359295639856,
          -2779.443134636256,
          -2785.81182443143,
          -2748.7020410382715,
          -2750.600881338143,
          -2378.5735996673243,
          -2816.8186708697262,
          -2812.5033756459256,
          -2821.136436756554,
          -2768.860425312305,
          -2800.2651563206964,
          -2783.0347326455994,
          -2766.1102549886505,
          -2798.6400323080125,
          -2802.7105350874194,
          -2787.0990579289037,
          -2793.2266091335555,
          -2792.84768371715,
          -2801.9679781076366,
          -2805.7592905604733,
          -2784.5610394859495,
          -2799.4843311070017,
          -2795.64828424802,
          -2693.120733951039,
          -2806.3137927841685,
          -2802.1962807710756,
          -2796.127932729069,
          -2785.1243791122456,
          -2796.8103682668943,
          -2809.4274941479725,
          -2807.661816168511,
          -2803.1413932164323,
          -2815.4479446945047,
          -2806.535147958536,
          -2808.660537379793,
          -2792.838198904284,
          -2801.5208963859327,
          -2796.1915424722342,
          -2808.302328646284,
          -2802.595111521291,
          -2797.526499098679,
          -2822.7710495054635,
          -2794.1164427615718,
          -2798.2067206889706,
          -2813.435258571973,
          -2795.132801912396,
          -2802.3368033004913,
          -2781.9475482660746,
          -2537.3952126488634,
          -2787.0838124948446,
          -2674.4005474278315,
          -2824.463476077871,
          -2719.339707717996,
          -2838.8992902856644,
          -2830.8025312017403,
          -2800.9997116641525,
          -2828.4309911222444,
          -2803.381427341747,
          -2867.13246757164,
          -2856.155403521538,
          -2863.4456013839576,
          -2841.5076651875465,
          -2877.9464413429773,
          -2871.4874683557746,
          -2859.8157862718426,
          -2859.249134259157,
          -2871.9962283835043,
          -2863.9383181910175,
          -2876.0400124291336,
          -2884.6504994900706,
          -2855.5565295283996,
          -2868.4327622419682,
          -2873.39617073789,
          -2860.78464377054,
          -2868.7286596235585,
          -2870.4827934904356,
          -2855.628217890577,
          -2860.805454710282,
          -2877.8694062910886,
          -2860.501538150632,
          -2856.9023924312232,
          -2861.3101070788052,
          -2869.0749648665346,
          -2856.1353932497523,
          -2850.15141506479,
          -2857.829378891038,
          -2855.462943369519,
          -2886.813096511804,
          -2879.0471773350873,
          -2837.731701375106,
          -2882.0572255170455,
          -2865.070922691716,
          -2885.1078418599513,
          -2863.1495013135764,
          -2875.8753083484335,
          -2856.5132762214926,
          -2863.486330145526,
          -2852.462088102344,
          -2873.515789219247,
          -2859.591954003927,
          -2860.8166351186783,
          -2880.352446772943,
          -2873.69316742168,
          -2847.256683172744,
          -2873.394297310424,
          -2865.323462353641,
          -2880.6447960049163,
          -2848.918903320403,
          -2860.7251485755037,
          -2883.5585711958965,
          -2875.7602152421873,
          -2880.0819025587093,
          -2866.2983703407403,
          -2877.7081227965305,
          -2869.3610640195684,
          -2874.6495642825753,
          -2870.209034832569
        ]
      ],
      [
        [
          -2393.015945444599,
          -2425.8042439066694,
          -2337.644736512183,
          -2473.795746799737,
          -2483.5743634949795,
          -2445.7006553757665,
          -2477.1701840384794,
          -2483.9682008226014,
          -2517.111506716505,
          -2571.101274054323,
          -2564.6624367364448,
          -2548.748559263066,
          -2548.3505745445545,
          -2519.429568784923,
          -2493.533140570943,
          -2590.769745509929,
          -2574.4323440532794,
          -2557.911211757362,
          -2569.1199948089256,
          -2572.661444880918,
          -2544.2008042216153,
          -2441.523541357494,
          -2577.93744099968,
          -2578.1382169641006,
          -2559.4409821171166,
          -2570.112091102097,
          -2600.9098174313012,
          -2558.0189591710414,
          -2540.891328952767,
          -2595.539363468309,
          -2576.8273691291593,
          -2572.979396304236,
          -2510.6947440568447,
          -2594.5718173508126,
          -2588.2161297581315,
          -2626.697907573976,
          -2601.8581313103064,
          -2630.197141772774,
          -2581.81711170874,
          -2579.612921323104,
          -2597.745770131155,
          -2589.1418736369537,
          -2592.6568832241446,
          -2581.291741110442,
          -2597.41603822715,
          -2601.3798148233036,
          -2580.612139295501,
          -2611.7329002155216,
          -2585.7103070622934,
          -2579.710071750812,
          -2600.074492033765,
          -2588.8525458999343,
          -2589.2339124499326,
          -2603.370543930087,
          -2579.650931398784,
          -2603.835873700824,
          -2605.867243115914,
          -2590.2733948843056,
          -2586.36385352154,
          -2610.2303882759547,
          -2595.444178684985,
          -2612.5522836307546,
          -2594.8572852956827,
          -2554.8650073046997,
          -2594.429817650632,
          -2592.680843690852,
          -2582.6741413343148,
          -2597.35796065836,
          -2567.4774112289047,
          -2580.541288451668,
          -2592.690937268024,
          -2587.4893455837637,
          -2565.4867329169215,
          -2634.437142490114,
          -2568.2475457092105,
          -2618.0152803335977,
          -2594.2613199302723,
          -2394.7725695325357,
          -2616.648252090988,
          -2635.671337269246,
          -2635.681548157842,
          -2649.6588570554804,
          -2621.955479061517,
          -2606.2577971468104,
          -2585.774637619985,
          -2528.2663884776152,
          -2613.5098395781833,
          -2604.966838736515,
          -2606.404276020575,
          -2759.778114645621,
          -2738.4375061223554,
          -2747.6622980938423,
          -2759.278398756663,
          -2723.6383009396322,
          -2734.323112387654,
          -2729.024805049123,
          -2721.4669795812606,
          -2747.856829182317,
          -2718.5137370716516,
          -2694.996222911779,
          -2758.622084153712,
          -2761.7936939695637,
          -2732.599707506623,
          -2734.7082724266133,
          -2766.14107913658,
          -2692.8343086523287,
          -2735.525133688865,
          -2692.8091888463664,
          -2761.107253497572,
          -2743.8942636542915,
          -2774.2408753583363,
          -2734.1142223212228,
          -2762.688389484503,
          -2751.652286756414,
          -2758.75769358594,
          -2763.619865629104,
          -2764.828416118452,
          -2764.904916532078,
          -2757.273826789636,
          -2748.6830954869706
        ]
      ],
      [
        [
          -2608.7975956822165,
          -2559.202173010682,
          -2611.1682267020374,
          -2575.883657908583,
          -2591.5981949450534,
          -2630.1726856687205,
          -2610.1063633713097,
          -2554.8914898842236,
          -2604.0279499746994,
          -2654.5262200662337,
          -2647.610920481859,
          -2630.870450860877,
          -2619.294892313875,
          -2557.98792772401,
          -2612.345899113022,
          -2617.3537753106575,
          -2655.4752929394185,
          -2636.7504974317358,
          -2630.709022008426,
          -2631.744385465462,
          -2621.67582285333,
          -2607.157508531488,
          -2641.564952885796,
          -2639.505131286789,
          -2638.306115302473,
          -2646.124171248527,
          -2592.801191215888,
          -2630.943558032902,
          -2636.4100652614543,
          -2595.8939580911783,
          -2614.812448893841,
          -2656.302321272273,
          -2638.747317195931,
          -2676.162126124537,
          -2694.827331727304,
          -2706.6059887899373,
          -2674.1906631677352,
          -2686.4290787449827,
          -2680.7486233507416,
          -2685.080974255572,
          -2679.2681036445297,
          -2692.787323947438,
          -2682.7020210500928,
          -2701.5070560260874,
          -2684.9286200458796,
          -2684.4144778961527,
          -2695.7068870150697,
          -2668.5318026550895,
          -2684.4423280124274,
          -2707.0900438937856,
          -2689.4898371247564,
          -2700.9042533781403,
          -2689.7369040307976,
          -2682.776863221579,
          -2675.418730274945,
          -2697.8274182238333,
          -2708.257711328769,
          -2694.7172560595845,
          -2690.9959427459603,
          -2673.947510064453,
          -2683.014655255708,
          -2675.055619881145,
          -2674.644989874402,
          -2696.066237698834,
          -2683.912224711553,
          -2674.4559110309738,
          -2725.42614935226,
          -2679.349205548234,
          -2675.8219445406144,
          -2702.6060094241775,
          -2662.9933818627055,
          -2677.6580202687314,
          -2693.2229690326394,
          -2700.9934150732456,
          -2654.790314231249,
          -2691.629709074824,
          -2692.6131412615396,
          -2698.2670226014825,
          -2704.664585651458,
          -2675.1394825794105,
          -2673.1441430336736,
          -2691.6125140760482,
          -2669.559373409063,
          -2684.8847557705894,
          -2694.332683371011,
          -2689.07152911094,
          -2679.4339281620487,
          -2690.6211196562326,
          -2651.2029749523213,
          -2678.2284863203577,
          -2674.2394757118263,
          -2691.585106162319,
          -2689.975712111346,
          -2699.2854616881345,
          -2694.5459463909456,
          -2702.260547055588,
          -2677.0472715234428,
          -2689.4078587945723,
          -2696.7594415307685,
          -2695.210392549416,
          -2678.2135389926057,
          -2685.6409777418726,
          -2687.527386878327,
          -2678.7480602231303,
          -2674.628310149684,
          -2694.9471272121928,
          -2696.328001679928,
          -2707.416727066644,
          -2708.8518611529826,
          -2697.0211038890516,
          -2633.5139939269416,
          -2665.624220673972,
          -2655.511250801854,
          -2688.6773990864467,
          -2682.3513593763714,
          -2687.4349255030334,
          -2716.796201819926,
          -2601.000152826633,
          -2673.261576341849,
          -2667.916839981795
        ]
      ]
    ]
  },
  {
    "vqe2_energy": [
      -2970.985544873005,
      -3067.3147237117314,
      -2646.128352456503
    ],
    "vqe2_vector": [
      [
        0,
        0,
        0,
        1,
        0,
        1,
        0,
        0,
        0,
        0,
        1,
        1
      ],
      [
        0,
        0,
        0,
        1,
        0,
        0,
        1,
        0,
        1,
        0,
        1,
        1
      ],
      [
        1,
        1,
        0,
        0,
        0,
        0,
        1,
        0,
        0,
        0,
        1,
        0
      ]
    ],
    "vqe2_min_error": [
      3.521108918454763,
      0.39294413515776894,
      14.070423686510292
    ],
    "vqe2_params": [
      [
        2.9117915801024754,
        5.78050260406937,
        3.5051102562016934,
        1.9036267962265176,
        5.683276199689147,
        2.2379548899053776,
        3.680466355347555,
        3.8183110328465246,
        0.8838007329252394,
        5.171554053103091,
        2.014327946114911,
        1.971176298920722,
        1.5470982688711274,
        4.003256961340494,
        2.4176322023769155,
        4.463331976633483,
        2.914291455572081,
        5.582781119807203,
        1.941531611712515,
        3.5171155930951588,
        2.9555468988573566,
        0.8974924067118096,
        2.458761247147199,
        4.258540682194979,
        0.5301158839978551,
        2.7823216370788373,
        3.252243205376816,
        2.511035797836885,
        0.3743166128304556,
        3.457035757874377,
        0.49058424615330276,
        2.717221195717029,
        2.584943893010154,
        5.439605864069055,
        5.054282097934655,
        4.045707360032406,
        3.997099073855956,
        1.7990580529703672,
        4.547347378175573,
        1.722604987522958,
        2.990820693328887,
        0.24489383348681235,
        1.8417675646667617,
        4.326266930764305,
        4.569427350162116,
        3.098053302711482,
        0.7043218149559296,
        0.39716151778067366
      ],
      [
        5.961386943872995,
        4.723298711916909,
        3.247902138843792,
        1.0298574009149455,
        6.245823170173222,
        4.672313591293274,
        2.4505046925711347,
        0.9760246408916796,
        5.0840841900815565,
        7.212666170814942,
        4.712910035800435,
        5.551291469813038,
        5.160586321962559,
        6.601811887277759,
        1.9817628394636837,
        4.416775957392203,
        4.766514316480231,
        3.1783557430724385,
        1.981789586497725,
        2.7680206996924563,
        1.4314530563458006,
        6.587873590633169,
        4.886229417353696,
        4.211179141379033,
        3.116174460291034,
        2.9188327999481043,
        6.257770360374282,
        6.218898260412139,
        3.27110702258816,
        5.1060223850297515,
        1.513956163911461,
        2.167220878095666,
        4.291596295062822,
        1.988108319504502,
        0.984824379005637,
        3.5883194845209103,
        5.011037394963752,
        3.1267175199234636,
        1.2980098998144176,
        3.6804520501937223,
        5.88240913785077,
        3.1466906160261603,
        3.8063462608845895,
        0.5779316873481007,
        0.016816046325466558,
        4.359088961422271,
        5.228264409293789,
        6.149648691088477,
        2.1355628058963094,
        4.987900738766786,
        1.1301204139518009,
        1.2863583264832747,
        4.399195580748275,
        0.9353515923819344,
        2.167644105153418,
        1.6277541438688818,
        5.14480856245205,
        1.0852077576571475,
        2.5319190501968176,
        0.1501116350575777,
        3.7961065624541948,
        2.7319803244724428,
        4.988197470464494,
        5.185485432577102,
        0.7580361337667244,
        4.284566013214478,
        4.71502617035924,
        6.064497912998617,
        4.696022979224111,
        3.243087286974092,
        3.8841826022322445,
        5.679344738171782
      ],
      [
        1.2995761852924792,
        1.595678494967641,
        3.8422423451714907,
        5.86051316455323,
        1.3662120888885694,
        2.545481571782225,
        3.543094107944309,
        2.793453607949685,
        4.818966544795908,
        1.0092040327697076,
        1.9782064452568957,
        5.546109492759651,
        2.1759071591170724,
        5.597771695181186,
        4.267609634626515,
        2.2083265884406087,
        1.8511784824840756,
        1.188811596401292,
        2.4411353309274455,
        2.8535181176631985,
        5.134601764149377,
        2.785823504236199,
        2.329227580624938,
        5.4581629262324896,
        5.467386672574645,
        0.7289693205345237,
        0.2870039804253405,
        5.438156513186438,
        1.3732712774794447,
        5.201200655870331,
        1.0605795588563147,
        4.14896986167745,
        4.825924104181659,
        5.398246977287867,
        3.8764761691308465,
        3.7053156052051586,
        5.72418697642937,
        2.9041493454298597,
        1.0300957888086248,
        1.7176491711062265,
        0.982433082502768,
        3.8029538200592032,
        6.168900488760272,
        6.128042867267933,
        6.081715125863487,
        6.219897100566494,
        2.3053636433467104,
        5.950899182901143,
        1.3153890060770455,
        2.66786038309126,
        4.202194643439418,
        3.268023706171898,
        0.9838760902040551,
        6.106069375220214,
        5.1960649998381845,
        4.926960192502251,
        1.9394132717394847,
        5.997172317029809,
        0.33720084979203985,
        4.819201375778936,
        2.725583270195514,
        6.009783576194408,
        2.291138320115577,
        4.546349541782666,
        2.3325261284207945,
        5.733735737686557,
        0.5905947590345697,
        1.991024235297477,
        3.253741907355946,
        3.7449523504215936,
        1.3291840272218471,
        6.108941264339577,
        5.9207678633182494,
        0.46482360491956504,
        4.094656287800597,
        5.718848443220497,
        3.875643916678129,
        1.1772845274804824,
        1.4336314085585415,
        2.744050020116836,
        0.7987063240085177,
        0.10530527133044645,
        4.762475174528324,
        0.2458360863435858,
        6.140018681064436,
        5.621734307250109,
        5.7477552628920785,
        1.1271328948658674,
        2.8233060354824784,
        5.716354035959587,
        0.8915932145483327,
        0.19603428905749823,
        3.1284292324630605,
        3.5434698558028783,
        2.1992236038489716,
        0.8347438681270831,
        3.239370189452753,
        4.605617545874342,
        5.292158212214742,
        0.9638701100583231,
        2.9938473416951323,
        4.211925992231354,
        6.20244397463583,
        6.1614912717007675,
        2.0171463048834415,
        6.141882832803531,
        0.13945398762653943,
        2.379900358437234
      ]
    ],
    "vqe2_time": [
      39.81226682662964,
      63.67462134361267,
      100.05465292930603
    ],
    "solution_vector": [
      0,
      0,
      0,
      0,
      0,
      0,
      1,
      1,
      1,
      1,
      1,
      1
    ],
    "solution_min_energy": -3079.4151047630603,
    "solution_time": 0.021752357482910156,
    "matrix_size": 12,
    "qubo_matrix": [
      [
        -189.4237108653638,
        6.012482957651306,
        12.024965915302612,
        24.049931830605225,
        48.09986366121045,
        3.006241478825653,
        3.006240858692097,
        6.012481717384194,
        12.024963434768388,
        24.049926869536776,
        48.09985373907355,
        3.006240858692097
      ],
      [
        6.012482957651306,
        -372.83493877307626,
        24.049931830605225,
        48.09986366121045,
        96.1997273224209,
        6.012482957651306,
        6.012481717384194,
        12.024963434768388,
        24.049926869536776,
        48.09985373907355,
        96.1997074781471,
        6.012481717384194
      ],
      [
        12.024965915302612,
        24.049931830605225,
        -721.6199457155474,
        96.1997273224209,
        192.3994546448418,
        12.024965915302612,
        12.024963434768388,
        24.049926869536776,
        48.09985373907355,
        96.1997074781471,
        192.3994149562942,
        12.024963434768388
      ],
      [
        24.049931830605225,
        48.09986366121045,
        96.1997273224209,
        -1347.0401641086737,
        384.7989092896836,
        24.049931830605225,
        24.049926869536776,
        48.09985373907355,
        96.1997074781471,
        192.3994149562942,
        384.7988299125884,
        24.049926869536776
      ],
      [
        48.09986366121045,
        96.1997273224209,
        192.3994546448418,
        384.7989092896836,
        -2309.281418927664,
        48.09986366121045,
        48.09985373907355,
        96.1997074781471,
        192.3994149562942,
        384.7988299125884,
        769.5976598251768,
        48.09985373907355
      ],
      [
        3.006241478825653,
        6.012482957651306,
        12.024965915302612,
        24.049931830605225,
        48.09986366121045,
        -189.4237108653638,
        3.006240858692097,
        6.012481717384194,
        12.024963434768388,
        24.049926869536776,
        48.09985373907355,
        3.006240858692097
      ],
      [
        3.006240858692097,
        6.012481717384194,
        12.024963434768388,
        24.049926869536776,
        48.09985373907355,
        3.006240858692097,
        -189.42525464875578,
        6.012485975800654,
        12.024971951601309,
        24.049943903202617,
        48.099887806405235,
        3.006242987900327
      ],
      [
        6.012481717384194,
        12.024963434768388,
        24.049926869536776,
        48.09985373907355,
        96.1997074781471,
        6.012481717384194,
        6.012485975800654,
        -372.8380233217109,
        24.049943903202617,
        48.099887806405235,
        96.19977561281047,
        6.012485975800654
      ],
      [
        12.024963434768388,
        24.049926869536776,
        48.09985373907355,
        96.1997074781471,
        192.3994149562942,
        12.024963434768388,
        12.024971951601309,
        24.049943903202617,
        -721.6261027402192,
        96.19977561281047,
        192.39955122562094,
        12.024971951601309
      ],
      [
        24.049926869536776,
        48.09985373907355,
        96.1997074781471,
        192.3994149562942,
        384.7988299125884,
        24.049926869536776,
        24.049943903202617,
        48.099887806405235,
        96.19977561281047,
        -1347.0524298676278,
        384.7991024512419,
        24.049943903202617
      ],
      [
        48.09985373907355,
        96.1997074781471,
        192.3994149562942,
        384.7988299125884,
        769.5976598251768,
        48.09985373907355,
        48.099887806405235,
        96.19977561281047,
        192.39955122562094,
        384.7991024512419,
        -2309.305757284014,
        48.099887806405235
      ],
      [
        3.006240858692097,
        6.012481717384194,
        12.024963434768388,
        24.049926869536776,
        48.09985373907355,
        3.006240858692097,
        3.006242987900327,
        6.012485975800654,
        12.024971951601309,
        24.049943903202617,
        48.099887806405235,
        -189.42525464875578
      ]
    ],
    "ansatze": [
      "twolocal",
      "alternating_ry_rz",
      "random_circuit"
    ],
    "histories_energy": [
      [
        [
          -2776.9165690786963,
          -2759.862338943142,
          -2734.5044805698394,
          -2785.374952999773,
          -2785.114491304653,
          -2783.499440354331,
          -2781.392243963633,
          -2821.6827058118856,
          -2829.3875364659457,
          -2768.9817303437435,
          -2798.1549624470326,
          -2824.175185970954,
          -2820.137231502101,
          -2818.0515748508606,
          -2749.3317047871774,
          -2806.4937853086494,
          -2803.9732327338643,
          -2841.766746158769,
          -2822.0370448238414,
          -2802.140152193929,
          -2792.7186333946584,
          -2822.939070833026,
          -2835.385169678489,
          -2819.111727991704,
          -2817.8440758567754,
          -2829.70089079209,
          -2661.884708676129,
          -2772.5589069659,
          -2814.76716840621,
          -2818.525721478446,
          -2829.4313908672493,
          -2818.029602316584,
          -2916.197773116579,
          -2961.575321329895,
          -2947.8114625381554,
          -2958.348370052512,
          -2962.8414188200472,
          -2963.4601984569945,
          -2970.4542866594793,
          -2964.405123086461,
          -2974.6930912441944,
          -2942.485757970698,
          -2958.6973559054313,
          -2955.098514549181,
          -2953.198359522351,
          -2955.5794622288718,
          -2963.2241967770065,
          -2968.6610219050845,
          -2966.352524841122,
          -2909.3074220024337,
          -2956.5965533247836,
          -2843.4289013364837,
          -2936.3147031215476,
          -2859.383095516875,
          -2988.5090367409207,
          -2976.2338150664878,
          -2968.0247363138938,
          -2973.012666037378,
          -2924.9827495703385,
          -2895.3775192857793,
          -2973.679941197709,
          -2976.773209555037,
          -2965.5427994057645,
          -2968.1837686142967,
          -2960.611435676442,
          -2976.4746664410636,
          -2947.6064993318064,
          -2975.6035370334585,
          -2952.915758229276,
          -2940.763980665784,
          -2967.2951012910034,
          -2954.7980312959985,
          -2955.245503340047,
          -2959.86406283745,
          -2965.3366199032944,
          -2799.4610277739466,
          -2972.4852431945465,
          -2962.1399677879053,
          -2971.537492782443,
          -2983.397231013958,
          -2961.963763270543,
          -2886.0040673207727,
          -2969.424192027834,
          -2921.7169881697178,
          -2960.223334940715,
          -2862.7572108345394,
          -2951.9736201509622,
          -2977.3259039203654,
          -2987.3460467527034,
          -2980.7574695239405,
          -2964.605597208096,
          -2984.347172327662,
          -2969.2969164127217,
          -2973.2952330968305,
          -2958.8342113172444,
          -2971.050115843067,
          -2973.741293121652,
          -2972.4747941000633,
          -2957.0196104945585,
          -2964.0706464226337,
          -2963.888228230506,
          -2974.6095093738118,
          -2928.7733334118107,
          -2964.7114252540564,
          -2976.959688425056,
          -2959.724193385609,
          -2965.149041753669,
          -2971.2517408641966,
          -2963.291074966823,
          -2967.7519177394406,
          -2960.8791145750915,
          -2966.3939585353287,
          -2968.2078777612364,
          -2957.9172323538673,
          -2983.268594844062,
          -2972.0811698652906,
          -2970.756826308853,
          -2959.6240106756413,
          -2981.019694141906,
          -2962.902571671244
        ]
      ],
      [
        [
          -2450.4082978652855,
          -2482.9985551112527,
          -2565.891239658157,
          -2695.3880140377532,
          -2589.2055473148544,
          -2658.470331411897,
          -2661.454648525921,
          -2684.2514210347003,
          -2700.2026121675835,
          -2547.7557185699225,
          -2719.655646939381,
          -2686.579788147363,
          -2697.2273410263965,
          -2699.039853368437,
          -2727.0480350797284,
          -2678.211764368787,
          -2744.9795381306403,
          -2718.3681972021172,
          -2704.347819013435,
          -2726.7305551177665,
          -2562.2059988371693,
          -2619.9771642781816,
          -2746.818643335533,
          -2732.8660403357717,
          -2720.2134238640724,
          -2716.0891567883177,
          -2712.5928197196217,
          -2696.8480961138334,
          -2719.0942258447876,
          -2736.3592731646486,
          -2739.013438458409,
          -2700.9636394858844,
          -2626.789881260556,
          -2654.384580479748,
          -2732.7118830546156,
          -2679.2332145438922,
          -2730.414667280174,
          -2734.412724775616,
          -2725.98156844551,
          -2712.2927420469123,
          -2713.894139135515,
          -2751.799018964349,
          -2719.4772540145923,
          -2753.4781505500123,
          -2735.4996090743703,
          -2733.9201714584888,
          -2727.668713248009,
          -2724.3194261664744,
          -2752.376165546248,
          -2730.3765558992754,
          -2738.2376093766384,
          -2707.869370392055,
          -2753.2393116544476,
          -2737.1508210615752,
          -2739.893857430274,
          -2729.2237653389698,
          -2729.4647728475425,
          -2709.4457960212267,
          -2714.232663431699,
          -2748.007218148289,
          -2737.597970744408,
          -2729.5031045140536,
          -2716.279437953971,
