[
  {
    "vqe2_energy": [
      -4238.646545980763,
      -4301.950640171459,
      -4155.07390285152
    ],
    "vqe2_vector": [
      [
        0,
        0,
        1,
        0,
        1,
        0,
        0,
        0,
        0,
        1,
        0,
        0
      ],
      [
        0,
        1,
        0,
        0,
        1,
        0,
        0,
        1,
        1,
        1,
        0,
        1
      ],
      [
        0,
        1,
        1,
        0,
        1,
        0,
        0,
        0,
        0,
        0,
        1,
        0
      ]
    ],
    "vqe2_min_error": [
      1.566561057051652,
      0.09645978232584174,
      3.5073557365617236
    ],
    "vqe2_params": [
      [
        3.2332780858423096,
        6.207635954451081,
        0.976039967058482,
        2.219553765795442,
        3.107409662292294,
        4.281458618342077,
        2.0289144494793563,
        3.313193651501295,
        4.739565431710192,
        6.7583595109924754,
        1.0298277102511249,
        0.5004350646460201,
        5.083252808725176,
        4.500657559293739,
        3.0611921744475303,
        1.2500536595473204,
        5.477839209047942,
        4.509915061032974,
        0.5340283067800223,
        4.535004809034709,
        2.1021493821110386,
        4.516744474614126,
        4.129646767541501,
        5.275004307458853,
        3.8150827133051233,
        0.09839726577917678,
        2.3279137884326726,
        3.1252932971835605,
        2.178049634025887,
        3.0074663191660984,
        4.154832016049451,
        -0.20949313851997345,
        1.4294222835308352,
        1.8127536327690348,
        5.314849132043071,
        5.47908676561039,
        4.085403598033946,
        5.2004473635845745,
        4.503325687834386,
        3.729921607729975,
        1.4780279815754362,
        5.79682972188152,
        3.9848941089213703,
        3.5042151523822724,
        0.7138333107058048,
        5.178267990102421,
        0.36769801774874167,
        0.43237883090487816
      ],
      [
        4.286576032179835,
        1.8364696444545117,
        3.7506852775752275,
        6.188961668632767,
        5.625318717088473,
        3.0604078813657827,
        6.459782510683872,
        0.8299359205976687,
        2.4859922229232896,
        2.279832553823859,
        4.168243204812731,
        4.033836116923176,
        1.8269812290511063,
        1.5254724153564636,
        1.9119804212564815,
        4.6927693818628935,
        2.3152687962837177,
        3.0855908082218986,
        3.9144643544365607,
        5.088107364242752,
        7.317000622638507,
        1.3826586885858863,
        2.7246005229243426,
        2.071103805243346,
        4.133177529091321,
        4.777768064793399,
        2.2299283055421375,
        3.20796378467857,
        6.574863754882219,
        5.44668001633072,
        2.861225829324659,
        2.0227224256729954,
        4.234218635422691,
        2.239875406374081,
        1.2440333995012312,
        3.2013890179731717,
        3.2001815479596676,
        4.513134085602066,
        2.711531650218864,
        5.125017752324701,
        4.554715468881826,
        1.062025281144328,
        5.303007705156556,
        2.897542400390695,
        3.7291822986124292,
        3.4800181280448523,
        4.08393858180645,
        2.0236942969783938,
        3.7483490450159582,
        2.4684673208466354,
        3.520247004756206,
        2.267010672165754,
        1.2588603485811407,
        4.390712933880963,
        4.867943156999133,
        5.363458193815405,
        2.1447483512779524,
        5.314821929426593,
        0.8980014235177881,
        1.737746047309983,
        0.35219706202132617,
        0.9977309277900956,
        6.016171322123781,
        2.3962856250564992,
        3.717235716475611,
        0.5085413822361249,
        5.457496395884327,
        2.027287962457655,
        5.309348945535573,
        1.5108182682615934,
        4.470369953887462,
        3.3070552387337786
      ],
      [
        2.8713394399308108,
        1.9456836126415133,
        4.11481690597128,
        2.7403119811523617,
        3.8534644816029866,
        2.6434937622066146,
        5.80642889738787,
        2.004250401006658,
        2.342991447774687,
        3.045287414065087,
        5.289222895888723,
        3.7949890184092063,
        4.57467923852464,
        3.120112989046376,
        0.3531522698757919,
        3.7692046539574493,
        0.08887786207765672,
        4.282977935146269,
        1.0609476731988134,
        1.7387056413930182,
        3.8646836397676654,
        1.6194483124683152,
        1.1896274702873748,
        3.390022296895353,
        2.032918758546588,
        0.3822606602099629,
        3.194623178923371,
        2.4124258893710078,
        2.318868520732266,
        2.8601497673081813,
        2.703836961617966,
        2.925296880104681,
        0.7884913454245261,
        5.487193933060216,
        5.454531345829856,
        3.296655464380456,
        5.953812137446153,
        2.7284359494522668,
        0.3120025392592766,
        4.852140761987749,
        4.794297968573179,
        6.01621374228573,
        1.679640552023816,
        5.584527798737122,
        5.965325749031546,
        1.3946694394612715,
        2.46512008783959,
        4.3515381550997105,
        4.387492951359154,
        5.325138444624924,
        1.8808726721144808,
        0.45737407517513673,
        2.13447792679957,
        1.9822914912381786,
        4.90377714006729,
        0.7944543056371065,
        6.101589876778798,
        4.616606998223184,
        0.3292301063056653,
        2.3839486338556894,
        2.541221737973846,
        1.8429752926646676,
        4.856885151997295,
        3.8176526183289776,
        1.5196914836750295,
        5.084908077738768,
        0.34743382468197764,
        2.9009855947047245,
        1.013698794384813,
        4.881731579957458,
        0.7229348204861319,
        1.2877643016962557,
        2.752268024058613,
        2.3386902502542632,
        0.34575086872574523,
        6.136064955002312,
        3.111849900721593,
        3.7543606450636875,
        4.22124379222784,
        5.667593166007786,
        2.825319343412283,
        5.189261177473289,
        5.071285768031563,
        5.9242455936305305,
        3.506499303693105,
        5.12991354038683,
        3.093932653996529,
        0.5808666093974384,
        5.01638920882756,
        5.785689718401247,
        3.3053654119346088,
        1.9621191536162028,
        1.3735402217001351,
        3.7831740579259416,
        5.444180847987023,
        4.59756652594293,
        0.32623512397200455,
        3.0897383281500312,
        4.511519052507381,
        2.3686522749703887,
        2.70120889574647,
        2.8534041505215497,
        2.4937915626033837,
        2.5816056613872624,
        1.9184995410282408,
        1.6272421077312749,
        5.869723735844015,
        4.838924151372766
      ]
    ],
    "vqe2_time": [
      43.55039429664612,
      60.29278874397278,
      87.61084461212158
    ],
    "solution_vector": [
      1,
      0,
      0,
      0,
      1,
      1,
      0,
      1,
      1,
      1,
      0,
      0
    ],
    "solution_min_energy": -4306.104299005003,
    "solution_time": 0.023717164993286133,
    "matrix_size": 12,
    "qubo_matrix": [
      [
        -264.87791969082315,
        8.407236430539257,
        16.814472861078514,
        33.62894572215703,
        67.25789144431405,
        4.203618215269628,
        4.2036177829604515,
        8.407235565920903,
        16.814471131841806,
        33.62894226368361,
        67.25788452736722,
        4.2036177829604515
      ],
      [
        8.407236430539257,
        -521.3486029511071,
        33.62894572215703,
        67.25789144431405,
        134.5157828886281,
        8.407236430539257,
        8.407235565920903,
        16.814471131841806,
        33.62894226368361,
        67.25788452736722,
        134.51576905473445,
        8.407235565920903
      ],
      [
        16.814472861078514,
        33.62894572215703,
        -1009.068260180057,
        134.5157828886281,
        269.0315657772562,
        16.814472861078514,
        16.814471131841806,
        33.62894226368361,
        67.25788452736722,
        134.51576905473445,
        269.0315381094689,
        16.814471131841806
      ],
      [
        33.62894572215703,
        67.25789144431405,
        134.5157828886281,
        -1883.6207374714859,
        538.0631315545124,
        33.62894572215703,
        33.62894226368361,
        67.25788452736722,
        134.51576905473445,
        269.0315381094689,
        538.0630762189378,
        33.62894226368361
      ],
      [
        67.25789144431405,
        134.5157828886281,
        269.0315657772562,
        538.0631315545124,
        -3229.1783433884593,
        67.25789144431405,
        67.25788452736722,
        134.51576905473445,
        269.0315381094689,
        538.0630762189378,
        1076.1261524378756,
        67.25788452736722
      ],
      [
        4.203618215269628,
        8.407236430539257,
        16.814472861078514,
        33.62894572215703,
        67.25789144431405,
        -264.87791969082315,
        4.2036177829604515,
        8.407235565920903,
        16.814471131841806,
        33.62894226368361,
        67.25788452736722,
        4.2036177829604515
      ],
      [
        4.2036177829604515,
        8.407235565920903,
        16.814471131841806,
        33.62894226368361,
        67.25788452736722,
        4.2036177829604515,
        -264.87793363467307,
        8.407239448688607,
        16.814478897377214,
        33.62895779475443,
        67.25791558950885,
        4.203619724344303
      ],
      [
        8.407235565920903,
        16.814471131841806,
        33.62894226368361,
        67.25788452736722,
        134.51576905473445,
        8.407235565920903,
        8.407239448688607,
        -521.3486278206576,
        33.62895779475443,
        67.25791558950885,
        134.5158311790177,
        8.407239448688607
      ],
      [
        16.814471131841806,
        33.62894226368361,
        67.25788452736722,
        134.51576905473445,
        269.0315381094689,
        16.814471131841806,
        16.814478897377214,
        33.62895779475443,
        -1009.0682978465608,
        134.5158311790177,
        269.0316623580354,
        16.814478897377214
      ],
      [
        33.62894226368361,
        67.25788452736722,
        134.51576905473445,
        269.0315381094689,
        538.0630762189378,
        33.62894226368361,
        33.62895779475443,
        67.25791558950885,
        134.5158311790177,
        -1883.6207645141037,
        538.0633247160708,
        33.62895779475443
      ],
      [
        67.25788452736722,
        134.51576905473445,
        269.0315381094689,
        538.0630762189378,
        1076.1261524378756,
        67.25788452736722,
        67.25791558950885,
        134.5158311790177,
        269.0316623580354,
        538.0633247160708,
        -3229.1782043121366,
        67.25791558950885
      ],
      [
        4.2036177829604515,
        8.407235565920903,
        16.814471131841806,
        33.62894226368361,
        67.25788452736722,
        4.2036177829604515,
        4.203619724344303,
        8.407239448688607,
        16.814478897377214,
        33.62895779475443,
        67.25791558950885,
        -264.87793363467307
      ]
    ],
    "ansatze": [
      "twolocal",
      "alternating_ry_rz",
      "random_circuit"
    ],
    "histories_energy": [
      [
        [
          -3903.2588779606403,
          -3838.04062048617,
          -3755.948518412136,
          -3737.669136086126,
          -3880.9080464328645,
          -3891.331097886589,
          -3910.6315844201818,
          -3909.9845662777007,
          -3781.732657868456,
          -3853.3845220482053,
          -3946.865906432378,
          -3943.1107978241866,
          -3908.645347374749,
          -3936.066461288692,
          -3872.8661471809496,
          -3918.094481989833,
          -3891.840102920489,
          -3927.997080952258,
          -3935.7122805328395,
          -3898.5746793151675,
          -3863.918623539154,
          -3880.878052355288,
          -3916.823521638407,
          -3898.6873233488805,
          -3912.892991451812,
          -3935.8814089020493,
          -3830.672050302393,
          -3716.759039098512,
          -3898.928368059858,
          -3905.5748754779024,
          -3902.9967288645453,
          -3930.757317465447,
          -3425.599902348737,
          -3955.8906369225697,
          -3890.4546583313613,
          -3902.0459730228745,
          -3911.6188774948037,
          -3928.1960950393677,
          -3956.0359749392137,
          -3928.7564109559817,
          -3915.034820504684,
          -3914.1474215589283,
          -3910.603378690002,
          -3969.317616710479,
          -3894.9981427394323,
          -3935.741469725281,
          -3940.7783528765735,
          -3910.8613976471,
          -3885.442644440436,
          -4106.996193117045,
          -3879.9148303436077,
          -4039.6579386131316,
          -4121.875392901658,
          -4099.585039491662,
          -4105.247328899959,
          -4110.822248616358,
          -4145.142451375065,
          -4138.0521725350145,
          -4094.0247165571263,
          -4127.048723849752,
          -3792.108871669387,
          -4138.057728264328,
          -4165.080574150521,
          -4149.340424834856,
          -4169.453530667229,
          -4160.138453596315,
          -4095.6315706979008,
          -4139.564390311261,
          -4090.220838239908,
          -4154.123090855275,
          -4094.088100512745,
          -4151.182050827439,
          -4118.220052742657,
          -4129.473473453127,
          -4141.998515032505,
          -4152.952652735975,
          -4119.071901316828,
          -4154.137575695773,
          -4148.87938276303,
          -4147.992727320962,
          -4160.039631968614,
          -4121.489794301832,
          -4148.689099666438,
          -4164.375450210186,
          -4111.407833898815,
          -4141.236817853561,
          -4136.449565823013,
          -4132.551177878889,
          -4127.378154749277,
          -4158.530292547968,
          -4122.960140821048,
          -4126.81762437542,
          -4127.804351437789,
          -4125.222827631233,
          -4116.703675302458,
          -4144.689498428938,
          -4145.557628124387,
          -4138.364894945771,
          -4127.074321922058,
          -4165.407692621599,
          -4062.5313421455576,
          -4014.206755630701,
          -4105.6164090865495,
          -4145.518498224556,
          -4112.158144048235,
          -4111.544991477969,
          -4136.733667321805,
          -4165.004358264801,
          -4102.293145179795,
          -4154.715186387603,
          -4177.787442826422,
          -4171.260783842285,
          -4171.935868065927,
          -4182.206085481967,
          -4185.742075455301,
          -4198.160709892929,
          -4171.598870486083,
          -4193.4998448168335,
          -4192.431561711891,
          -4199.1008818622195
        ]
      ],
      [
        [
          -3189.200071386718,
          -3172.68613432223,
          -3506.8779021816667,
          -3601.950640712947,
          -3594.8524102458987,
          -3565.8743541030926,
          -3598.833172992775,
          -3557.902205288822,
          -3561.097016520784,
          -3691.698192811769,
          -3600.902725633169,
          -3648.703963724718,
          -3665.7166151248593,
          -3668.388778639241,
          -3153.581225483411,
          -3659.3468880755563,
          -3668.7702885748395,
          -3682.3729044304973,
          -3611.2094112148993,
          -3662.963393490055,
          -3667.684231237156,
          -3770.06171521195,
          -3801.8322110284307,
          -3770.2864457789674,
          -3742.89804900501,
          -3724.098678212139,
          -3962.8078442550686,
          -3857.3978478910553,
          -3923.765805926362,
          -3969.699976365771,
          -3972.133508656506,
          -3946.9061974495844,
          -3948.256762053391,
          -3947.710957120901,
          -3962.4579601936175,
          -3956.279744842794,
          -3931.121670611848,
          -3968.465533025978,
          -3969.3209307323846,
          -3948.3556806936144,
          -3939.2868469843033,
          -3988.8030894561284,
          -3952.125531828188,
          -3959.1848389323836,
          -3954.793142355134,
          -3935.1459034471795,
          -3966.3449441947214,
          -3930.0700194691394,
          -3979.7808991505253,
          -3926.8176915378276,
          -3962.6157737712538,
          -3998.8252645628413,
          -3918.4530787746257,
          -3964.870376131614,
          -3956.276679676546,
          -3954.0357301723852,
          -3951.2722001404645,
          -3974.924711705224,
          -3954.475262174429,
          -3966.416170418493,
          -3963.481856022152,
          -3959.3634006554544,
          -3979.9115467460056,
          -3971.7825632190884,
          -3969.594334020425,
          -3938.403965391336,
          -3996.4516730780647,
          -3981.4236385805866,
          -3952.388437983075,
          -3957.09299779461,
          -3961.255102848813,
          -3948.337085470283,
          -3947.608319475874,
          -3788.409147143133,
          -3982.8021534447735,
          -3887.5082836103725,
          -3955.833209256424,
          -4023.921761404386,
          -3900.8370902758597,
          -4163.5444253285805,
          -4172.388102963453,
          -4160.584905537743,
          -4181.469364990822,
          -4137.074592136725,
          -4140.909909913013,
          -4145.342905011863,
          -4193.577097229862,
          -4184.515218205912,
          -4181.437696753403,
          -4172.378554110502,
          -4111.2978709657855,
          -3988.9763118355254,
          -4192.9195592261085,
          -4183.20502338812,
          -4162.002738571356,
          -4037.675386868935,
          -4188.384669861273,
          -4185.63535181789,
          -4171.142697310238,
          -4194.782575809306,
          -4193.099496184918,
          -4014.1445641859045,
          -4189.226415072712,
          -4187.488658676606,
          -4179.223507876451,
          -4175.206119876256,
          -4039.787497136272,
          -4040.3262324351344,
          -4187.604452581839,
          -4188.744742759474,
          -4193.960139424063,
          -4183.572477587345,
          -4181.995542946667,
          -4184.3215051739335,
          -4186.770207141574,
          -4188.592741198962,
          -4180.38365408988,
          -4187.227678584348,
          -4180.15498134938,
          -4200.253445760862
        ]
      ],
      [
        [
          -3658.0826585927334,
          -3633.4875298610336,
          -3653.5986362257368,
          -3652.208578930985,
          -3643.0646576847676,
          -3673.5622116713826,
          -3679.2004482807633,
          -3634.6153513575814,
          -3654.402005121107,
          -3711.2466942770307,
          -3682.6421389738134,
          -3655.9878547175313,
          -3686.1625524811607,
          -3649.478676839675,
          -3602.5143219648007,
          -3702.006264157805,
          -3645.664180694797,
          -3681.3739125139405,
          -3710.9209031050523,
          -3685.4319043497458,
          -3664.6424072746668,
          -3663.893220504757,
          -3701.4181252296876,
          -3656.5878803167357,
          -3676.5709165575254,
          -3717.6548270447283,
          -3671.792432203559,
          -3659.3075687122064,
          -3677.833815646486,
          -3706.977461166434,
          -3685.5678789119743,
          -3743.2676392869935,
          -3783.716426883906,
          -3648.534288779528,
          -3747.7471166938885,
          -3682.5957538678786,
          -3771.353187587398,
          -3779.085564162433,
          -3718.231305230521,
          -3750.9994928966007,
          -3742.994471367989,
          -3754.7321965787596,
          -3728.4653407958926,
          -3771.8254162092253,
          -3736.217188005988,
          -3755.1845554657616,
          -3735.842810938433,
          -3757.2232756370577,
          -3752.944466965369,
          -3796.630682633055,
          -3749.1652429228143,
          -3724.4026372469352,
          -3758.0012333311424,
          -3747.6411768436224,
          -3707.806114084034,
          -3734.6282861002865,
          -3742.6303393879907,
          -3773.3502056199404,
          -3742.44343920248,
          -3757.360136179202,
          -3748.753230415424,
          -3741.2746050066557,
          -3785.761572515415,
          -3745.2966146545873,
          -3733.487218558399,
          -3764.4031648890177,
          -3740.7040856127815,
          -3781.773418371919,
          -3735.793108720526,
          -3745.0605346043103,
          -3733.170532739572,
          -3752.0146478414617,
          -3756.1791338019693,
          -3727.326798193969,
          -3751.0598541004874,
          -3736.0538241950403,
          -3752.022928394162,
          -3713.0972105277283,
          -3749.2404560498194,
          -3758.050852239788,
          -3781.363520072881,
          -3751.9129599195862,
          -3754.8372900915942,
          -3783.0284045240046,
          -3750.1224072167142,
          -3757.4007325235757,
          -3732.3468743477606,
          -3777.4593444745806,
          -3714.9994677063487,
          -3735.254503790627,
          -3714.7768487778367,
          -3739.7402159529806,
          -3762.216668622162,
          -3697.1791087527267,
          -3736.2765708376073,
          -3746.810825156952,
          -3748.8994404123714,
          -3713.6039891671744,
          -3763.092754893527,
          -3743.4072808064,
          -3743.2740770138334,
          -3759.1550652301175,
          -3755.7803988462006,
          -3724.495938538186,
          -3764.3425880099785,
          -3736.1336475018916,
          -3747.9147229076043,
          -3763.728171845565,
          -3759.5752566180695,
          -3783.6469920643895,
          -3765.3921597912267,
          -3704.1476135665575,
          -3746.951607924502,
          -3769.924382399569,
          -3741.3355766383024,
          -3798.129525591627,
          -3801.2556115761377,
          -3803.765558966545,
          -3807.9511330239507,
          -3616.2881816943545
        ]
      ]
    ]
  },
  {
    "vqe2_energy": [
      -4373.678282304329,
      -4373.485058469876,
      -4390.711565290584
    ],
    "vqe2_vector": [
      [
        0,
        0,
        0,
        0,
        1,
        0,
        1,
        0,
        0,
        0,
        1,
        1
      ],
      [
        1,
        0,
        1,
        0,
        0,
        1,
        1,
        1,
        1,
        0,
        1,
        1
      ],
      [
        0,
        0,
        1,
        0,
        1,
        1,
        1,
        1,
        0,
        1,
        0,
        0
      ]
    ],
    "vqe2_min_error": [
      0.3886397775663908,
      0.39304048738885156,
      0.0007034965236574209
    ],
    "vqe2_params": [
      [
        -0.01969983596158363,
        6.159875073563293,
        3.2285895105135025,
        0.037541114713072435,
        1.9241723543641711,
        4.194424505913451,
        3.2231144894054444,
        -0.3769287718922389,
        -0.16113448139952602,
        1.9914479060319463,
        1.8954325604963937,
        2.7317217332644055,
        1.738394176064591,
        0.2810004664549505,
        2.9098936587259274,
        2.9658429662079486,
        3.5368445930132806,
        6.563523569265769,
        3.682387379320053,
        2.2243146511301948,
        2.835659103192743,
        0.6374464305508313,
        5.350097254694938,
        2.790712506745106,
        2.95795041820303,
        3.037340886782927,
        3.331789216245668,
        6.170583623025199,
        3.3822894542443573,
        5.138184175562567,
        3.1091769034535006,
        3.5198542785716413,
        6.151189551138716,
        1.9102991393222066,
        4.105402987661194,
        2.547455572644103,
        3.4737249149878284,
        4.7933018126228495,
        0.4606755924355581,
        1.2895516610617253,
        3.785954993231362,
        2.3161990707185938,
        0.5112035510653807,
        0.7157831927649102,
        4.248115088814648,
        3.5112787773082563,
        3.5361474738390157,
        1.7710044438362935
      ],
      [
        1.756668523022281,
        4.185609628988782,
        5.690191393994819,
        4.9432977677881915,
        4.311018453785099,
        3.0068685237660637,
        0.6573862764931105,
        1.4565313333171108,
        1.2604077985800022,
        0.19742003947530937,
        1.1717180272834355,
        5.545621622403056,
        4.055353407581531,
        1.8532763304284372,
        4.254464646963885,
        2.475803885729042,
        7.025810685933771,
        5.11493603058381,
        5.317233624782044,
        2.502863381285789,
        5.702956111678309,
        1.1770886599652797,
        2.1766220846763864,
        2.9221711542824873,
        2.417523053935829,
        1.7866503537510092,
        4.660360728912255,
        5.849493048782353,
        4.98657818739271,
        1.572686539997095,
        4.791417086982328,
        5.009043777685203,
        5.994379419580223,
        3.4699785714488662,
        0.8035011156296293,
        1.3139344083229598,
        1.786369641351154,
        3.370990825663674,
        5.714143518400426,
        4.710055595391548,
        1.0903057133408485,
        2.7272815817159377,
        2.428209509980035,
        1.7114133798288786,
        1.8015744031978058,
        2.979268142771519,
        5.948689801806914,
        3.1090189825861025,
        2.153986837477789,
        2.117498156099638,
        2.7241515014612125,
        3.5863095834684082,
        1.2846861957363516,
        0.4043962249794235,
        3.826040655171628,
        3.7673787182616487,
        0.9813639101787014,
        3.763378007565206,
        2.2457649779555733,
        3.3355673367944885,
        3.7886250092515037,
        2.0456722583051037,
        3.6884309968234157,
        1.7877853552544483,
        0.5388291441103117,
        1.4203563505753463,
        2.164453596910084,
        2.9895459803656013,
        0.24367133954237236,
        3.8855215889075905,
        0.42056000321618997,
        0.28772119376413896
      ],
      [
        1.8451422215036648,
        6.13994500323188,
        5.722617620544571,
        2.8048398589728,
        2.324692645229893,
        1.4144518840813878,
        2.9463642078994767,
        4.524076475998378,
        6.20772048640151,
        2.4295274553097332,
        0.6482767035112558,
        4.894073049079223,
        3.6812579262071057,
        5.4018529146074385,
        4.020184402975131,
        2.2548059439124923,
        1.217795275906509,
        3.7974941849725243,
        0.7896696115356854,
        0.8215851414545102,
        1.5761778831200255,
        2.4794445806842265,
        1.6348206064264803,
        4.608906311936288,
        0.6682635932763649,
        3.305819326717322,
        4.701803901311941,
        2.6227191086056245,
        2.431955032988894,
        5.63701733013451,
        5.202335352433346,
        2.256618375368276,
        3.593745750664931,
        2.576587555056859,
        6.646218614562971,
        3.852642858496234,
        5.09723935992005,
        4.524763993054768,
        0.8957350495110704,
        3.0124873459442116,
        4.254367584420667,
        1.254110030653806,
        4.279047236194208,
        5.698434017005543,
        3.7346368777535783,
        6.178203344057328,
        3.1169838596862083,
        1.3880914588294546,
        3.5453662699996853,
        4.953654813929365,
        3.863456313735629,
        4.526236274854,
        5.664990052685529,
        2.078231868213563,
        1.9714525730284789,
        0.0991861177461367,
        4.227865598874981,
        2.7234204976735787,
        6.1425252323371335,
        5.468840350862489,
        2.525024478158549,
        1.7733337080829836,
        3.7075815929236273,
        2.68918290365261,
        1.3333117575172095,
        5.796655389898188,
        4.614864505842365,
        2.162994747851349,
        6.110216896316716,
        1.1718426936483186,
        5.41339107732029,
        1.3442434701416968,
        5.833562165929278,
        5.020889641981665,
        5.762283816588064,
        3.014645698894078,
        3.3409050217793523,
        3.3960554473855056,
        2.603381080569781,
        2.4156470303718676,
        4.2310742522062545,
        3.2723794704340583,
        5.898622536622314,
        2.524120322338944,
        5.824067652880405,
        0.5547283875530811,
        4.546925301414535,
        0.3972762076783052,
        0.782861573794453,
        6.114418613562971,
        4.286511073538891,
        6.227045378853531,
        3.476321282581714,
        4.760743103930513,
        0.02226906612275334,
        0.731925470639191,
        5.541015231345481,
        5.9600306612337555,
        3.3142362274717874,
        5.963230338261002,
        4.191018464400739,
        2.2049050508361723,
        5.103271685237869,
        4.824214289887646,
        3.789152846030581,
        1.2103946783442499,
        1.6447869898277112,
        5.942000377901412
      ]
    ],
    "vqe2_time": [
      44.39615535736084,
      65.71087670326233,
      107.30241799354553
    ],
    "solution_vector": [
      0,
      0,
      0,
      0,
      0,
      0,
      1,
      1,
      1,
      1,
      1,
      1
    ],
    "solution_min_energy": -4390.742454011111,
    "solution_time": 0.021953821182250977,
    "matrix_size": 12,
    "qubo_matrix": [
      [
        -270.08170207886707,
        8.572419186651409,
        17.144838373302818,
        34.289676746605636,
        68.57935349321127,
        4.2862095933257045,
        4.286209161016528,
        8.572418322033055,
        17.14483664406611,
        34.28967328813222,
        68.57934657626444,
        4.286209161016528
      ],
      [
        8.572419186651409,
        -531.5909849710827,
        34.289676746605636,
        68.57935349321127,
        137.15870698642254,
        8.572419186651409,
        8.572418322033055,
        17.14483664406611,
        34.28967328813222,
        68.57934657626444,
        137.15869315252888,
        8.572418322033055
      ],
      [
        17.144838373302818,
        34.289676746605636,
        -1028.8922931955597,
        137.15870698642254,
        274.3174139728451,
        17.144838373302818,
        17.14483664406611,
        34.28967328813222,
        68.57934657626444,
        137.15869315252888,
        274.31738630505777,
        17.14483664406611
      ],
      [
        34.289676746605636,
        68.57935349321127,
        137.15870698642254,
        -1920.625879404697,
        548.6348279456902,
        34.289676746605636,
        34.28967328813222,
        68.57934657626444,
        137.15869315252888,
        274.31738630505777,
        548.6347726101155,
        34.28967328813222
      ],
      [
        68.57935349321127,
        137.15870698642254,
        274.3174139728451,
        548.6348279456902,
        -3292.6169308637036,
        68.57935349321127,
        68.57934657626444,
        137.15869315252888,
        274.31738630505777,
        548.6347726101155,
        1097.269545220231,
        68.57934657626444
      ],
      [
        4.2862095933257045,
        8.572419186651409,
        17.144838373302818,
        34.289676746605636,
        68.57935349321127,
        -270.08170207886707,
        4.286209161016528,
        8.572418322033055,
        17.14483664406611,
        34.28967328813222,
        68.57934657626444,
        4.286209161016528
      ],
      [
        4.286209161016528,
        8.572418322033055,
        17.14483664406611,
        34.28967328813222,
        68.57934657626444,
        4.286209161016528,
        -270.083245862259,
        8.572422204800759,
        17.144844409601518,
        34.289688819203036,
        68.57937763840607,
        4.2862111024003795
      ],
      [
        8.572418322033055,
        17.14483664406611,
        34.28967328813222,
        68.57934657626444,
        137.15869315252888,
        8.572418322033055,
        8.572422204800759,
        -531.5940695197172,
        34.289688819203036,
        68.57937763840607,
        137.15875527681214,
        8.572422204800759
      ],
      [
        17.14483664406611,
        34.28967328813222,
        68.57934657626444,
        137.15869315252888,
        274.31738630505777,
        17.14483664406611,
        17.144844409601518,
        34.289688819203036,
        -1028.8984502202316,
        137.15875527681214,
        274.3175105536243,
        17.144844409601518
      ],
      [
        34.28967328813222,
        68.57934657626444,
        137.15869315252888,
        274.31738630505777,
        548.6347726101155,
        34.28967328813222,
        34.289688819203036,
        68.57937763840607,
        137.15875527681214,
        -1920.6381451636507,
        548.6350211072486,
        34.289688819203036
      ],
      [
        68.57934657626444,
        137.15869315252888,
        274.31738630505777,
        548.6347726101155,
        1097.269545220231,
        68.57934657626444,
        68.57937763840607,
        137.15875527681214,
        274.3175105536243,
        548.6350211072486,
        -3292.641269220053,
        68.57937763840607
      ],
      [
        4.286209161016528,
        8.572418322033055,
        17.14483664406611,
        34.28967328813222,
        68.57934657626444,
        4.286209161016528,
        4.2862111024003795,
        8.572422204800759,
        17.144844409601518,
        34.289688819203036,
        68.57937763840607,
        -270.083245862259
      ]
    ],
    "ansatze": [
      "twolocal",
      "alternating_ry_rz",
      "random_circuit"
    ],
    "histories_energy": [
      [
        [
          -3800.3708263747017,
          -3707.981656485357,
          -3633.063913527676,
          -3859.9487808131075,
          -3833.321434690684,
          -3828.133268862459,
          -3842.9549691399634,
          -3857.2886382040538,
          -3544.8126007357064,
          -3812.027463099645,
          -3805.5868467145065,
          -3779.384390424765,
          -3798.7467146107074,
          -3832.931305456354,
          -3648.7203522702907,
          -3785.249420619521,
          -3852.909715437952,
          -3830.8048735507305,
          -3797.8215461366976,
          -3825.1670161889424,
          -3809.0151662554636,
          -3882.0409990608277,
          -3786.4338337869203,
          -3823.2543804048564,
          -3836.5103588851966,
          -3825.7038667755073,
          -3950.908147032249,
          -3910.4227572016803,
          -3975.418066564697,
          -3992.7389838032495,
          -4016.531462141884,
          -3988.8548230560323,
          -3911.751873760293,
          -4032.25664474347,
          -4027.5368211743285,
          -4022.074148526356,
          -4046.5560753056197,
          -4043.2221042553483,
          -4063.860681717793,
          -4024.8326045638023,
          -4002.143848457584,
          -4036.8024930562024,
          -4033.262707182466,
          -4052.6534535075443,
          -3983.204770689441,
          -4026.7379226423072,
          -4033.9202390143582,
          -4030.2895007606335,
          -4022.6260447556697,
          -4125.001647541427,
          -4092.608935124411,
          -4121.173751739412,
          -3971.784318800577,
          -4105.298873880873,
          -4116.298570990887,
          -4151.775209232093,
          -4152.976597047005,
          -4099.512265580892,
          -4158.617364904534,
          -4141.927990984394,
          -4147.150276807445,
          -4155.01308188214,
          -4093.8098537791416,
          -4151.855758949365,
          -4150.42876834991,
          -4142.693518577443,
          -4102.333244978039,
          -4153.869140283505,
          -4153.730799222834,
          -4172.918541135749,
          -4143.084587688319,
          -4160.321635631202,
          -4134.512736650544,
          -4170.698450845958,
          -4140.86091118593,
          -4158.512105693158,
          -4125.192925268612,
          -4159.533947416276,
          -4102.20355034039,
          -4167.517822344989,
          -4070.99752754899,
          -4161.639833956901,
          -4155.04292445863,
          -4126.791240475366,
          -4148.726305831538,
          -4146.127001536844,
          -4161.867459953407,
          -4157.800790989682,
          -4153.3285375254045,
          -4164.978546113066,
          -4149.96341326113,
          -4174.138211998875,
          -4158.790493744141,
          -4177.80741802057,
          -4176.7344016750185,
          -4156.067470349876,
          -4155.60712126742,
          -4164.848075746684,
          -4060.676490548372,
          -4166.608413857587,
          -4162.715243053623,
          -4188.727874432397,
          -4227.497539969776,
          -4212.212692639769,
          -4156.065178791161,
          -4223.252732701299,
          -4229.926890718568,
          -4217.643229979639,
          -4161.756049659597,
          -4209.964805482208,
          -4142.277610163128,
          -4238.622207085272,
          -4252.368701461739,
          -4239.3783265469465,
          -4230.504636465053,
          -4229.681048321369,
          -4110.982976180957,
          -4246.137792052626,
          -4262.811186872191,
          -4260.038036445174
        ]
      ],
      [
        [
          -3776.5815876129195,
          -3769.5392005076123,
          -3912.663885462329,
          -3840.370020478397,
          -3909.8301775106,
          -3870.8328948351273,
          -3910.9435816676787,
          -3908.725243507384,
          -3915.338962983519,
          -3935.2867592326697,
          -3903.406289953479,
          -3915.1704872603327,
          -3943.879754475698,
          -3929.490362869907,
          -3474.0508392894785,
          -3905.309020790138,
          -3974.486818687928,
          -3984.4129162629038,
          -3988.81395242659,
          -3988.004594973591,
          -3760.8173892816535,
          -3974.4597804590057,
          -3983.5719279583186,
          -4006.2517724245913,
          -4018.7702709928517,
          -3973.374970491788,
          -3906.4335841964285,
          -3969.5506825376638,
          -3985.62827286665,
          -3983.5632868474336,
          -3994.444679211351,
          -4006.046103792918,
          -3931.228502200195,
          -3966.2103388271635,
          -3989.7163295227747,
          -3938.6713067431565,
          -3993.8978731338866,
          -4018.98697190024,
          -4010.914348564853,
          -4009.850184775077,
          -4036.9957420543406,
          -3959.138202684879,
          -3991.7603376352467,
          -4000.603347946748,
          -3978.9110515658417,
          -4014.619005533979,
          -3998.7847266325634,
          -3971.8401706256836,
          -4003.2066873901313,
          -4008.207816144849,
          -3990.923689423981,
          -3993.3781733779397,
          -3999.483293638403,
          -4001.1644736033427,
          -4001.5739942369505,
          -4013.9925313581107,
          -4016.9085561967977,
          -4033.424017109446,
          -3986.564183235028,
          -4002.046817071286,
          -3981.4722710700453,
          -3996.208353089692,
          -3983.5167317135038,
