[
  {
    "vqe2_energy": [
      -5609.092308900057,
      -5614.643323903931,
      -5527.2294776614635
    ],
    "vqe2_vector": [
      [
        1,
        1,
        1,
        1,
        0,
        1,
        1,
        1,
        1,
        1,
        0,
        0
      ],
      [
        1,
        1,
        1,
        0,
        0,
        0,
        1,
        0,
        0,
        1,
        1,
        0
      ],
      [
        0,
        0,
        0,
        0,
        1,
        0,
        0,
        0,
        1,
        0,
        1,
        0
      ]
    ],
    "vqe2_min_error": [
      0.09886438029009792,
      2.365377316237982e-06,
      1.5568881309072302
    ],
    "vqe2_params": [
      [
        1.3676138036265642,
        -0.32689804389019794,
        3.340895574636181,
        2.493961533116485,
        2.622889320779557,
        2.8217616706664117,
        6.616260180171513,
        3.678647220113965,
        3.7067539170319845,
        3.0089497647927437,
        3.4024974783939244,
        1.3883675248552336,
        2.403904250069497,
        3.5858871280921787,
        2.2211986662061305,
        6.063138123767995,
        5.82572550297934,
        1.3138907126513013,
        -0.0024691642310364346,
        2.5671149086461797,
        6.2629163034691295,
        1.804041171400244,
        3.334046604384743,
        4.504230442258283,
        6.313008369443137,
        0.15775393071861915,
        5.977545424583693,
        1.015811412880384,
        0.3148934284749313,
        0.7282449492228972,
        2.137165887964131,
        2.5202967308643687,
        5.551233256199514,
        0.9731141333013293,
        0.9827675645549762,
        1.3749505584213257,
        3.3333089558149487,
        0.9090131146386502,
        4.485646814192313,
        4.797467290763168,
        4.290725586725714,
        1.3889854551760963,
        2.4844437952097405,
        3.933784696417262,
        3.618382380665383,
        5.886100192926448,
        3.8946840151526665,
        4.793235166903639
      ],
      [
        5.809075375255405,
        5.559778416865166,
        0.8216067349068181,
        1.583417782633144,
        5.764612691832394,
        5.343670386229061,
        2.9902499667221734,
        5.041695681757496,
        4.7936744405005145,
        6.306086328282553,
        7.083109859112677,
        5.296589085548627,
        0.25652807830551266,
        1.3573840807343998,
        5.7753163905414455,
        7.037025033281904,
        0.9531460238008118,
        1.0775665693115566,
        0.5041784627570913,
        4.690034167042623,
        5.121919553005913,
        5.899966632311546,
        6.568239415493526,
        2.2664025496350897,
        1.2464300879448198,
        4.324805682805492,
        3.0829425135637747,
        1.4665550206455358,
        0.1855210337689346,
        3.6147307840990233,
        1.9338742074644604,
        4.218270372087039,
        4.525987531577412,
        3.0536789295744384,
        4.063803789773766,
        5.413797966245846,
        0.6692332592850739,
        5.053881033678502,
        0.18511150487826444,
        0.9069581641516795,
        2.5643398951232745,
        3.817485055431841,
        1.078744931073518,
        5.1187906649259824,
        5.256676756818801,
        0.5976217694042031,
        4.150805259665154,
        0.7066896922388259,
        6.002790179335994,
        0.6109085960132644,
        1.8889770793580158,
        0.795316585469631,
        4.343018945192676,
        5.480630415119566,
        0.4907649457735006,
        1.2726391026798944,
        3.010539569121534,
        4.693215386124441,
        3.700979930448594,
        1.3744422654000084,
        0.9508718283017608,
        2.1516970942541835,
        4.285125928060324,
        3.388132524369053,
        2.7472235759178414,
        5.077957991685997,
        5.6385177772164266,
        5.512242971631864,
        3.0593069636433556,
        4.676687735507656,
        3.3539648112314016,
        0.01680750381706475
      ],
      [
        6.527193058492915,
        6.241731758936211,
        5.034791333957749,
        7.108529510746059,
        2.5612048426267604,
        2.505684357649128,
        3.356407775677203,
        4.739192155624145,
        1.1931112135153623,
        6.485827038100537,
        2.178811216425407,
        1.3029016003160578,
        0.5611014685640068,
        1.8612226326624648,
        5.0371600860572485,
        1.0909269386579887,
        2.6876173790994997,
        0.5498262313628456,
        6.247621092420254,
        1.5320277136507727,
        6.054589120114752,
        3.948546996477211,
        5.134589341137202,
        6.242552904189399,
        1.192892858542408,
        1.0564175878551074,
        2.826419007074707,
        0.7654564162135968,
        5.414365882032533,
        4.999191254553735,
        3.732028172200592,
        3.960927140406103,
        3.082676192140291,
        2.718512603980453,
        2.4012048116177507,
        3.8676937821294737,
        1.0437199043659569,
        3.961500557956295,
        4.6166032386108204,
        2.460584960497898,
        2.6227570819891644,
        3.487173821121349,
        4.418317038016629,
        4.881275832599881,
        5.719405368381732,
        3.704031719247041,
        3.0112985692687655,
        4.554022605486998,
        1.5001605529754785,
        1.2499215056320192,
        5.624752857043509,
        3.293942380918477,
        5.360522891302936,
        1.4814897088863428,
        4.864309414220025,
        5.06758457212729,
        5.188009993786684,
        2.033674682564317,
        2.0537531463892384,
        5.633826084431126,
        3.2817616566206524,
        3.0264645174575464,
        0.06417308596133808,
        0.8795108176637951,
        1.1328060347577447,
        1.8259069398922878,
        1.2670153512169529,
        1.25072427287848,
        3.4937004137221637,
        2.544242519745981,
        1.074387399704626,
        3.2229867683036946,
        2.8290167861235846,
        3.462069472697422,
        0.0865098795236884,
        5.832726997493195,
        1.6928685354769735,
        3.272313068844818,
        5.416847114181292,
        5.516361125527412,
        2.513355189295621,
        2.7379244833028413,
        2.9283636838891427,
        0.38412350446286325,
        3.003913997852805,
        5.451270724025449,
        3.3261302357525273,
        6.071241906030659,
        2.3554529321481286,
        1.8168697751678977,
        1.2272135644226285,
        0.42136372505144204,
        6.057563830124862,
        2.290563683097831,
        2.9396722304445273,
        4.753145117831357,
        2.8452536947768476,
        4.594733892775306,
        5.941131246271845,
        3.3834488093878927,
        6.167341889313187,
        5.708385406779009,
        1.992711512394557,
        1.973885864471011,
        4.526619458381835,
        5.196508557943824,
        2.792321378585577,
        5.473903126073469
      ]
    ],
    "vqe2_time": [
      22.43180251121521,
      19.386122465133667,
      47.93741703033447
    ],
    "solution_vector": [
      0,
      0,
      0,
      0,
      1,
      0,
      1,
      1,
      1,
      1,
      0,
      1
    ],
    "solution_min_energy": -5614.643191096435,
    "solution_time": 0.021340370178222656,
    "matrix_size": 12,
    "qubo_matrix": [
      [
        -345.3643170207887,
        10.961724191866516,
        21.92344838373303,
        43.84689676746606,
        87.69379353493213,
        5.480862095933258,
        5.480862091610166,
        10.961724183220332,
        21.923448366440663,
        43.846896732881326,
        87.69379346576265,
        5.480862091610166
      ],
      [
        10.961724191866516,
        -679.7669098497109,
        43.84689676746606,
        87.69379353493213,
        175.38758706986425,
        10.961724191866516,
        10.961724183220332,
        21.923448366440663,
        43.846896732881326,
        87.69379346576265,
        175.3875869315253,
        10.961724183220332
      ],
      [
        21.92344838373303,
        43.84689676746606,
        -1315.6869229319557,
        175.38758706986425,
        350.7751741397285,
        21.92344838373303,
        21.923448366440663,
        43.846896732881326,
        87.69379346576265,
        175.3875869315253,
        350.7751738630506,
        21.923448366440663
      ],
      [
        43.84689676746606,
        87.69379353493213,
        175.38758706986425,
        -2455.986258794047,
        701.550348279457,
        43.84689676746606,
        43.846896732881326,
        87.69379346576265,
        175.3875869315253,
        350.7751738630506,
        701.5503477261012,
        43.846896732881326
      ],
      [
        87.69379353493213,
        175.38758706986425,
        350.7751741397285,
        701.550348279457,
        -4210.422169308637,
        87.69379353493213,
        87.69379346576265,
        175.3875869315253,
        350.7751738630506,
        701.5503477261012,
        1403.1006954522024,
        87.69379346576265
      ],
      [
        5.480862095933258,
        10.961724191866516,
        21.92344838373303,
        43.84689676746606,
        87.69379353493213,
        -345.3643170207887,
        5.480862091610166,
        10.961724183220332,
        21.923448366440663,
        43.846896732881326,
        87.69379346576265,
        5.480862091610166
      ],
      [
        5.480862091610166,
        10.961724183220332,
        21.923448366440663,
        43.846896732881326,
        87.69379346576265,
        5.480862091610166,
        -345.36433245862264,
        10.961724222048009,
        21.923448444096017,
        43.846896888192035,
        87.69379377638407,
        5.480862111024004
      ],
      [
        10.961724183220332,
        21.923448366440663,
        43.846896732881326,
        87.69379346576265,
        175.3875869315253,
        10.961724183220332,
        10.961724222048009,
        -679.7669406951973,
        43.846896888192035,
        87.69379377638407,
        175.38758755276814,
        10.961724222048009
      ],
      [
        21.923448366440663,
        43.846896732881326,
        87.69379346576265,
        175.3875869315253,
        350.7751738630506,
        21.923448366440663,
        21.923448444096017,
        43.846896888192035,
        -1315.6869845022024,
        175.38758755276814,
        350.7751751055363,
        21.923448444096017
      ],
      [
        43.846896732881326,
        87.69379346576265,
        175.3875869315253,
        350.7751738630506,
        701.5503477261012,
        43.846896732881326,
        43.846896888192035,
        87.69379377638407,
        175.38758755276814,
        -2455.986381451637,
        701.5503502110726,
        43.846896888192035
      ],
      [
        87.69379346576265,
        175.3875869315253,
        350.7751738630506,
        701.5503477261012,
        1403.1006954522024,
        87.69379346576265,
        87.69379377638407,
        175.38758755276814,
        350.7751751055363,
        701.5503502110726,
        -4210.422412692202,
        87.69379377638407
      ],
      [
        5.480862091610166,
        10.961724183220332,
        21.923448366440663,
        43.846896732881326,
        87.69379346576265,
        5.480862091610166,
        5.480862111024004,
        10.961724222048009,
        21.923448444096017,
        43.846896888192035,
        87.69379377638407,
        -345.36433245862264
      ]
    ],
    "ansatze": [
      "twolocal",
      "alternating_ry_rz",
      "random_circuit"
    ]
  },
  {
    "vqe2_energy": [
      -4212.662666178467,
      -5592.579626649827,
      -5565.105431807382
    ],
    "vqe2_vector": [
      [
        1,
        0,
        0,
        1,
        1,
        1,
        0,
        1,
        1,
        0,
        1,
        0
      ],
      [
        0,
        0,
        1,
        0,
        1,
        1,
        1,
        0,
        0,
        1,
        0,
        0
      ],
      [
        0,
        0,
        1,
        1,
        0,
        0,
        1,
        0,
        0,
        0,
        1,
        0
      ]
    ],
    "vqe2_min_error": [
      24.970073381353863,
      0.39296467639466925,
      0.8822957684578858
    ],
    "vqe2_params": [
      [
        3.2652321347895352,
        5.22530381967478,
        4.044808422894803,
        5.965323960763977,
        2.3673593463829143,
        0.8516045626919315,
        2.218322937346836,
        0.584289176221114,
        2.9837179494079,
        2.723913384615784,
        0.31291998829023376,
        3.386219634955699,
        3.2301105764763127,
        4.713368117785316,
        4.654969062139694,
        0.09807264438698768,
        5.0822559299109615,
        2.4898778078003145,
        5.6762635043850596,
        1.4558155814191676,
        1.5270936183331905,
        2.688883111102401,
        4.795707842070228,
        1.564464793834023,
        2.121647424032918,
        1.2402225570545888,
        2.125659678903733,
        3.391999653424182,
        5.068531635261147,
        0.07678111258499462,
        1.4889529599568085,
        1.6293186672946767,
        6.036765962338462,
        3.173651155497366,
        0.24812352798048026,
        6.51195443635346,
        4.985451020727402,
        2.634752585648129,
        1.4912178872190698,
        3.0073730844720026,
        6.172329032005959,
        5.108228037024587,
        0.2743907882951994,
        2.5010452861712564,
        6.250857336180228,
        5.414639556587132,
        1.1752178408625924,
        0.08576982439097419
      ],
      [
        1.0538698683112293,
        6.42916813806368,
        1.8099455351376725,
        5.070185203594342,
        3.6628142761550984,
        2.905225066667875,
        1.448179812285491,
        5.907092989939015,
        2.0344611580793823,
        6.809825961694114,
        6.813388210412168,
        6.054881031860511,
        0.7196040246106317,
        2.807977505442459,
        4.513685089486035,
        4.57109908162284,
        3.490163135849962,
        3.201095012617398,
        -0.18452573767915093,
        2.869042072128735,
        3.6841439577007637,
        6.480219608461367,
        1.344771184070045,
        3.7192976305662353,
        1.9960214020703269,
        2.7393660798681854,
        1.2716200952069878,
        1.8138009224411757,
        6.890604456728109,
        4.667566565509948,
        4.735044126776332,
        6.2003425377678125,
        2.2241339492195356,
        4.266918019532437,
        2.893759721170748,
        4.051994554693254,
        3.0643214962184464,
        0.4159679967294946,
        2.6019691674093557,
        2.6615391632549135,
        0.07721329232349772,
        4.765345961335062,
        3.277965333824211,
        2.282688191341994,
        4.914671143633829,
        1.963893394502664,
        0.6576247263616498,
        5.679478312238325,
        2.524145521078708,
        4.461973221197279,
        2.1075768914415525,
        5.539636921724583,
        4.990440232540382,
        0.9790002570148723,
        3.150633129352599,
        0.2951009797784831,
        2.8633390045046707,
        4.745776094472209,
        3.343572047120195,
        2.14584187920065,
        1.676246733671034,
        2.0439854117117227,
        0.8233026781488472,
        4.9354927155196515,
        6.045410552741495,
        2.6978896082187243,
        2.8322767700381117,
        5.670904400167953,
        1.2193060210597184,
        5.446848420038978,
        0.5931104284645854,
        0.7906609398795412
      ],
      [
        4.199529562567703,
        1.6165270197638153,
        0.9595389710648058,
        4.0767696316327084,
        6.2237107612089355,
        1.7058447072495158,
        6.122499997781008,
        3.518539538196147,
        2.2111189122945967,
        5.521284125368428,
        0.7904178757203504,
        4.554404114946979,
        3.6079726462836965,
        3.5593984551254776,
        1.750789179601522,
        4.282517033563893,
        3.9434336333748,
        5.850346980534181,
        4.875559746805756,
        4.668417530342371,
        3.046126343737755,
        4.407211111643181,
        4.113506453931925,
        3.6188828312106214,
        3.817159080940894,
        5.464504034571715,
        -0.051163003181562465,
        6.055028040087887,
        2.9628191958392778,
        1.9319053774529926,
        3.9052841443386925,
        6.394176400071671,
        0.4249332984954942,
        3.456460702542265,
        2.368613551565639,
        4.405070536248201,
        5.290592322701245,
        5.133983550809687,
        2.182709350768831,
        7.258332090157532,
        5.620478836895961,
        1.7322540434954001,
        2.5392831099942126,
        3.4502704821839623,
        0.5106046319936344,
        0.03917898985746511,
        0.9270824686596132,
        4.37002125293507,
        4.615066085218257,
        1.970099771821146,
        1.9174666190091696,
        1.4912549641275017,
        0.19353559197816003,
        2.986375736064609,
        4.8941124315550235,
        3.4551710949746477,
        0.3111868737564299,
        4.351206423334038,
        3.450396186984734,
        3.089609430031262,
        4.853330006610329,
        6.091385046202123,
        2.693622685442296,
        5.4599238570874835,
        4.827293209828634,
        3.754044424097155,
        4.940781590216533,
        1.4249515552496004,
        4.58626335467231,
        4.989946979215915,
        3.5487476851377973,
        4.56966027201522,
        4.924049765394288,
        0.791421276914954,
        2.1212781222448984,
        4.566344667054302,
        2.8343150995692694,
        4.603464347285123,
        2.795154476805506,
        3.201337436545326,
        4.83065112835323,
        2.736719315699724,
        3.6614717209093097,
        0.9662640222553555,
        2.7505706176941898,
        2.255905398184597,
        4.473703211698809,
        0.9470406848707266,
        6.241715210913991,
        2.4617147395227166,
        1.6831909738031816,
        2.2700307374603392,
        0.5628151132767005,
        3.315469041349206,
        0.29741659530431286,
        3.6241510029086776,
        0.5421519750129719,
        1.538183536243532,
        1.0301023520228225,
        3.0672136956332294,
        3.760604435799491,
        0.4455344913529716,
        -0.005121323395652869,
        3.6487621143987097,
        2.606304674457236,
        3.2117323424457047,
        0.4375974473787546,
        5.465006326982588
      ]
    ],
    "vqe2_time": [
      18.120403289794922,
      17.6269109249115,
      50.83919930458069
    ],
    "solution_vector": [
      0,
      0,
      0,
      0,
      1,
      0,
      1,
      1,
      1,
      1,
      0,
      1
    ],
    "solution_min_energy": -5614.643191096435,
    "solution_time": 0.02135014533996582,
    "matrix_size": 12,
    "qubo_matrix": [
      [
        -345.3643170207887,
        10.961724191866516,
        21.92344838373303,
        43.84689676746606,
        87.69379353493213,
        5.480862095933258,
        5.480862091610166,
        10.961724183220332,
        21.923448366440663,
        43.846896732881326,
        87.69379346576265,
        5.480862091610166
      ],
      [
        10.961724191866516,
        -679.7669098497109,
        43.84689676746606,
        87.69379353493213,
        175.38758706986425,
        10.961724191866516,
        10.961724183220332,
        21.923448366440663,
        43.846896732881326,
        87.69379346576265,
        175.3875869315253,
        10.961724183220332
      ],
      [
        21.92344838373303,
        43.84689676746606,
        -1315.6869229319557,
        175.38758706986425,
        350.7751741397285,
        21.92344838373303,
        21.923448366440663,
        43.846896732881326,
        87.69379346576265,
        175.3875869315253,
        350.7751738630506,
        21.923448366440663
      ],
      [
        43.84689676746606,
        87.69379353493213,
        175.38758706986425,
        -2455.986258794047,
        701.550348279457,
        43.84689676746606,
        43.846896732881326,
        87.69379346576265,
        175.3875869315253,
        350.7751738630506,
        701.5503477261012,
        43.846896732881326
      ],
      [
        87.69379353493213,
        175.38758706986425,
        350.7751741397285,
        701.550348279457,
        -4210.422169308637,
        87.69379353493213,
        87.69379346576265,
        175.3875869315253,
        350.7751738630506,
        701.5503477261012,
        1403.1006954522024,
        87.69379346576265
      ],
      [
        5.480862095933258,
        10.961724191866516,
        21.92344838373303,
        43.84689676746606,
        87.69379353493213,
        -345.3643170207887,
        5.480862091610166,
        10.961724183220332,
        21.923448366440663,
        43.846896732881326,
        87.69379346576265,
        5.480862091610166
      ],
      [
        5.480862091610166,
        10.961724183220332,
        21.923448366440663,
        43.846896732881326,
        87.69379346576265,
        5.480862091610166,
        -345.36433245862264,
        10.961724222048009,
        21.923448444096017,
        43.846896888192035,
        87.69379377638407,
        5.480862111024004
      ],
      [
        10.961724183220332,
        21.923448366440663,
        43.846896732881326,
        87.69379346576265,
        175.3875869315253,
        10.961724183220332,
        10.961724222048009,
        -679.7669406951973,
        43.846896888192035,
        87.69379377638407,
        175.38758755276814,
        10.961724222048009
      ],
      [
        21.923448366440663,
        43.846896732881326,
        87.69379346576265,
        175.3875869315253,
        350.7751738630506,
        21.923448366440663,
        21.923448444096017,
        43.846896888192035,
        -1315.6869845022024,
        175.38758755276814,
        350.7751751055363,
        21.923448444096017
      ],
      [
        43.846896732881326,
        87.69379346576265,
        175.3875869315253,
        350.7751738630506,
        701.5503477261012,
        43.846896732881326,
        43.846896888192035,
        87.69379377638407,
        175.38758755276814,
        -2455.986381451637,
        701.5503502110726,
        43.846896888192035
      ],
      [
        87.69379346576265,
        175.3875869315253,
        350.7751738630506,
        701.5503477261012,
        1403.1006954522024,
        87.69379346576265,
        87.69379377638407,
        175.38758755276814,
        350.7751751055363,
        701.5503502110726,
        -4210.422412692202,
        87.69379377638407
      ],
      [
        5.480862091610166,
        10.961724183220332,
        21.923448366440663,
        43.846896732881326,
        87.69379346576265,
        5.480862091610166,
        5.480862111024004,
        10.961724222048009,
        21.923448444096017,
        43.846896888192035,
        87.69379377638407,
        -345.36433245862264
      ]
    ],
    "ansatze": [
      "twolocal",
      "alternating_ry_rz",
      "random_circuit"
    ]
  }
]