[
  {
    "vqe2_energy": [
      -115.22876548927579,
      -115.12477547321993,
      -115.22876548927577
    ],
    "vqe2_vector": [
      [
        0,
        0,
        1,
        0,
        1,
        0,
        1,
        0
      ],
      [
        0,
        0,
        1,
        0,
        1,
        1,
        0,
        0
      ],
      [
        1,
        1,
        0,
        1,
        1,
        0,
        1,
        0
      ]
    ],
    "vqe2_min_error": [
      1.5174435220561833,
      1.6063206577772604,
      1.5174435220561944
    ],
    "vqe2_params": [
      [
        1.9373748808635556,
        5.699695732942301,
        7.556028110304181,
        3.865436437032266,
        3.905505079823931,
        3.83591126711625,
        2.894735606495505,
        5.886582428679156,
        5.436773015704512,
        5.090187933939141,
        3.7977666157597896,
        2.525805862458436,
        1.3428332850373017,
        4.008571247609486,
        3.5293672822101807,
        3.8176611696939013,
        5.5447375319472085,
        3.6153962636956507,
        4.821814739413785,
        5.882262931770865,
        3.304622119738314,
        6.979030550579676,
        3.3130473137231,
        5.985562868720319,
        3.5661266190814036,
        1.128493528922799,
        4.5983671393208745,
        4.719203711169659,
        1.283039396613162,
        4.920830063058545,
        0.600783250118268,
        2.2206692012400104
      ],
      [
        3.0488046605199535,
        3.2611073272273328,
        4.355995719072942,
        4.365456106650139,
        6.698713497984112,
        6.9779711182879804,
        6.070806415725811,
        1.41298009903927,
        5.345614138137922,
        2.4260186990699615,
        1.793631028577878,
        2.6337000107316504,
        3.551388979059385,
        6.022624962778122,
        6.040677654027553,
        1.4050667130269985,
        2.9916897512823493,
        0.4329369719402564,
        5.247871746256833,
        5.037180692698473,
        1.9697487050703062,
        3.4865097126976208,
        5.918399150002617,
        4.948024829293661,
        4.4252671635802345,
        2.222096068372438,
        2.2108353842428885,
        4.535515596112029,
        5.7204559943511715,
        2.86733987378388,
        5.335018082567173,
        2.35917239313273,
        1.1866506013873195,
        1.2181523335816409,
        5.588592983114097,
        0.2505434197937803,
        1.912401319869533,
        5.53049228751503,
        3.984112702737831,
        1.0411693074760429,
        6.083618291553207,
        1.0980755901460988,
        1.0034879528817322,
        5.71193710767488,
        1.4883874680441251,
        4.768494758727053,
        5.577824246343313,
        3.956805153526045
      ],
      [
        3.709596018910339,
        4.348233469635172,
        3.5713951530083756,
        3.179056265366537,
        4.780972991045848,
        4.286440566638756,
        5.8622850731870475,
        5.125888032998709,
        0.19191474869670636,
        3.8085002827517944,
        0.7703506278175485,
        0.8707603788543672,
        0.9659023699638576,
        2.5371342310681664,
        1.3637506750221342,
        2.2896989675637416,
        0.2111186876415983,
        2.2718386363291585,
        0.4472444304788389,
        4.678422522618466,
        6.024167613586438,
        6.139378756914138,
        4.564270806811191,
        2.105534740565253,
        4.900917871596612,
        4.905403897656848,
        4.415643900087128,
        6.259759382356556,
        5.45478905348577,
        5.227082536121456,
        1.4184625813145826,
        5.037693659562718,
        0.3776578769089982,
        0.5626288734831695,
        6.131463027446831,
        5.311268136858238,
        2.2113782489512257,
        2.9656104638672875,
        6.202223513987738,
        2.695841147521058,
        6.051463870908215,
        3.6152193449167087,
        5.278738866657469,
        2.1144204970941094,
        0.8588575555745985,
        1.5142930752490158,
        0.5440235326535494,
        4.109231636657247,
        0.8762422240621196,
        4.495872446065537,
        3.0836094616758634,
        1.3261759506933624,
        3.0107684788172087,
        2.362713450140385,
        3.3937469822089987,
        3.566020014403433,
        5.723257241997612,
        3.418477936083584,
        0.550013808300532,
        0.576064804366161,
        1.0352259120109686,
        2.8343679105165656,
        4.0009632970991325,
        0.25369982863556,
        2.466044750902765,
        0.3529765105228074,
        1.7202056471365377,
        4.226254256828316,
        1.1082340683609173,
        4.306863824917702,
        4.833765325542589,
        3.7465526002829863
      ]
    ],
    "vqe2_time": [
      4.128461837768555,
      4.6767377853393555,
      6.597832918167114
    ],
    "solution_vector": [
      0,
      0,
      0,
      0,
      1,
      1,
      1,
      1
    ],
    "solution_min_energy": -117.00423873042172,
    "solution_time": 0.021553993225097656,
    "matrix_size": 8,
    "qubo_matrix": [
      [
        -27.375900002007363,
        3.6433878584867996,
        7.286775716973599,
        1.8216939292433998,
        1.8216918541593503,
        3.6433837083187006,
        7.286767416637401,
        1.8216918541593503
      ],
      [
        3.6433878584867996,
        -51.10841214552792,
        14.573551433947198,
        3.6433878584867996,
        3.6433837083187006,
        7.286767416637401,
        14.573534833274802,
        3.6433837083187006
      ],
      [
        7.286775716973599,
        14.573551433947198,
        -87.64327285710866,
        7.286775716973599,
        7.286767416637401,
        14.573534833274802,
        29.147069666549605,
        7.286767416637401
      ],
      [
        1.8216939292433998,
        3.6433878584867996,
        7.286775716973599,
        -27.375900002007363,
        1.8216918541593503,
        3.6433837083187006,
        7.286767416637401,
        1.8216918541593503
      ],
      [
        1.8216918541593503,
        3.6433837083187006,
        7.286767416637401,
        1.8216918541593503,
        -27.377438050915575,
        3.6434023456036746,
        7.286804691207349,
        1.8217011728018373
      ],
      [
        3.6433837083187006,
        7.286767416637401,
        14.573534833274802,
        3.6433837083187006,
        3.6434023456036746,
        -51.111473756227475,
        14.573609382414698,
        3.6434023456036746
      ],
      [
        7.286767416637401,
        14.573534833274802,
        29.147069666549605,
        7.286767416637401,
        7.286804691207349,
        14.573609382414698,
        -87.64933813004026,
        7.286804691207349
      ],
      [
        1.8216918541593503,
        3.6433837083187006,
        7.286767416637401,
        1.8216918541593503,
        1.8217011728018373,
        3.6434023456036746,
        7.286804691207349,
        -27.377438050915575
      ]
    ],
    "ansatze": [
      "twolocal",
      "alternating_ry_rz",
      "random_circuit"
    ],
    "histories_energy": [
      [
        [
          -99.17053682908357,
          -100.05047058389505,
          -101.68909299691411,
          -104.5929834024268,
          -101.65729013834624,
          -104.0623832266907,
          -102.34374056052383,
          -103.1415131920777,
          -104.900452818207,
          -104.67329293173563,
          -103.32555531651678,
          -105.04353176361496,
          -105.85111586979282,
          -105.42634954492856,
          -105.17579941276911,
          -104.46078277319567,
          -104.86183911240146,
          -104.03815994684244,
          -102.15894405949717,
          -104.00949175816807,
          -104.5059180727068,
          -104.80178036503716,
          -106.73818507658763,
          -105.70536151885472,
          -104.78701230251374,
          -105.74407172090298,
          -105.6949233481271,
          -105.18458756601663,
          -105.5753269891263,
          -105.83088712455194,
          -105.40120442037002,
          -105.5737025725978,
          -105.31113807572481,
          -105.22087683998697,
          -103.84683079331734,
          -105.00659036128278,
          -104.91653905969767,
          -104.09507189866906,
          -106.49642181439009,
          -104.40844978864381,
          -106.09490860921676,
          -105.07390095991884,
          -105.1798760341857,
          -105.63891413076583,
          -105.82586991955002,
          -105.36902062610223,
          -106.57522846469062,
          -104.88261737898863,
          -106.36335189482924,
          -106.1902688352294,
          -105.39159002198012,
          -105.91289194252523,
          -106.31578870263661,
          -105.37226620795803,
          -107.08272807322246,
          -106.83790622882908,
          -105.67593972859964,
          -105.75838503548769,
          -105.95051449553084,
          -106.79883500800717,
          -107.62682451324883,
          -106.62387369092156,
          -108.02171146600314,
          -107.83945193167929,
          -107.95888912408138,
          -107.68147121437792,
          -108.15527328994507,
          -107.60850438870617,
          -109.13871528196118,
          -109.03736907109574,
          -108.64093257015652,
          -108.47313770662115,
          -108.78344343711504,
          -108.97644391604877,
          -108.84367251897491,
          -108.13904583264832,
          -108.73461529806188,
          -108.09896812398325,
          -109.1631386181292,
          -109.24169065664438
        ]
      ],
      [
        [
          -84.00421404963059,
          -81.15393523595954,
          -79.69212678491256,
          -93.35308556970745,
          -95.71787000904094,
          -98.92660268759681,
          -100.2497412761555,
          -100.92696208193894,
          -101.02484513888902,
          -99.97557287192076,
          -97.71835306163248,
          -98.20779859975224,
          -99.3205135560765,
          -101.0209892192093,
          -105.88204881844077,
          -105.00696678445324,
          -105.61555902029887,
          -103.22089689528087,
          -102.98518677457497,
          -107.15204284254563,
          -106.51424177328654,
          -108.02286219345385,
          -101.07297957596208,
          -108.39775451243419,
          -109.22611140706522,
          -108.6777201578197,
          -109.23295118531757,
          -108.56824875153083,
          -108.8007232652691,
          -108.97550223727315,
          -110.05200968886379,
          -108.27940889445853,
          -108.54199306169315,
          -108.67848147009012,
          -108.57673393194781,
          -108.44462998885018,
          -108.97889855905233,
          -108.79227967694887,
          -109.00921691579586,
          -108.07780736606875,
          -108.3113954710204,
          -108.97005616529836,
          -109.06949502722514,
          -109.06572761856839,
          -109.06937086283153,
          -109.02042330393604,
          -108.93032584475883,
          -108.65226122828253,
          -109.01580643335075,
          -109.00813865417253,
          -110.06700045499949,
          -111.732300405116,
          -111.56251971311669,
          -109.98430146175339,
          -112.62216624411224,
          -111.11803728386306,
          -112.57891980530647,
          -111.39944119092705,
          -112.40338238387369,
          -109.71759389418695,
          -112.24717939779191,
          -111.7353684980712,
          -111.89140231536008,
          -102.66967504871113,
          -111.63795814119248,
          -105.54091106456787,
          -111.7091906882612,
          -103.12275586355565,
          -111.74279586998404,
          -111.84973658506149,
          -113.01612823656177,
          -111.51660196011801,
          -113.5340568864106,
          -111.75520279231203,
          -113.14005238480637,
          -112.36558553003964,
          -112.79714725254755,
          -113.31503274041945,
          -113.31321397742639,
          -108.12551630735544
        ]
      ],
      [
        [
          -100.41371309995284,
          -103.11029374016628,
          -96.93906318077129,
          -96.46816346277431,
          -102.30796327382403,
          -103.62716579984018,
          -102.46391875547525,
          -103.37580033915368,
          -103.8808433206772,
          -102.34003933599269,
          -102.65145899849576,
          -101.64449611186237,
          -103.47614651370796,
          -103.73565824010265,
          -104.09959978099305,
          -105.61596285268669,
          -107.28413683804963,
          -107.2422646376263,
          -106.06680577787509,
          -102.91026907239974,
          -106.78047742138259,
          -109.01022921227383,
          -102.93059457849724,
          -107.68505179154293,
          -109.72053256375378,
          -109.16870735258586,
          -109.40545198124424,
          -109.24698127196541,
          -109.18492516318001,
          -109.25666743911187,
          -109.14768833310039,
          -109.24174743287844,
          -109.35811590538464,
          -109.0423553767648,
          -108.67264224587335,
          -108.9569956653639,
          -108.3610468098104,
          -109.00713946205943,
          -109.81707215990237,
          -109.81940234028082,
          -108.55322129950133,
          -109.20116561889262,
          -109.08941839514847,
          -109.90865644818479,
          -109.23581928852752,
          -109.12210444018916,
          -109.18010189115141,
          -109.6148412586851,
          -109.08609072791265,
          -109.28551768194775,
          -109.53314788622461,
          -109.94935536406253,
          -109.23376504381652,
          -109.42959945873329,
          -109.22991190419347,
          -109.19181155673861,
          -109.01046856396395,
          -109.01826107802427,
          -108.67493907742298,
          -108.51656419959002,
          -109.04046705446945,
          -108.87733490954096,
          -108.57294835096698,
          -108.85437671756561,
          -109.38398722074159,
          -109.57443026254579,
          -109.32836179948225,
          -109.6520211540629,
          -109.51339003446039,
          -109.07626648278185,
          -109.14066320245907,
          -109.76143171411891,
          -109.68304028072994,
          -102.55896646252337,
          -110.13569141018995,
          -103.02440928152183,
          -109.42586143451065,
          -107.79065779226909,
          -109.23776544149601,
          -107.4055206393192
        ]
      ]
    ]
  },
  {
    "vqe2_energy": [
      -134.1156948982424,
      -136.30671062598512,
      -127.68257655909514
    ],
    "vqe2_vector": [
      [
        1,
        0,
        1,
        1,
        0,
        0,
        0,
        1
      ],
      [
        1,
        1,
        1,
        0,
        0,
        0,
        0,
        1
      ],
      [
        1,
        1,
        0,
        0,
        0,
        1,
        0,
        1
      ]
    ],
    "vqe2_min_error": [
      1.6074263388251797,
      1.061803064361655e-05,
      6.327016171587518
    ],
    "vqe2_params": [
      [
        1.5524167169432501,
        4.628024854846708,
        6.620346988598937,
        3.155865359870543,
        3.923450017800056,
        2.920762390593028,
        0.47526966626108,
        1.531027927920885,
        1.3006648926192104,
        0.9021220199454539,
        5.089117648619431,
        1.6179749379439634,
        3.7927494437269478,
        5.361022860631015,
        1.453403893041244,
        1.8970862316409358,
        1.9829151652310757,
        1.183020532355095,
        6.054215803733783,
        3.6148030316435933,
        0.46761432088089444,
        6.0336421817109285,
        6.177090330067315,
        5.978444127811109,
        2.7116384285078277,
        5.207439325044977,
        3.685184780651702,
        0.006882797014873376,
        2.781763698145865,
        4.974403577180289,
        2.8734319243891253,
        2.51107611229992
      ],
      [
        1.0359426326244268,
        3.745541389222198,
        5.271447887887242,
        1.862580275225634,
        4.686144134461299,
        1.1987460481469137,
        5.239030472866885,
        3.57814327344324,
        0.7418766217403528,
        3.4216453189043263,
        2.4996488327203257,
        2.5461380646314082,
        4.845359549748621,
        3.772957652749138,
        2.7782777314110843,
        6.042580102167648,
        3.9111785656087763,
        0.21262550912821188,
        3.7054911682731007,
        1.0731362694485076,
        0.7547828404491206,
        0.8784589174332552,
        5.4238320688417,
        -0.17679397079181675,
        4.489667235649951,
        3.686044911033632,
        2.2840223124795656,
        0.8442067329374203,
        6.261591874968703,
        6.19261442625755,
        5.518915257554088,
        1.3940042011182903,
        2.0193218803781963,
        6.2184555108375354,
        5.941255604538243,
        3.8466301066273254,
        4.1639886375135955,
        2.9173031469036057,
        5.8041022411629255,
        0.05940253890574682,
        4.796379279177038,
        0.6932792010076209,
        4.711929935834487,
        1.3705344504043395,
        0.7490439032665871,
        0.01972672453428616,
        2.984664458839537,
        0.8697759652796395
      ],
      [
        6.958369651467172,
        5.510114137448584,
        4.976816089316989,
        1.3906897717355735,
        3.2986672516187854,
        3.505537158338513,
        4.380910573149319,
        3.440595930909591,
        4.939417275817464,
        5.568473450458045,
        1.3368358499814452,
        4.932862689024399,
        0.516813834043042,
        5.294300780944525,
        1.5495245428707913,
        4.624078612352653,
        5.31828457916514,
        5.164559751040189,
        3.5908679578118208,
        6.275481750040916,
        3.477018017700893,
        5.990703242914216,
        3.2924175573510372,
        5.427139179921179,
        2.4199007598985625,
        1.7840345869229974,
        2.5916374340461426,
        3.8987438671689305,
        0.4026596359768466,
        3.5744567907667624,
        4.730888912403926,
        1.0110735787792111,
        3.0009419545207408,
        4.019995725561648,
        4.569664860130344,
        2.0536654315698004,
        5.415451505833044,
        0.3462971370835733,
        2.844360209551005,
        3.5125525079391604,
        0.2526355100481282,
        5.395369660159103,
        3.2908239247640383,
        1.4570656620545668,
        1.7575150534557529,
        1.5397107959851892,
        2.2984869689827203,
        5.732535694648477,
        1.799454797056962,
        5.294709606267284,
        5.549900765436738,
        5.841331281799912,
        0.15573716788275832,
        5.336159289452083,
        6.218910169953731,
        1.6470992449857678,
        5.109971444527016,
        3.93228360214022,
        3.366188448369338,
        5.443905217859856,
        0.7877007224704802,
        0.2761462606865861,
        2.7464085811162064,
        2.115378566542331,
        6.22157675405854,
        4.006935898055206,
        3.763918010384846,
        4.644715054236595,
        0.08259320948680404,
        5.232258005249491,
        4.7241989330539464,
        2.1742359576185524
      ]
    ],
    "vqe2_time": [
      4.105047702789307,
      5.161574840545654,
      7.868997097015381
    ],
    "solution_vector": [
      0,
      1,
      1,
      0,
      1,
      0,
      0,
      1
    ],
    "solution_min_energy": -136.30672509907495,
    "solution_time": 0.02180624008178711,
    "matrix_size": 8,
    "qubo_matrix": [
      [
        -31.88565676378594,
        4.242092169458761,
        8.484184338917522,
        2.1210460847293806,
        2.1210440096453307,
        4.242088019290661,
        8.484176038581323,
        2.1210440096453307
      ],
      [
        4.242092169458761,
        -59.52922135811311,
        16.968368677835045,
        4.242092169458761,
        4.242088019290661,
        8.484176038581323,
        16.968352077162645,
        4.242088019290661
      ],
      [
        8.484184338917522,
        16.968368677835045,
        -102.09007403839118,
        8.484184338917522,
        8.484176038581323,
        16.968352077162645,
        33.93670415432529,
        8.484176038581323
      ],
      [
        2.1210460847293806,
        4.242092169458761,
        8.484184338917522,
        -31.88565676378594,
        2.1210440096453307,
        4.242088019290661,
        8.484176038581323,
        2.1210440096453307
      ],
      [
        2.1210440096453307,
        4.242088019290661,
        8.484176038581323,
        2.1210440096453307,
        -31.885664973152164,
        4.242106656575636,
        8.484213313151272,
        2.121053328287818
      ],
      [
        4.242088019290661,
        8.484176038581323,
        16.968352077162645,
        4.242088019290661,
        4.242106656575636,
        -59.52922328972869,
        16.968426626302545,
        4.242106656575636
      ],
      [
        8.484176038581323,
        16.968352077162645,
        33.93670415432529,
        8.484176038581323,
        8.484213313151272,
        16.968426626302545,
        -102.09001995315484,
        8.484213313151272
      ],
      [
        2.1210440096453307,
        4.242088019290661,
        8.484176038581323,
        2.1210440096453307,
        2.121053328287818,
        4.242106656575636,
        8.484213313151272,
        -31.885664973152164
      ]
    ],
    "ansatze": [
      "twolocal",
      "alternating_ry_rz",
      "random_circuit"
    ],
    "histories_energy": [
      [
        [
          -116.09031109327663,
          -117.1726528257386,
          -118.63931659602069,
          -118.88006279184214,
          -119.72402666095846,
          -121.02676626222646,
          -121.54615458894264,
          -121.17350671915216,
          -120.63004265754397,
          -119.58376158096287,
          -124.06762194249858,
          -123.81009533079157,
          -123.98650418672449,
          -123.364733611899,
          -124.22523030542749,
          -123.01746674826477,
          -123.75427717215629,
          -124.58272574892243,
          -120.96463398244353,
          -122.29158799440566,
          -123.5129960213436,
          -124.21388319900515,
          -127.20953622827031,
          -127.8299363829418,
          -127.94627577575004,
          -126.98955688276972,
          -127.8925144767684,
          -126.5574731074028,
          -127.30644367734422,
          -127.49192428390842,
          -127.00472669321792,
          -127.4551458001094,
          -126.69115627789554,
          -125.49863171128752,
          -127.43120904653813,
          -124.96744889157863,
          -125.18364069157505,
          -125.61370265847098,
          -127.65026280586211,
          -127.9662101717078,
          -124.33685353176075,
          -126.00066320269548,
          -125.4862483205369,
          -128.40023318638362,
          -127.7978462630389,
          -127.94736347470307,
          -128.15767114771575,
          -127.67901378176315,
          -128.03620667387398,
          -127.72372918341041,
          -125.65261020427086,
          -127.13870624448822,
          -128.2354256513728,
          -126.35756365767875,
          -128.65325867882402,
          -127.58703143812404,
          -128.72727794338576,
          -128.15741854908296,
          -129.11226496859527,
          -126.43747076257782,
          -129.0529584690193,
          -129.52558079671323,
          -129.20257353909668,
          -129.1616158247523,
          -129.22268120295283,
          -129.03346829249645,
          -129.14580948034333,
          -129.14768018838646,
          -128.5827331950379,
          -129.33854090019946,
          -129.2958123249692,
          -129.28612870368403,
          -129.0539758767016,
          -128.97235453830075,
          -128.8033189225077,
          -128.71232983017592,
          -129.171344284876,
          -129.15954721600897,
          -127.45348037405401,
          -128.83695329557204
        ]
      ],
      [
        [
          -122.22201511713048,
          -125.10127644367043,
          -111.58501841574598,
          -122.75623072730872,
          -122.97881296102416,
          -124.46193522344244,
          -121.75617301716703,
          -123.58889865034227,
          -123.969511038657,
          -123.46141968773198,
          -119.36856370761608,
          -124.93917553830049,
          -121.28098994577861,
          -124.34970103725426,
          -111.66879636605667,
          -121.34367170742154,
          -124.01654481942418,
          -123.87504236251735,
          -117.95515809955161,
          -121.60700545794944,
          -124.86134715719132,
          -124.57117144039677,
          -123.10707377752163,
          -122.78652390094157,
          -122.09682716075997,
          -124.03940224951296,
          -123.49243862448195,
          -123.22962311805847,
          -124.958163140628,
          -123.7258316187112,
          -122.84238955962148,
          -123.36890843643286,
          -124.1763015252233,
          -124.57948080029377,
          -124.02769511414864,
          -122.80768790967277,
          -125.12923511925618,
          -123.69599832188003,
          -124.88688915510599,
          -122.50147448087345,
          -123.81373597018184,
          -124.12278803978474,
          -123.70734154501869,
          -124.20343431428749,
          -123.88934932602233,
          -123.91147022567291,
          -123.64714602682626,
          -123.92540493378439,
          -124.71767007083707,
          -129.01597856861383,
          -112.8344069715272,
          -126.14880701916383,
          -131.78630106321845,
          -125.08839257360506,
          -130.85411685055723,
          -121.70106670679853,
          -130.0680921013759,
          -129.14506792906826,
          -131.98105256220683,
          -125.46218575178504,
          -132.2547548593217,
          -131.29666470143195,
          -131.2407349953661,
          -130.83123289616424,
          -131.89105178302924,
          -131.71685071773948,
          -132.46038808945823,
          -125.16229805343436,
          -132.63049171886308,
          -132.35203186255927,
          -132.0190292325973,
          -132.75145274024007,
          -132.59772291943003,
          -132.47024765975732,
          -132.5449355272332,
          -132.15853903812774,
          -132.56560738239455,
          -131.46299084210514,
          -133.10567945307952,
          -131.13647061858683
        ]
      ],
      [
        [
          -104.96168080149357,
          -112.36635215186446,
          -106.63221580570472,
          -109.30509645673129,
          -112.0909003831822,
          -112.17140854549655,
          -101.8833868750448,
          -113.90437298588371,
          -117.47344389407613,
          -115.51468083727832,
          -107.59379752431633,
          -115.92640678666882,
          -116.11457435878626,
          -117.10316536084937,
          -115.22890155798527,
          -119.0265558969292,
          -120.45076014530905,
          -119.85851594011469,
          -114.43830581806411,
          -116.82730382920622,
          -120.11216932843092,
          -120.37991880537663,
          -118.7670025860322,
          -117.0399186029051,
          -121.4157177201959,
          -120.24321151603385,
          -120.64477767910883,
          -119.7938750063996,
          -120.04560903831725,
          -121.18160069229941,
          -119.83138012582276,
          -120.42516918610674,
          -120.2802421312494,
          -120.43066089566771,
          -120.37512502645535,
          -122.17178586469548,
          -119.8777299696197,
          -120.60092175902611,
          -119.94160132085132,
          -119.83220176357425,
          -120.0053140989875,
          -121.8280616770495,
          -120.81664613934562,
          -121.45264294621097,
          -121.43047546016388,
          -120.08689243823443,
          -120.5382946107527,
          -120.21633091582109,
          -121.18200285348337,
          -120.09000224016103,
          -121.70986365275229,
          -120.71678183237468,
          -120.28346155269246,
          -120.52197448435298,
          -119.46590535097893,
          -120.37942808002586,
          -119.77833767123134,
          -121.09670466424338,
          -121.4809242244142,
          -120.88019629899512,
          -119.69913897955746,
          -119.93010557923792,
          -121.355063976501,
          -121.38722754963787,
          -121.12768001779281,
          -119.7253094474555,
          -119.98816764751146,
          -121.51360967166441,
          -121.46724975640835,
          -120.59692706289415,
          -120.84187113811791,
          -121.89565580886237,
          -120.7504472670932,
          -112.55186652634667,
          -118.5203119982994,
          -116.54408645326113,
          -120.6718761896135,
          -118.19502909417784,
          -118.80618613973178,
          -116.21171502287406
        ]
      ]
    ]
  },
  {
    "vqe2_energy": [
      -137.63847165404965,
      -103.08933813004023,
      -135.56876548927573
    ],
    "vqe2_vector": [
      [
        1,
        1,
        0,
        1,
        0,
        0,
        1,
        0
      ],
      [
        0,
        0,
        0,
        0,
        1,
        1,
        0,
        1
      ],
      [
        0,
        0,
        1,
        0,
        1,
        0,
        1,
        0
      ]
    ],
    "vqe2_min_error": [
      0.004189842179536107,
      25.10450195308046,
      1.5078533328305777
    ],
    "vqe2_params": [
      [
        1.2221975674181098,
        3.2104842777566227,
        4.1503967194275795,
        5.784722417998263,
        2.8231139730537738,
        3.377794772094895,
        2.7136297389718917,
        5.639633935768095,
        3.1564652442880092,
        3.1401142513867106,
        6.624448992440252,
        2.901113669848353,
        4.743131312606862,
        2.224130694795436,
        1.808193919130996,
        3.450200022094149,
        5.016879107502869,
        0.04779334283447914,
        4.791202850682486,
        4.83509924368386,
        1.0739040364990233,
        3.3818742697393707,
        0.20510059763094854,
        2.7309440787410795,
        3.008863931851589,
        1.436224380640978,
        4.806276596951385,
        1.020068539223127,
        2.8401851201330324,
        0.7340278456891844,
        0.6679773084349908,
        3.0929779193589817
      ],
      [
        0.7699736083198363,
        1.0114898598114879,
        3.24443598076327,
        4.235184708887875,
        1.8273443658003912,
        4.570340591113311,
        2.814820134071654,
        5.993566630039786,
        2.4607830392841725,
        1.9288287343302815,
        3.220639879286102,
        1.5678150859454973,
        4.345749389097647,
        1.0214331951681006,
        1.1406938608395973,
        3.0269623187841512,
        0.02551336723717117,
        0.04998275674442762,
        2.8895680293612407,
        4.499869724580499,
        3.1461823645783773,
        0.4380190106863943,
        3.0880107941686443,
        2.4750345847979243,
        1.0840357791380215,
        0.35186101749956644,
        1.4030003973972405,
        1.4761123140575811,
        2.8296645408089294,
        1.2612639381718713,
        4.563553881296437,
        5.296040185050151,
        1.3826130693235716,
        6.078884722660825,
        4.04415471156254,
        2.2236977333467802,
        1.1393075672508925,
        5.484438302419384,
        0.16851029156115951,
        4.303657819594517,
        1.688956623991748,
        0.1484176033799827,
        2.3835809496930054,
        1.8762589333513828,
        3.3970742249222,
        5.645680663159017,
        5.938652988635617,
        3.0841005909227985
      ],
      [
        4.608573921261405,
        0.17510369388912975,
        6.072676966241919,
        1.1337561836214347,
        4.327081389884937,
        1.4837984319814448,
        3.2616733646287406,
        3.6766843867952965,
        5.687638400367229,
        4.553485815864558,
        5.44304790682783,
        0.845086684629677,
        3.444896426349593,
        2.6038382487819143,
        3.460710159231608,
        2.6341656037802377,
        0.6648553380067892,
        2.3407969611300112,
        3.48455023517968,
        1.7160905420967378,
        5.312143471043344,
        0.6184213998180799,
        4.362981250477218,
        3.395696124782192,
        2.589560768858809,
        4.115193213410816,
        5.660983603006825,
        4.521655607577462,
        1.0216691340384316,
        5.027360099358353,
        0.9080798803440567,
        1.918006069295026,
        6.161818537465297,
        3.4862101356304342,
        2.811493834696033,
        0.3947964341155846,
        4.4595360276363545,
        1.6812009146792812,
        1.200540347493046,
        2.207924474710484,
        1.6142302833156266,
        3.2781027459288525,
        0.7688492105992079,
        1.1802517852888477,
        1.81092722132689,
        2.1920628188258227,
        3.229545354805093,
        0.12761094406509915,
        2.293861897734416,
        0.09490554961256949,
        5.752857279864329,
        5.21650252608356,
        5.130836815370303,
        3.4534736396491605,
        2.087034722615036,
        1.954649414905437,
        3.1517861682810553,
        3.484998053471079,
        5.89357898152137,
        3.5605333009327795,
        2.5406663048593767,
        3.1257122840864207,
        0.7299155602824823,
        2.8885127453262736,
        2.717830807777095,
        1.8389512995011348,
        5.754412529478833,
        1.1952138651588728,
        1.8412280546478306,
        0.9931524493455827,
        0.9544246847263315,
        5.804026382774372
      ]
    ],
    "vqe2_time": [
      3.0386078357696533,
      6.267141103744507,
      8.192371845245361
    ],
    "solution_vector": [
      0,
      0,
      0,
      0,
      1,
      1,
      1,
      1
    ],
    "solution_min_energy": -137.64423873042168,
    "solution_time": 0.023236989974975586,
    "matrix_size": 8,
    "qubo_matrix": [
      [
        -32.195900002007356,
        4.283387858486799,
        8.566775716973599,
        2.1416939292433996,
        2.14169185415935,
        4.2833837083187,
        8.5667674166374,
        2.14169185415935
      ],
      [
        4.283387858486799,
        -60.108412145527915,
        17.133551433947197,
        4.283387858486799,
        4.2833837083187,
        8.5667674166374,
        17.1335348332748,
        4.2833837083187
      ],
      [
        8.566775716973599,
        17.133551433947197,
        -103.08327285710862,
        8.566775716973599,
        8.5667674166374,
        17.1335348332748,
        34.2670696665496,
        8.5667674166374
      ],
      [
        2.1416939292433996,
        4.283387858486799,
        8.566775716973599,
        -32.195900002007356,
        2.14169185415935,
        4.2833837083187,
        8.5667674166374,
        2.14169185415935
      ],
      [
        2.14169185415935,
        4.2833837083187,
        8.5667674166374,
        2.14169185415935,
        -32.19743805091557,
        4.283402345603674,
        8.566804691207349,
        2.141701172801837
      ],
      [
        4.2833837083187,
        8.5667674166374,
        17.1335348332748,
        4.2833837083187,
        4.283402345603674,
        -60.11147375622747,
        17.133609382414697,
        4.283402345603674
      ],
      [
        8.5667674166374,
        17.1335348332748,
        34.2670696665496,
        8.5667674166374,
        8.566804691207349,
        17.133609382414697,
        -103.08933813004023,
        8.566804691207349
      ],
      [
        2.14169185415935,
        4.2833837083187,
        8.5667674166374,
        2.14169185415935,
        2.141701172801837,
        4.283402345603674,
        8.566804691207349,
        -32.19743805091557
      ]
    ],
    "ansatze": [
      "twolocal",
      "alternating_ry_rz",
      "random_circuit"
    ],
    "histories_energy": [
      [
        [
          -127.42487393799,
          -128.20868386331512,
          -123.01251336206573,
          -127.99593401032617,
          -128.44543057957475,
          -129.47915435112168,
          -132.32080471547312,
          -132.56345129578278,
          -132.09424949346393,
          -132.81667243387884,
          -132.92953620805287,
          -133.7254871008548,
          -133.60646747992243,
          -132.92063444268905,
          -134.38318891287548,
          -134.01412591356203,
          -134.13635879518105,
          -133.5478996908812,
          -124.96491591072547,
          -132.80132994683686,
          -133.83436969191882,
          -132.78321277026248,
          -125.91993433665203,
          -132.79740640090526,
          -133.1197002575571,
          -133.93343320335688,
          -133.80226009286903,
          -133.95700105945596,
          -134.08425073358677,
          -133.9152332093549,
          -134.04483829127338,
          -134.1559213269114,
          -133.98533678282,
          -128.5027854332888,
          -133.59005191435634,
          -132.03105299486344,
          -133.40682007713596,
          -130.94554907192574,
          -133.66684789622752,
          -132.9015104410883,
          -135.0589752546319,
          -134.28388816629848,
          -134.63875811413948,
          -134.41957422070965,
          -132.87059961020935,
          -134.1317727986127,
          -132.82336766233456,
          -134.8176275519727,
          -134.31959830224466,
          -134.58811205167166,
          -134.87680099530996,
          -134.96483830488043,
          -134.7921524692246,
          -134.4362777139213,
          -134.54601973522338,
          -134.4805849566391,
          -133.97640481683985,
          -134.66479963313625,
          -132.02080107903194,
          -134.8642003744612,
          -134.13166360541805,
          -134.7210797236206,
          -134.7210686100413,
          -134.73079750093635,
          -134.69400065038005,
          -134.17969365903647,
          -134.8374626411158,
          -134.81011776737563,
          -134.99251110094136,
          -134.7969222029866,
          -134.58820193965974,
          -134.71585513443608,
          -134.32146469185844,
          -134.8773555016291,
          -134.90540208454408,
          -134.6404942032814,
          -134.83324168160323,
          -134.92714262151574,
          -134.40626087342315,
          -134.5364480681181
        ]
      ],
      [
        [
          -114.25439267600878,
          -110.63636109942814,
          -110.80667720143522,
          -118.29249691299484,
          -118.18453390132231,
          -117.31230302333061,
          -117.96721065582277,
          -117.21241082793725,
          -118.03494257425038,
          -118.05149156141393,
          -116.56988613581655,
          -115.47968415881499,
          -119.43273317202885,
          -116.21940606156221,
          -115.41480967669864,
          -115.94044452951455,
          -118.63966782375408,
          -117.87842370059316,
          -116.61327202791608,
          -117.34029485954996,
          -118.05063253099925,
          -118.0426000328677,
          -114.12184901600511,
          -118.17931617384086,
          -119.08978098233239,
          -117.67547080999472,
          -117.21569224985984,
          -117.85536676875267,
          -118.69894717639363,
          -118.20438755824749,
          -117.51952343240416,
          -117.36725899242022,
          -117.47217349506506,
