[
  {
    "vqe2_energy": [
      -1187.5498046875,
      -1180.5309944152832,
      -1071.9496841430664
    ],
    "vqe2_vector": [
      [
        0,
        1,
        0,
        1,
        0,
        0,
        0,
        0,
        1,
        1,
        1,
        1
      ],
      [
        0,
        1,
        0,
        1,
        1,
        0,
        0,
        0,
        1,
        1,
        0,
        1
      ],
      [
        0,
        1,
        0,
        1,
        0,
        1,
        0,
        0,
        1,
        0,
        0,
        0
      ]
    ],
    "vqe2_min_error": [
      1.1564069579694802e-05,
      0.5910444144689442,
      9.734349165748101
    ],
    "vqe2_params": [
      [
        3.8396864980175702,
        -0.1409575663596216,
        2.1706734915932575,
        0.17256522446359368,
        5.576407611126518,
        0.11998932582304389,
        3.8772194006085066,
        2.9358658990103734,
        3.4160388684944865,
        5.794345903442899,
        2.4486692676253705,
        0.5018682119109085,
        3.2318958663103436,
        5.206701436222409,
        6.455713731306196,
        6.085091493192162,
        6.614323334245327,
        4.597929025359999,
        3.4880698163449657,
        1.5768592187267323,
        6.441741258261063,
        3.367797221167336,
        -0.019164159940654145,
        3.4785378857401663,
        1.0058840938707108,
        3.499212323837769,
        1.0783187656105584,
        3.900525174090202,
        0.3988309402184835,
        5.904324939327366,
        2.413508658868269,
        3.1455744563606247,
        6.532348639780999,
        5.823469905926314,
        0.5079385639598334,
        5.742645950308343,
        1.5733864689298744,
        2.630925854324259,
        4.394971214748661,
        4.497768573797371,
        2.413884423045322,
        7.077661114991607,
        1.9522374825599358,
        6.429258134738012,
        3.375005721634864,
        0.20179760197989283,
        3.7036644488668373,
        3.7402475507397903
      ],
      [
        5.579800094632247,
        2.718106357058735,
        2.139177274990175,
        3.854618868577347,
        4.1156421140778825,
        1.3337361966878587,
        0.9518035785283898,
        3.393211212649615,
        1.4670149617547057,
        3.2388831735617494,
        0.7500924184466888,
        3.510978345387404,
        0.8708368638179578,
        1.7923704926476955,
        6.975887824630056,
        0.8688904501378675,
        3.270810798071542,
        1.2351531146525723,
        5.638101063667312,
        2.6019965148605397,
        4.155109622733515,
        5.985799153554309,
        6.101775566855501,
        4.970635043425885,
        4.205575051607064,
        0.8523646503123933,
        6.3931278068687565,
        5.403710632853867,
        0.5508478575990364,
        2.875668935683513,
        0.017954307608583547,
        4.319394538229256,
        5.144289638951413,
        3.1379420513139857,
        3.4305618752697353,
        1.927937943229912,
        4.306574658768972,
        5.565684286654797,
        0.04108296517105869,
        0.9359249369021015,
        3.2202125744453305,
        0.9700749290821042,
        2.2143596895815176,
        0.9354188330148598,
        3.770064321997019,
        6.100054171747808,
        4.143274387614642,
        3.9417457534795464,
        1.3380486810281174,
        4.059314512042297,
        3.6086663841281528,
        2.1803097021645694,
        4.920358170709446,
        6.219596566955438,
        5.7223966974692715,
        2.1161431941248425,
        5.595875613755154,
        2.61377640638394,
        2.9239397061630004,
        1.9806229830175484,
        0.00453017804231832,
        0.7707948759973522,
        0.5560306698148978,
        3.183307840604936,
        5.626850708850279,
        2.9631134580042913,
        5.402740075826002,
        0.5971494669682068,
        0.08552860419679575,
        0.4591672016701671,
        0.051827924541538305,
        1.6853476526746602
      ],
      [
        5.209729145702189,
        2.9016756096213747,
        2.436298258213308,
        0.9319670904973751,
        3.622091975421288,
        3.4121399865298145,
        0.0328438298958485,
        4.928761913192936,
        4.342363688188202,
        0.521789016821221,
        4.547553979038435,
        3.571780293739795,
        4.705971284060492,
        1.0706180946006119,
        2.2766443757435084,
        1.6995751389809945,
        1.307576471889001,
        3.105549091885518,
        4.727799386392594,
        2.5441110924851618,
        1.9515689157945184,
        5.919723545673465,
        -0.01862049108991884,
        3.8306389429193866,
        3.89444243075215,
        5.198038638999317,
        3.9140173772603353,
        0.10168796876993622,
        2.2917953710171073,
        6.197881412024809,
        1.8440199680448583,
        6.098892345930335,
        3.433822384917557,
        2.107817565345326,
        1.1158739211768391,
        0.642559790968804,
        5.404593849732235,
        2.43005860175969,
        2.2139863285345656,
        0.8749142756666068,
        0.06429069108301763,
        4.911540607451136,
        6.196816090885626,
        1.646537868877538,
        4.577212927303562,
        5.160414387239329,
        0.93945312363028,
        6.121958018581272,
        1.7599738653149735,
        2.488928778756929,
        1.1625940567794992,
        0.5632129715797338,
        3.165593737605871,
        0.6517002073354752,
        1.6362475692616925,
        0.3043273141416655,
        0.7299278199953082,
        2.572830879876755,
        3.1426700605570455,
        1.5283733400193593,
        2.2441276946610187,
        4.314661436994063,
        5.620848251682365,
        6.069453993107709,
        3.861439656437566,
        1.1360289501605796,
        0.7818019110614384,
        2.4693213715053624,
        5.850048010013041,
        1.6884161670033657,
        1.7532262984761624,
        0.021095371102619758,
        3.7863208791382448,
        2.717248479607925,
        1.6187355033918744,
        1.798912270326729,
        2.335617303542116,
        4.313816932858962,
        0.7662201023559991,
        1.1156311145992852,
        1.0981026324664647,
        3.0453482759821817,
        4.538586372476513,
        4.070122683315866,
        2.3965855780593923,
        2.815124324845067,
        2.2474140206845625,
        1.8716466180231814,
        5.206712879850999,
        6.202726829123042,
        4.884338689577929,
        1.356237772703662,
        1.3920229517784077,
        2.510043506579961,
        1.7015215379851485,
        3.936369597801264,
        4.891210802383993,
        3.6331029850808543,
        5.269711569018952,
        1.6128843586833015,
        1.5750094624012694,
        4.466143343788469,
        4.973355168606914,
        1.6671282622615171,
        3.2257804788073425,
        1.4545086206105595,
        3.0338760333121013,
        1.2685632234361206
      ]
    ],
    "vqe2_time": [
      25.11338186264038,
      31.57521367073059,
      92.83020424842834
    ],
    "solution_vector": [
      1,
      1,
      1,
      0,
      0,
      0,
      0,
      0,
      1,
      1,
      1,
      1
    ],
    "solution_min_energy": -1187.5499420166016,
    "solution_time": 0.024306058883666992,
    "matrix_size": 12,
    "qubo_matrix": [
      [
        -317.98126220703125,
        64.0625,
        32.03125762939453,
        64.06251525878906,
        12.500001907348633,
        25.000003814697266,
        0.0,
        0.0,
        15.625,
        31.25,
        0.0,
        0.0
      ],
      [
        64.0625,
        -571.9000244140625,
        64.06251525878906,
        128.12503051757812,
        25.000003814697266,
        50.00000762939453,
        0.0,
        0.0,
        31.25,
        62.5,
        0.0,
        0.0
      ],
      [
        32.03125762939453,
        64.06251525878906,
        -317.981201171875,
        64.06257629394531,
        12.500008583068848,
        25.000017166137695,
        0.0,
        0.0,
        15.625,
        31.25,
        0.0,
        0.0
      ],
      [
        64.06251525878906,
        128.12503051757812,
        64.06257629394531,
        -571.8998413085938,
        25.000017166137695,
        50.00003433227539,
        0.0,
        0.0,
        31.25,
        62.5,
        0.0,
        0.0
      ],
      [
        12.500001907348633,
        25.000003814697266,
        12.500008583068848,
        25.000017166137695,
        -192.98123168945312,
        64.06251525878906,
        0.0,
        0.0,
        0.0,
        0.0,
        15.625,
        31.25
      ],
      [
        25.000003814697266,
        50.00000762939453,
        25.000017166137695,
        50.00003433227539,
        64.06251525878906,
        -321.89996337890625,
        0.0,
        0.0,
        0.0,
        0.0,
        31.25,
        62.5
      ],
      [
        0.0,
        0.0,
        0.0,
        0.0,
        0.0,
        0.0,
        12.5,
        25.0,
        0.0,
        0.0,
        0.0,
        0.0
      ],
      [
        0.0,
        0.0,
        0.0,
        0.0,
        0.0,
        0.0,
        25.0,
        50.0,
        0.0,
        0.0,
        0.0,
        0.0
      ],
      [
        15.625,
        31.25,
        15.625,
        31.25,
        0.0,
        0.0,
        0.0,
        0.0,
        -187.5,
        25.0,
        0.0,
        0.0
      ],
      [
        31.25,
        62.5,
        31.25,
        62.5,
        0.0,
        0.0,
        0.0,
        0.0,
        25.0,
        -350.0,
        0.0,
        0.0
      ],
      [
        0.0,
        0.0,
        0.0,
        0.0,
        15.625,
        31.25,
        0.0,
        0.0,
        0.0,
        0.0,
        -87.5,
        25.0
      ],
      [
        0.0,
        0.0,
        0.0,
        0.0,
        31.25,
        62.5,
        0.0,
        0.0,
        0.0,
        0.0,
        25.0,
        -150.0
      ]
    ],
    "ansatze": [
      "twolocal",
      "alternating_ry_rz",
      "random_circuit"
    ],
    "histories_energy": [
      [
        [
          -986.9093786006503,
          -1016.6299160872566,
          -974.1031892988416,
          -1003.8801099141441,
          -1004.8026728863186,
          -1044.0737845950657,
          -1012.7593362045288,
          -1037.0813765504624,
          -1028.4598878012762,
          -1013.8848255093892,
          -1040.7955133416917,
          -1057.8557551044885,
          -1050.2268461142644,
          -1041.9935077709622,
          -1059.1741867785984,
          -1054.1714540163673,
          -1053.5991962899102,
          -1061.9555421723262,
          -1062.1565346103246,
          -1062.863027153015,
          -1060.3699457126197,
          -1062.8666738001505,
          -1064.0072904629176,
          -1046.1706541866724,
          -1067.8745309511821,
          -1025.1712885496354,
          -1056.533530570136,
          -1037.716763598124,
          -1052.1012119144862,
          -1068.3735050286186,
          -1076.402716475593,
          -1073.4801527786253,
          -1081.4927640151977,
          -1092.3968778461879,
          -1108.6492521646287,
          -1062.9381799464752,
          -1109.945943455166,
          -1106.7335018899707,
          -1112.071381210751,
          -1112.4221304300095,
          -1111.9804166857402,
          -1111.20718615426,
          -1111.596298575931,
          -1110.388950460222,
          -1108.0868398814728,
          -1109.7112908575266,
          -1110.7147353023956,
          -1114.7443623606362,
          -1115.3182722536721,
          -1154.914062086741,
          -1133.9300218878855,
          -1155.4429221259222,
          -1143.016446066962,
          -1146.7123190074497,
          -1119.7000431103177,
          -1159.0872955618963,
          -1143.5711823315091,
          -1149.9684480730693,
          -1139.2269626808168,
          -1154.2882111019558,
          -1140.1435052320692,
          -1150.9136447101168,
          -1143.9266581895615,
          -1156.0320398288306,
          -1163.4527875179715,
          -1160.4395603052776,
          -1162.8894846386381,
          -1159.9092722765604,
          -1160.955844590929,
          -1157.9581138059827,
          -1160.003538508945,
          -1160.867635392083,
          -1150.8089999283684,
          -1163.7958172480267,
          -1144.3952514563666,
          -1160.7281672668457,
          -1167.247210589515,
          -1163.3890223079254,
          -1158.7895637808908,
          -1159.3921199205188,
          -1169.6251868396334,
          -1167.3879731898837,
          -1147.8427075682744,
          -1172.1975897725422,
          -1148.5069775814482,
          -1170.5925405608284,
          -1150.9605140007868,
          -1169.5528037346733,
          -1163.747771441142,
          -1170.4668790308633,
          -1172.2427555444506,
          -1170.8538648435808,
          -1170.4026157739427,
          -1171.6430821355184,
          -1172.12054090076,
          -1171.5635758103267,
          -1172.82666621738,
          -1172.773453990089,
          -1157.3800738822092,
          -1171.6634446525572,
          -1158.2201674885223,
          -1163.6286666255526,
          -1165.3465186860826,
          -1170.5629178025983,
          -1157.2014508099032,
          -1165.581834733751,
          -1156.0276769235397,
          -1173.7440489451094,
          -1167.1813173633152,
          -1173.0582612101236,
          -1159.4074361292523,
          -1170.783979242113,
          -1159.198993343777,
          -1174.091741498311,
          -1153.816639726427,
          -1170.2617151217992,
          -1172.0616766187877,
          -1175.1659506691828,
          -1163.3931686952378,
          -1172.4980512110394
        ]
      ],
      [
        [
          -1007.5696985795763,
          -1005.6307558271619,
          -998.0962911245558,
          -1018.0148585022819,
          -1015.1719319682649,
          -1015.1547406027053,
          -1025.149448530409,
          -1022.0640958913167,
          -1035.1965441385905,
          -1013.9871778530543,
          -1010.3976825947232,
          -1027.2039119317797,
          -1031.4839057095846,
          -1030.7757108561198,
          -1019.7004554918077,
          -1040.5546216477287,
          -1040.4273323567709,
          -1018.6527571105956,
          -1044.5428029208713,
          -1074.9315437889097,
          -1074.8803400378756,
          -1056.0633933406407,
          -1070.1697239494326,
          -1087.757354498969,
          -1096.6954204283818,
          -1050.5857454109191,
          -1093.776969833374,
          -1107.19804406272,
          -1094.2729972139996,
          -1072.9139004453023,
          -1104.3779607052272,
          -1069.22571867413,
          -1100.7481326633028,
          -1092.8210434998407,
          -1089.4401861720614,
          -1058.517653579712,
          -1089.7863680733574,
          -1096.2899175771076,
          -1096.4854086685182,
          -1098.671864113278,
          -1102.9466387579175,
          -1099.9044974454246,
          -1100.2790555614897,
          -1102.115395096673,
          -1101.4689579751753,
          -1104.9620668813918,
          -1100.7520560857984,
          -1100.010100773705,
          -1102.2979055404662,
          -1101.5934096251594,
          -1100.4492296197677,
          -1101.7144678963557,
          -1102.5009213595922,
          -1103.570092843374,
          -1104.801598500146,
          -1098.7808807373049,
          -1100.1730460717943,
          -1101.7960626008773,
          -1099.4812236764697,
          -1101.742435540093,
          -1101.93552892473,
          -1102.5765409787493,
          -1103.7085608482357,
          -1101.8174203236897,
          -1106.1889467493688,
          -1102.9084410116407,
          -1103.9344822883604,
          -1100.2279124281142,
          -1100.677317407396,
          -1100.3712941042584,
          -1105.7556612714134,
          -1105.6134668858845,
          -1106.4088259590994,
          -1118.8400187789068,
          -1070.0987780719333,
          -1108.3948044035171,
          -1122.544359917111,
          -1115.992020316654,
          -1123.464357679155,
          -1114.4048007859124,
          -1118.7245478100244,
          -1105.5931903605992,
          -1112.6986350864834,
          -1111.6976018015544,
          -1093.7320997683205,
          -1129.3901019647385,
          -1103.5373912090722,
          -1124.2716467899745,
          -1127.0046228557164,
          -1126.9917942216662,
          -1120.3234665107725,
          -1128.0792306857643,
          -1086.5158966869778,
          -1126.7063345570036,
          -1120.745708664788,
          -1131.052165883382,
          -1102.3097286860148,
          -1133.7602419047887,
          -1075.8610105069479,
          -1132.9218686442905,
          -1110.2434261343215,
          -1117.3951406987508,
          -1105.9345487170751,
          -1122.8164337815178,
          -1127.8919102223715,
          -1126.7933982298111,
          -1113.0871287324696,
          -1132.0097498766581,
          -1129.9104295137195,
          -1123.4185868877835,
          -1119.856885369619,
          -1130.6142142974004,
          -1131.6850890562268,
          -1130.1907409540815,
          -1129.989542619917,
          -1131.1959493743047,
          -1128.7090400886536,
          -1127.751976131863,
          -1132.3222157647876,
          -1128.811691290538
        ]
      ],
      [
        [
          -907.4072565121121,
          -915.223148583306,
          -914.5440477816265,
          -890.2821736886766,
          -934.1212105793423,
          -913.1102408472697,
          -915.102747968038,
          -926.2329765383406,
          -918.9019024658203,
          -924.8412994851004,
          -919.0397145356072,
          -898.5538462532891,
          -939.1236938370598,
          -928.7930804803636,
          -950.8409904946221,
          -918.6040954102408,
          -960.8909409417048,
          -970.1575605667965,
          -923.1074060715567,
          -951.2220071050855,
          -948.8353659163581,
          -946.4611108144121,
          -978.7253422164919,
          -888.9292270384896,
          -931.4963766373528,
          -969.6112537320455,
          -968.0620876397028,
          -971.6772510231868,
          -966.4640725241769,
          -954.5343610233732,
          -965.0061526934305,
          -942.2559181488886,
          -978.0971463012694,
          -993.6249631648597,
          -996.4243227068584,
          -965.0984039094711,
          -983.078927983178,
          -994.540031645033,
          -992.4652218352422,
          -991.1251897324454,
          -988.4828883891633,
          -987.2147913530138,
          -993.4685470475091,
          -997.7972045071916,
          -998.6461067750722,
          -990.2738325119019,
          -995.631803357866,
          -991.9081161032782,
          -984.0741227171155,
          -989.0487503878276,
          -995.1975061564976,
          -996.149463365343,
          -990.3199043528241,
          -997.6860041787887,
          -991.6742915238276,
          -996.2600176917183,
          -995.8471657435099,
          -986.2239298184712,
          -988.7664191669887,
          -999.1124319203698,
          -991.2035572814942,
          -989.705929597219,
          -988.2124588097467,
          -992.9920002788969,
          -996.5343601820206,
          -998.3495649973552,
          -989.0419409243262,
          -998.3630382431878,
          -989.9844228553771,
          -989.5936348554825,
          -993.3775807804532,
          -997.0421849356759,
          -997.7334948582119,
          -995.0058084021675,
          -989.3496144443089,
          -983.3812177764045,
          -986.5197021632727,
          -992.7300706079271,
          -984.8248354699875,
          -995.7650379265679,
          -988.0116260676912,
          -988.9543865331016,
          -999.448380355835,
          -994.2495761977303,
          -993.2597511015995,
          -990.0702679083086,
          -990.6459602970547,
          -988.4793515904743,
          -993.9484026739334,
          -1001.427796022627,
          -999.8020497979057,
          -993.0811268509761,
          -996.3032096523706,
          -993.1168596437245,
          -1003.3649349318612,
          -992.2463804859583,
          -989.0586636818781,
          -998.0661298116052,
          -989.6775994173685,
          -991.395964503818,
          -980.6347196303475,
          -994.31845310635,
          -995.4233285755582,
          -996.5250184165106,
          -985.3479882833692,
          -993.5909339014688,
          -978.8970143614875,
          -993.8612722693548,
          -997.621548177931,
          -952.4608149931167,
          -991.3684401999582,
          -982.4648497941757,
          -992.5157647641497,
          -1000.2212846946717,
          -996.1184451929728,
          -1015.5357915157743,
          -1034.1982993104725,
          -1003.5396211942035,
          -1027.0833009868197,
          -982.81865453932
        ]
      ]
    ]
  },
  {
    "vqe2_energy": [
      -86.01316287274682,
      -141.30355817012816,
      -121.33906367703202
    ],
    "vqe2_vector": [
      [
        0,
        1,
        0,
        0,
        1,
        0,
        0,
        0,
        0,
        0,
        0,
        0
      ],
      [
        1,
        0,
        1,
        0,
        1,
        0,
        0,
        1,
        0,
        0,
        0,
        1
      ],
      [
        0,
        0,
        0,
        0,
        1,
        0,
        0,
        0,
        0,
        0,
        1,
        0
      ]
    ],
    "vqe2_min_error": [
      39.12882898589432,
      3.758726077052188e-05,
      14.128830412811899
    ],
    "vqe2_params": [
      [
        0.6581696311830677,
        2.9489974392770666,
        5.182802001832098,
        4.942551352915539,
        1.2495301499295766,
        6.455973514704134,
        3.034671150438769,
        4.909338338002172,
        5.384162362348065,
        2.1966178594201446,
        5.01685918998286,
        2.3502333348387245,
        5.1777377707371395,
        3.2531948703515576,
        2.4478465178766395,
        6.706960479876301,
        4.661054200381256,
        4.692661510220513,
        5.972078255505201,
        4.554926089761013,
        6.215595666140707,
        4.458461941024117,
        0.33240127506685113,
        0.015563902966488546,
        0.5398103821773506,
        1.95562868555732,
        1.3160709089375437,
        5.053210406257164,
        5.348230388197715,
        6.158411620502556,
        2.4857355663250824,
        5.734974888555619,
        6.8034370975906056,
        4.285340789528271,
        3.7714714998119483,
        4.718661107651189,
        5.722990045396003,
        1.9379990433540752,
        4.1724479445111315,
        6.934102370534817,
        6.249759595284151,
        5.22195097322922,
        2.942284464846134,
        5.370220507402362,
        4.323642320792674,
        0.976943258730488,
        2.5352135561494276,
        4.561488836697503
      ],
      [
        5.577525305993048,
        5.808860681052992,
        4.742565558612258,
        4.173789582887814,
        6.263413267088373,
        3.28525848472898,
        1.1944162370133442,
        3.636951651617986,
        4.550847166054773,
        3.8407966720354727,
        1.0736228843669342,
        3.786356573396321,
        1.2346247456535897,
        2.8446329251996847,
        5.000532167579022,
        2.4801904142125353,
        3.5552373521423486,
        5.371680003892884,
        4.267505127601274,
        3.206075578110318,
        4.415949675241134,
        1.1074032992784109,
        2.669597042449683,
        4.660471300806512,
        4.259340467115329,
        2.9518615903631633,
        2.0574224733158664,
        4.084368535555793,
        0.834856703629086,
        2.4941983094668796,
        3.5211184714270223,
        2.3199095393128673,
        4.90982943118917,
        1.4937563974641928,
        1.8347055707728492,
        0.5850527818346744,
        3.602740204292341,
        2.1501533439529528,
        5.58290752576559,
        0.3416216514527577,
        0.2909895171073114,
        3.894009862828805,
        4.858067559555473,
        3.7555347468930105,
        4.208715693707022,
        2.84797993359377,
        1.2920085597469295,
        1.9866795762550693,
        2.4272527337152976,
        4.907481710605592,
        2.201244651972885,
        2.9524093011792574,
        3.613501178959004,
        5.270722344570565,
        3.6266103194149473,
        2.3904833722464076,
        3.5902924156155187,
        1.9511496908979165,
        4.513626281190274,
        0.22125017326317692,
        1.7077173640510246,
        2.843183950646867,
        1.8616174073940235,
        5.662940936769041,
        5.251783029911102,
        3.212626085078493,
        2.326771167571144,
        5.128296729900791,
        2.985180933380424,
        1.3389491816807677,
        0.8514295906673166,
        6.089392316539519
      ],
      [
        0.5128432293724371,
        1.420359578133681,
        4.529594776802526,
        6.372128360875069,
        0.994715083176717,
        1.4787535464774835,
        5.7428957031354715,
        5.467349549673665,
        0.7196917941191782,
        3.351633054547637,
        6.989150619173371,
        4.400281338633089,
        2.3369777283374513,
        1.8148212429300479,
        3.6238396338918717,
        4.392659610138089,
        6.814932409608122,
        5.541717545714806,
        6.0829067449638465,
        1.6974172089505641,
        5.3214050261719725,
        2.9981535905801824,
        4.210449064888217,
        0.20702592718170032,
        1.061249492339557,
        3.5030390748425715,
        0.5152490320286839,
        3.6800646388685996,
        6.065093656749798,
        4.803825659494973,
        1.69233666173638,
        2.322226077739495,
        0.42859950559429194,
        2.9557485147228175,
        4.494998945278891,
        5.067533667610709,
        0.6024068240990259,
        0.8223859046801717,
        3.055891045593063,
        4.261835680741435,
        0.30447885478810294,
        3.7465501426745176,
        2.364432130611854,
        4.521546068207697,
        1.1934173433750646,
        4.8988587020831655,
        2.9435897887797906,
        4.525364448165995,
        5.143539513283858,
        2.9728530176899244,
        2.5379014657177543,
        0.5692450887915046,
        4.310739198033407,
        1.101256890731785,
        6.175349706338415,
        2.137045440955482,
        5.7833874822901015,
        1.755969598893213,
        4.668966068530551,
        4.606060557414081,
        2.824298624726858,
        3.096863830960089,
        1.6431680228044119,
        6.269428289992091,
        5.577815992986694,
        2.5764084910164855,
        1.7185549385725387,
        2.7872153491974503,
        0.7936345771964055,
        1.6363369472315996,
        1.946194327644128,
        3.6257791171302056,
        4.160555089152431,
        3.90446039382718,
        6.051421687179803,
        0.4081186581647582,
        4.022342593050917,
        2.3626293110601075,
        4.9151387082166895,
        1.327997318046188,
        4.19620987559325,
        0.5121254729616076,
        2.882947304440711,
        4.240607816889914,
        3.901697678562849,
        0.14889961058948034,
        1.0046980385769526,
        2.9792464837225205,
        4.048637380549463,
        3.0691464519980793,
        3.3270972823404112,
        5.914165765007517,
        0.6623535887776945,
        6.0713762252917185,
        6.008094430530306,
        1.0403381491772894,
        3.5834457391938708,
        6.271105462186109,
        4.728828283925394,
        0.8144503465856326,
        2.7053347898157383,
        0.9362835453463874,
        4.339903502056472,
        0.6409732126281057,
        2.2323371721884726,
        2.21256958338612,
        3.644363525310636,
        2.0577984337502127
      ]
    ],
    "vqe2_time": [
      75.63632583618164,
      40.88718128204346,
      72.66652131080627
    ],
    "solution_vector": [
      0,
      0,
      1,
      0,
      0,
      0,
      0,
      0,
      1,
      1,
      0,
      1
    ],
    "solution_min_energy": -141.303611282285,
    "solution_time": 0.02124166488647461,
    "matrix_size": 12,
    "qubo_matrix": [
      [
        -33.07429514552401,
        4.403243953690504,
        8.806487907381008,
        2.201621976845252,
        2.201621704875238,
        4.403243409750476,
        8.806486819500952,
        2.201621704875238,
        2.2016199229275975,
        4.403239845855195,
        8.80647969171039,
        2.2016199229275975
      ],
      [
        4.403243953690504,
        -61.74534633735752,
        17.612975814762017,
        4.403243953690504,
        4.403243409750476,
        8.806486819500952,
        17.612973639001904,
        4.403243409750476,
        4.403239845855195,
        8.80647969171039,
        17.61295938342078,
        4.403239845855195
      ],
      [
        8.806487907381008,
        17.612975814762017,
        -105.87771685995301,
        8.806487907381008,
        8.806486819500952,
        17.612973639001904,
        35.22594727800381,
        8.806486819500952,
        8.80647969171039,
        17.61295938342078,
        35.22591876684156,
        8.80647969171039
      ],
      [
        2.201621976845252,
        4.403243953690504,
        8.806487907381008,
        -33.07429514552401,
        2.201621704875238,
        4.403243409750476,
        8.806486819500952,
        2.201621704875238,
        2.2016199229275975,
        4.403239845855195,
        8.80647969171039,
        2.2016199229275975
      ],
      [
        2.201621704875238,
        4.403243409750476,
        8.806486819500952,
        2.201621704875238,
        -33.07430335489025,
        4.403258440807379,
        8.806516881614758,
        2.2016292204036896,
        2.201621454234174,
        4.403242908468348,
        8.806485816936696,
        2.201621454234174
      ],
      [
        4.403243409750476,
        8.806486819500952,
        17.612973639001904,
        4.403243409750476,
        4.403258440807379,
        -61.74534826897311,
        17.613033763229517,
        4.403258440807379,
        4.403242908468348,
        8.806485816936696,
        17.612971633873393,
        4.403242908468348
      ],
      [
        8.806486819500952,
        17.612973639001904,
        35.22594727800381,
        8.806486819500952,
        8.806516881614758,
        17.613033763229517,
        -105.8776627747167,
        8.806516881614758,
        8.806485816936696,
        17.612971633873393,
        35.225943267746786,
        8.806485816936696
      ],
      [
        2.201621704875238,
        4.403243409750476,
        8.806486819500952,
        2.201621704875238,
        2.2016292204036896,
        4.403258440807379,
        8.806516881614758,
        -33.07430335489025,
        2.201621454234174,
        4.403242908468348,
        8.806485816936696,
        2.201621454234174
      ],
      [
        2.2016199229275975,
        4.403239845855195,
        8.80647969171039,
        2.2016199229275975,
        2.201621454234174,
        4.403242908468348,
        8.806485816936696,
        2.201621454234174,
        -33.074292854157434,
        4.403239910102428,
        8.806479820204856,
        2.201619955051214
      ],
      [
        4.403239845855195,
        8.80647969171039,
        17.61295938342078,
        4.403239845855195,
        4.403242908468348,
        8.806485816936696,
        17.612971633873393,
        4.403242908468348,
        4.403239910102428,
        -61.74534579821244,
        17.612959640409713,
        4.403239910102428
      ],
      [
        8.80647969171039,
        17.61295938342078,
        35.22591876684156,
        8.80647969171039,
        8.806485816936696,
        17.612971633873393,
        35.225943267746786,
        8.806485816936696,
        8.806479820204856,
        17.612959640409713,
        -105.87773195601517,
        8.806479820204856
      ],
      [
        2.2016199229275975,
        4.403239845855195,
        8.80647969171039,
        2.2016199229275975,
        2.201621454234174,
        4.403242908468348,
        8.806485816936696,
        2.201621454234174,
        2.201619955051214,
        4.403239910102428,
        8.806479820204856,
        -33.074292854157434
      ]
    ],
    "ansatze": [
      "twolocal",
      "alternating_ry_rz",
      "random_circuit"
    ],
    "histories_energy": [
      [
        [
          32.987756124711844,
          50.88761909572092,
          44.94230042299315,
          44.240231200063164,
          56.842562751705586,
          60.12333110520163,
          -8.990899476151776,
          -15.438990516214016,
          -20.28331246932086,
          -34.034245539054936,
          -44.0807731968533,
          -28.316348198051408,
          -44.81942782351898,
          -46.79643707451412,
          -46.63087356160016,
          -48.06757404954132,
          -55.20553870492684,
          -55.76334379314779,
          -55.83061313146784,
          -58.209984178892185,
          -62.47648236441906,
          -61.06560103669829,
          -51.64981069262574,
          -56.08641912846023,
          -53.80123890333574,
          -47.584476551661275,
          -76.81813356368318,
          -67.99671654320692,
          -79.92764851132013,
          -74.3396885432392,
          -76.51012467763549,
          -85.65662691333515,
          -85.26139602957143,
          -81.74318440726928,
          -76.54460252023699,
          -88.36549202376428,
          -88.16727128447012,
          -81.20056456331127,
          -86.20988517614865,
          -86.31617804453326,
          -89.55797991032792,
          -87.4838954513918,
          -82.99160399560223,
          -86.07200704795981,
          -86.84174707419908,
          -90.30775072861793,
          -89.39067900902761,
          -87.44335828501715,
          -89.55773848736392,
          -106.70784362882551,
          -108.85940010855303,
          -107.82041466795437,
          -112.357981978044,
          -113.36398728444273,
          -114.1130951150343,
          -115.27412703127413,
          -111.46905173066983,
          -113.96900156307439,
          -111.52950275245135,
          -115.00120156844082,
          -114.7512134338834,
          -118.1619598118928,
          -116.53461556152163,
          -118.48563957322932,
          -117.01788496574514,
          -117.95824872920342,
          -118.02508833182847,
          -117.40318873321218,
          -115.6888075091912,
          -117.18068343479607,
          -115.58124715450793,
          -117.74220638907256,
          -116.28927275258187,
          -117.08616542390489,
          -117.10840138293909,
          -117.13430327262212,
          -117.77317555535306,
          -113.74144033057777,
          -117.931934412773,
          -117.51605606964571,
          -117.44550527887581,
          -114.74549727247322,
          -118.59921150521495,
          -117.0742611500546,
          -116.80373769563391,
          -118.58485848708104,
          -118.60778614487062,
          -118.01175355595635,
          -118.11088132667291,
          -118.01040234033343,
          -115.29481008625696,
          -116.93616846327622,
          -118.15718736952167,
          -118.78558285118051,
          -117.60170901824785,
          -118.36273156424308,
          -116.42769257273623,
          -118.67879006663432,
          -117.86751710776004,
          -116.27869888315927,
          -114.0485268278215,
          -116.2153269905316,
          -116.39571068748464,
          -117.54174898952884,
          -115.86650613152648,
          -119.28434570008112,
          -117.61249500262475,
          -118.2563211341425,
          -120.00154740779372,
          -118.66178298265397,
          -118.63108389654172,
          -118.80884097541603,
          -117.76875844349644,
          -118.2446904843023,
          -118.07953856462393,
          -120.6893393080756,
          -119.38922012954468,
          -118.03755111400991,
          -120.05874596176174,
          -118.32602391023414
        ]
      ],
      [
        [
          -115.85817222070895,
          -116.16233714501992,
          -114.5495015430641,
          -117.6867827080167,
          -115.92332865897276,
          -120.5734340784619,
          -119.3204197749156,
          -121.58736952961095,
          -121.77416358948199,
          -121.93434590833832,
          -122.5613790177299,
          -121.11956929265342,
          -124.43142761664797,
          -123.40885770328181,
          -109.41419751019492,
          -121.90304647057965,
          -122.93704754641278,
          -122.70358184297176,
          -117.00467882133279,
          -120.25776638511908,
          -123.84586734203384,
          -122.26883256054501,
          -122.79666533732079,
          -119.78723487871491,
          -121.78836027243248,
          -123.6683379993869,
          -122.4441344011592,
          -123.67458938625114,
          -123.49349455756828,
          -124.3892654169276,
          -114.11388538194589,
          -117.64426634024883,
          -122.6502934901814,
          -121.66259301443077,
          -123.18734240636643,
          -124.23088791636529,
          -122.21314989212064,
          -122.02670445897903,
          -122.70249017362364,
          -121.86637583046786,
          -123.43352148905714,
          -124.02708924174192,
          -123.21814885841637,
          -123.67825898934136,
          -121.50043500879778,
          -122.70264734240482,
          -123.47556246906858,
          -123.95335266275688,
          -123.70278187859535,
          -124.83929249598015,
          -123.1903563163356,
          -123.83971828973299,
          -123.47095995482522,
          -123.90437083844714,
          -122.78399040537289,
          -123.87640536642266,
          -123.85562258199619,
          -124.08266916403204,
          -124.24367657080813,
          -122.60208875767009,
          -124.09663457445279,
          -123.98861603021166,
          -124.12119609528656,
          -123.3966179004126,
          -123.80874894044818,
          -123.80124173054939,
          -124.6517572140531,
          -123.93528720024969,
          -122.22235171905913,
          -125.36995888884414,
          -122.82313650205573,
          -122.66935377114748,
          -124.73048880769032,
          -118.48329298962823,
          -122.75519656965497,
          -105.69322889055044,
          -117.44632188527393,
          -121.89419295948443,
          -122.8175098544373,
          -124.58065624057497,
          -124.58003917462479,
          -124.73113796129775,
          -122.49538007703737,
          -124.70801152442343,
          -124.04742243680863,
          -123.4561487572324,
          -122.42477339641763,
          -124.39764335188966,
          -122.26575327466256,
          -124.49261280978516,
          -122.76081827409648,
          -119.35840896633891,
          -120.77186892386975,
          -123.751487473519,
          -124.02724949493944,
          -123.66485365781452,
          -124.13964785569974,
          -123.81074748515425,
          -123.57557967878296,
          -122.72606310936396,
          -121.93624989576992,
          -124.04898181640758,
          -123.5955776949933,
          -119.85148479378614,
          -127.92125063227368,
          -126.39500730260946,
          -127.10840022703778,
          -125.40950773000185,
          -126.13386425093852,
