[
  {
    "vqe2_energy": [
      -136.25522682685863,
      -136.25522682685863,
      -127.91428997099658
    ],
    "vqe2_vector": [
      [
        0,
        0,
        1,
        0,
        1,
        1,
        0,
        1
      ],
      [
        0,
        0,
        1,
        0,
        1,
        1,
        0,
        1
      ],
      [
        0,
        1,
        1,
        0,
        0,
        0,
        1,
        0
      ]
    ],
    "vqe2_min_error": [
      3.5234292572461356e-05,
      3.5234292572461356e-05,
      6.121586760232123
    ],
    "vqe2_params": [
      [
        3.7507876874946002,
        6.321204998045206,
        5.539832647570628,
        3.827299388793679,
        4.398627840026192,
        5.336605037732886,
        4.346490668081052,
        3.3406648073900658,
        6.393987277347829,
        5.1329807073319245,
        1.469863672821272,
        4.964095256578184,
        6.280964462399072,
        5.61093057680904,
        3.454962225654666,
        1.1452264667021879,
        5.226760423778763,
        -0.015946760693742068,
        2.9386165147865313,
        5.549960157794666,
        4.600007419591716,
        3.086600727447928,
        6.985913178040931,
        2.729638241138271,
        3.3994794863455327,
        3.623153943343855,
        3.4213435352623276,
        0.9624021834547525,
        0.3435886282333593,
        0.1813463078216498,
        4.985251040138315,
        1.289232145583555
      ],
      [
        4.336857038934124,
        2.747215762393349,
        1.964984769788328,
        3.7946960445578846,
        4.541488206383181,
        5.582743561239892,
        3.749526182379929,
        1.5461955869558064,
        2.208965951481196,
        2.400749983267667,
        4.047972868618128,
        4.880642926577822,
        3.9670363707830103,
        2.441926438315003,
        4.470846137353116,
        1.5009077272141764,
        2.458941716336056,
        6.698192119600835,
        1.2602415285580237,
        6.08688764206324,
        5.442041016307362,
        6.429842112785471,
        5.463383009245545,
        3.801539693283109,
        2.437076750726056,
        6.198500689185002,
        0.5160529702575317,
        0.3620043491234855,
        0.584955034062968,
        5.691194513326993,
        3.4693378265939243,
        4.028886362284719,
        4.8877323772132835,
        6.038211062246333,
        0.02739617255619092,
        2.3709648905209555,
        0.36829663790082506,
        1.2390516793787938,
        0.7336883596805637,
        6.26848317070088,
        0.845860019356859,
        0.6196440234209847,
        1.5338705815729574,
        5.767346660333982,
        3.488247163505285,
        0.5170823300899189,
        4.258051625598416,
        2.3624721231261585
      ],
      [
        2.83108565634865,
        3.2974147446902107,
        3.4669895708030367,
        2.006666040822324,
        3.0298555154260516,
        6.589840811406281,
        1.72098073103058,
        6.530760777140647,
        3.5323924010230012,
        5.998802830321307,
        5.803385338865103,
        5.031864676369023,
        0.900044179607716,
        1.1198587724492877,
        1.3393828881596692,
        3.4792349965800744,
        3.971914489157421,
        4.300373602889596,
        1.1506632008771023,
        2.960838690155433,
        6.984380508118319,
        4.77395604529232,
        3.2773639359950604,
        2.7329112035782672,
        2.566569081580857,
        4.55112970384385,
        0.29400269589944666,
        2.2009506728553347,
        4.853279759311551,
        5.710140338207312,
        1.1968274675551986,
        0.3298873882805266,
        0.3397831666055662,
        5.389645435422716,
        0.7014485751724168,
        3.9588818742092626,
        4.700702920319902,
        3.4469860165478243,
        3.8842954249895207,
        0.726258349441685,
        6.243211860040255,
        1.8652976649317727,
        0.9813101910494961,
        1.1591483433062102,
        3.8954037828373687,
        6.042518641595472,
        5.408399843739859,
        5.272001993140814,
        1.5952227205919491,
        0.810334235895489,
        4.519409139338503,
        5.5892377402452045,
        3.2606729296341146,
        3.938158063573435,
        5.723336601541642,
        4.8140451438195,
        4.000658943987559,
        5.092843099405764,
        4.500926134163773,
        2.2363345793926745,
        3.2757178793266464,
        1.1176712140660652,
        3.0863642035225194,
        1.2127644421334263,
        3.1780217971609726,
        3.4312603065591945,
        2.1228320377966186,
        4.082469737019023,
        0.14057408400138577,
        2.5347504155791225,
        5.727948786154783,
        1.2591586432754835
      ]
    ],
    "vqe2_time": [
      5.417925834655762,
      4.3832831382751465,
      6.550536870956421
    ],
    "solution_vector": [
      0,
      0,
      0,
      0,
      1,
      1,
      1,
      1
    ],
    "solution_min_energy": -136.25527483544082,
    "solution_time": 0.021007776260375977,
    "matrix_size": 8,
    "qubo_matrix": [
      [
        -31.87355120320647,
        4.240472962881558,
        8.480945925763116,
        2.120236481440779,
        2.120236412271311,
        4.240472824542622,
        8.480945649085244,
        2.120236412271311
      ],
      [
        4.240472962881558,
        -59.50662944353139,
        16.961891851526232,
        4.240472962881558,
        4.240472824542622,
        8.480945649085244,
        16.96189129817049,
        4.240472824542622
      ],
      [
        8.480945925763116,
        16.961891851526232,
        -102.05136703553654,
        8.480945925763116,
        8.480945649085244,
        16.96189129817049,
        33.92378259634098,
        8.480945649085244
      ],
      [
        2.120236481440779,
        4.240472962881558,
        8.480945925763116,
        -31.87355120320647,
        2.120236412271311,
        4.240472824542622,
        8.480945649085244,
        2.120236412271311
      ],
      [
        2.120236412271311,
        4.240472824542622,
        8.480945649085244,
        2.120236412271311,
        -31.87356641467919,
        4.2404734457854545,
        8.480946891570909,
        2.1202367228927272
      ],
      [
        4.240472824542622,
        8.480945649085244,
        16.96189129817049,
        4.240472824542622,
        4.2404734457854545,
        -59.506659383572924,
        16.961893783141818,
        4.2404734457854545
      ],
      [
        8.480945649085244,
        16.96189129817049,
        33.92378259634098,
        8.480945649085244,
        8.480946891570909,
        16.961893783141818,
        -102.05142498400403,
        8.480946891570909
      ],
      [
        2.120236412271311,
        4.240472824542622,
        8.480945649085244,
        2.120236412271311,
        2.1202367228927272,
        4.2404734457854545,
        8.480946891570909,
        -31.87356641467919
      ]
    ],
    "ansatze": [
      "twolocal",
      "alternating_ry_rz",
      "random_circuit"
    ],
    "histories_energy": [
      [
        [
          -101.68665655450505,
          -106.38357006923324,
          -98.9586439788949,
          -111.7089149350141,
          -102.12680854939015,
          -109.38870031289967,
          -114.67352895707498,
          -113.48086429073372,
          -117.7666389787645,
          -117.96772859869921,
          -117.40399847821331,
          -113.85911317595443,
          -117.43179040228746,
          -118.06159345607347,
          -116.85371542941043,
          -117.60483100756441,
          -118.25095960309234,
          -117.54397318722377,
          -115.5662540723789,
          -118.48077796983539,
          -116.9498505378601,
          -116.05480556058204,
          -116.64198111581341,
          -118.95729453186345,
          -118.38865540657845,
          -117.44922846424782,
          -117.67165236202152,
          -118.84428423760448,
          -118.08393083455141,
          -118.86390792333509,
          -117.5980776407603,
          -118.5362159305072,
          -118.89165522697365,
          -115.24326989550323,
          -117.09288023893798,
          -122.48385776717764,
          -122.3844655127818,
          -120.35038305269583,
          -120.57277934215541,
          -122.14838600303398,
          -115.71703022329051,
          -122.82010614047934,
          -126.81451703106023,
          -125.21518929010412,
          -127.26891249431485,
          -128.29653793931982,
          -127.66521144349417,
          -128.8196296487778,
          -128.14395460439997,
          -129.10636268903198,
          -129.07442665860884,
          -130.66711880447832,
          -129.52331303597398,
          -126.15948464037656,
          -129.2395487561647,
          -129.67215271922282,
          -130.32482599542857,
          -128.74396285300233,
          -130.03140276060552,
          -129.36895174267465,
          -129.81406767816878,
          -130.04082632939483,
          -128.54870401790615,
          -127.57539429974372,
          -129.64806017983324,
          -129.75080151602768,
          -130.28786606504406,
          -128.2805687887319,
          -129.59643115607295,
          -129.1683627239954,
          -130.11586726964168,
          -126.63130745515406,
          -130.4386490938329,
          -128.7480131668743,
          -130.6729526208538,
          -128.95929613937602,
          -131.2721078033815,
          -128.61156032393433,
          -130.98334306935183,
          -131.22838355930665
        ]
      ],
      [
        [
          -107.15582973356612,
          -111.67853039456259,
          -105.41602652684885,
          -112.96326953545069,
          -114.99780581505468,
          -110.21518252907433,
          -115.06321336114239,
          -106.63750527999017,
          -117.70489804120474,
          -116.93247998587488,
          -122.69964389285153,
          -124.58506853791185,
          -124.72041113121657,
          -124.08684000792401,
          -122.26491574626365,
          -126.49986542637325,
          -125.94942507305795,
          -125.20326301332749,
          -128.3746812181543,
          -127.10601729758554,
          -128.24340203336823,
          -127.57380292821121,
          -131.10688496281153,
          -129.73515207734198,
          -129.74390116854178,
          -130.94881165860787,
          -130.2649022217235,
          -130.56944740956627,
          -130.49898342860322,
          -130.2388106310431,
          -130.39424976621785,
          -130.0457333502086,
          -130.28374878803592,
          -130.36125728534358,
          -130.57598174796337,
          -130.26619129938214,
          -130.0311207032053,
          -131.0859274914655,
          -130.78241627334828,
          -130.45667935837272,
          -130.77458095466045,
          -130.68065961432384,
          -130.66213592634958,
          -131.07189243980258,
          -129.96832490535962,
          -130.37549185882915,
          -130.83195417494852,
          -130.3228420232815,
          -130.94172229112462,
          -125.95128050832713,
          -129.70157740755548,
          -129.60256462202256,
          -129.92880751029108,
          -130.72984053729192,
          -130.35695679169328,
          -129.7836807046929,
          -129.98420463039247,
          -130.0862797339036,
          -129.86763666787544,
          -121.8457870524548,
          -128.6164147998365,
          -130.70100588069587,
          -129.89379610742253,
          -125.796926614442,
          -130.36072392596452,
          -130.70635146794416,
          -130.42052917289672,
          -128.5708908196109,
          -130.35653388627549,
          -131.96043796513086,
          -131.5892632832462,
          -128.9112351488117,
          -131.54261394076258,
          -129.11990124249218,
          -130.87682857961516,
          -132.3007641653051,
          -132.0078201848446,
          -131.7429239194385,
          -131.89146314383476,
          -131.553514566879
        ]
      ],
      [
        [
          -116.62193476249898,
          -116.91624294895651,
          -114.16731258957546,
          -117.13256678429488,
          -117.34721204971348,
          -117.06673516301433,
          -117.61146284355611,
          -118.80331823577369,
          -119.80711607498758,
          -120.55386946894053,
          -115.9036270212889,
          -120.96537156069739,
          -118.56205000368217,
          -120.50768819444674,
          -120.7115662691566,
          -117.04156853704262,
          -119.66253619454461,
          -120.67886220555721,
          -118.89742920793195,
          -120.6390287522039,
          -120.25162817216084,
          -121.14619058872132,
          -117.80925496962482,
          -120.3074769416477,
          -118.53305503273049,
          -118.93883500325202,
          -119.66809361988847,
          -119.8267777064406,
          -119.82543346535338,
          -117.37669465288629,
          -119.87726146065928,
          -120.15721388756191,
          -119.07528132983518,
          -119.24625720003218,
          -120.16984929008763,
          -119.60000889958022,
          -119.45732694242315,
          -119.46109214113426,
          -121.33472450495401,
          -119.55245842583622,
          -120.37758343300065,
          -119.34062147737838,
          -119.95912537828134,
          -119.04727971939744,
          -120.41346501119047,
          -120.29324087904646,
          -120.28762755893501,
          -120.47153690662564,
          -119.62677714215327,
          -119.81267818766975,
          -118.75422539664487,
          -118.68605032611354,
          -118.3343449429505,
          -119.62165484588793,
          -120.04916912142814,
          -119.32207878465634,
          -119.74969261416979,
          -120.12803333215396,
          -119.2580696006761,
          -119.85173374114456,
          -120.00976424269425,
          -119.49151807541708,
          -119.48758384223356,
          -119.64503434570554,
          -119.84396846128269,
          -120.17642682670485,
          -119.50229751133759,
          -119.10361922068634,
          -120.30116361649156,
          -120.43174526637299,
          -120.83179925496648,
          -120.8907280492298,
          -119.80098585130838,
          -118.29817710950667,
          -119.19037588314539,
          -115.52636284176354,
          -119.1321675049704,
          -116.03566388879942,
          -117.84238120144053,
          -116.74113459578844
        ]
      ]
    ]
  },
  {
    "vqe2_energy": [
      -94.98230541459388,
      -94.98229012497504,
      -93.47197821386239
    ],
    "vqe2_vector": [
      [
        0,
        1,
        1,
        0,
        1,
        0,
        0,
        1
      ],
      [
        0,
        1,
        1,
        1,
        1,
        0,
        0,
        0
      ],
      [
        0,
        1,
        0,
        0,
        0,
        0,
        1,
        1
      ]
    ],
    "vqe2_min_error": [
      2.4403894227642553e-05,
      4.0501224185529594e-05,
      1.5901382946450604
    ],
    "vqe2_params": [
      [
        1.6615739421289804,
        6.048823338377859,
        5.525609441652137,
        2.263637991522505,
        2.1664490747508407,
        6.4266458946450395,
        0.5153342199949961,
        2.7648163693883006,
        2.5489253130613014,
        1.131236453360096,
        3.3402370725354276,
        3.4897048067231036,
        5.214845421810202,
        3.4897104556541048,
        6.5362904255734415,
        5.493828153273383,
        5.407884604279124,
        6.487922984217934,
        6.117533168514767,
        0.6052555988975082,
        2.32451077956306,
        3.244270848276678,
        3.0145109512182473,
        3.0125739473223994,
        6.578784144208787,
        1.9745018501743044,
        6.294484552514444,
        1.6369402440582417,
        3.3797098741053335,
        4.292826080463984,
        5.775342534789118,
        3.08590049123042
      ],
      [
        5.111546213749186,
        7.194248207590819,
        3.911967883564491,
        5.730016226860551,
        4.472486552411853,
        5.129761256316798,
        5.224591988298225,
        0.505087241068936,
        3.3434480680625076,
        5.096522960052303,
        0.49148816548636964,
        0.7613869623053476,
        2.1287364289067505,
        4.770152569229182,
        1.8580116117741736,
        7.13050705361264,
        3.095185553804692,
        0.22497493113068012,
        4.476131136781517,
        4.239566410041954,
        0.7724755107161025,
        6.119016173664877,
        4.161127233124717,
        1.1755327041416435,
        1.4550365954654862,
        0.6960798346021904,
        0.2301274859190845,
        3.217194765141476,
        0.22075896409668547,
        1.6161651104132069,
        1.959007006376718,
        0.8309990065713266,
        3.175521302830319,
        1.600441938826703,
        0.36632936327702204,
        1.4724215053368301,
        4.120151672828091,
        0.648501924287905,
        3.4472610760149327,
        1.8382770088068674,
        4.354504812776839,
        3.037135014508994,
        4.1781893785860404,
        0.9883434304065867,
        1.760221733100413,
        4.020003903471777,
        1.5262715722885278,
        5.943763210735652
      ],
      [
        1.6574878941879052,
        5.040957158357232,
        6.272952507258529,
        5.792566029576398,
        5.789021596521339,
        4.120593872413343,
        1.537112162168854,
        2.384846334824176,
        1.8994875492396375,
        4.882351793049464,
        4.079701722297297,
        4.432401339826966,
        3.1751459929339894,
        0.7929092052653722,
        2.342309763931837,
        1.4631105357212288,
        3.5850647105012508,
        4.742192218275705,
        3.536125052819647,
        2.1845410342246017,
        3.93039655371805,
        2.3367210983650573,
        3.9094617663855873,
        0.4686063585867569,
        2.283268012305988,
        2.7062612983089394,
        6.831194135309874,
        1.0527213268066853,
        2.2638882059948773,
        1.1074125376809207,
        3.018525451051231,
        2.2715139320950666,
        4.959493775534197,
        2.8147467812456086,
        1.2832801749986653,
        4.626117150612545,
        5.00490684207577,
        0.598818613309323,
        0.32147851349319817,
        2.9187502195534885,
        4.233615151265539,
        5.314184200130465,
        2.3809016708217414,
        5.581350323582451,
        3.212589062534591,
        4.448543864672164,
        1.6449688228126533,
        4.618880793501209,
        4.906389574533659,
        3.362143525012316,
        4.416580358794971,
        5.417041471574761,
        1.1628553238314434,
        5.394072014797042,
        4.584371084001542,
        1.7690520808500978,
        4.98211225347025,
        4.541184964770673,
        5.659357133263831,
        5.458466836798564,
        3.1519868433043507,
        3.707016559403197,
        3.969391239529052,
        2.841181019861589,
        5.253981798083553,
        1.3900686417929702,
        1.7808880325311887,
        5.996637734497871,
        3.5429836367168255,
        3.5668135758643,
        5.945282189695157,
        1.4890206727981803
      ]
    ],
    "vqe2_time": [
      4.096582889556885,
      7.8586649894714355,
      8.151567935943604
    ],
    "solution_vector": [
      1,
      0,
      0,
      1,
      0,
      1,
      1,
      0
    ],
    "solution_min_energy": -94.98232859398088,
    "solution_time": 0.02149510383605957,
    "matrix_size": 8,
    "qubo_matrix": [
      [
        -22.235220935700195,
        2.960696301719794,
        5.921392603439588,
        1.480348150859897,
        1.4803478050125554,
        2.9606956100251107,
        5.9213912200502214,
        1.4803478050125554
      ],
      [
        2.960696301719794,
        -41.5097455696806,
        11.842785206879176,
        2.960696301719794,
        2.9606956100251107,
        5.9213912200502214,
        11.842782440100443,
        2.9606956100251107
      ],
      [
        5.921392603439588,
        11.842785206879176,
        -71.17670593248201,
        5.921392603439588,
        5.9213912200502214,
        11.842782440100443,
        23.685564880200886,
        5.9213912200502214
      ],
      [
        1.480348150859897,
        2.960696301719794,
        5.921392603439588,
        -22.235220935700195,
        1.4803478050125554,
        2.9606956100251107,
        5.9213912200502214,
        1.4803478050125554
      ],
      [
        1.4803478050125554,
        2.9606956100251107,
        5.9213912200502214,
        1.4803478050125554,
        -22.235235181365123,
        2.960698716239273,
        5.921397432478546,
        1.4803493581196365
      ],
      [
        2.9606956100251107,
        5.9213912200502214,
        11.842782440100443,
        2.9606956100251107,
        2.960698716239273,
        -41.50977164649097,
        11.842794864957092,
        2.960698716239273
      ],
      [
        5.9213912200502214,
        11.842782440100443,
        23.685564880200886,
        5.9213912200502214,
        5.921397432478546,
        11.842794864957092,
        -71.17674842802485,
        5.921397432478546
      ],
      [
        1.4803478050125554,
        2.9606956100251107,
        5.9213912200502214,
        1.4803478050125554,
        1.4803493581196365,
        2.960698716239273,
        5.921397432478546,
        -22.235235181365123
      ]
    ],
    "ansatze": [
      "twolocal",
      "alternating_ry_rz",
      "random_circuit"
    ],
    "histories_energy": [
      [
        [
          -82.61138516327422,
          -84.51187786777274,
          -82.62369068870694,
          -84.04284527345368,
          -85.67238975247665,
          -84.96630242019033,
          -85.85936196895898,
          -75.34073591446992,
          -87.40459341579763,
          -86.38288799943959,
          -86.22279405345505,
          -85.57219783593416,
          -86.45371464353211,
          -86.75699786957179,
          -85.16568222878638,
          -86.62457759795103,
          -86.35019116943198,
          -85.44928888852792,
          -82.25791659450064,
          -86.99954238973271,
          -86.97537008842852,
          -86.63661375840728,
          -88.60935285898675,
          -88.41730592782973,
          -89.37430067413388,
          -89.82619598626451,
          -89.64379761846256,
          -89.5884069476027,
          -89.39277210213616,
          -89.4872161839041,
          -89.7374302707345,
          -89.63418406677891,
          -89.39264992739487,
          -88.57580145038023,
          -88.9492689249544,
          -86.11815235424714,
          -89.48372830518267,
          -89.22075304375242,
          -88.82478111105418,
          -88.4851667942307,
          -86.26875382021163,
          -89.28016372546885,
          -89.59717669617703,
          -91.96111884327598,
          -88.90118729066205,
          -91.88041135041505,
          -91.80629125969274,
          -91.70076897562704,
          -91.95201556349504,
          -91.72560741637565,
          -91.07599879231914,
          -92.04837216496242,
          -91.39240709125404,
          -91.62066053254742,
          -92.0332811109944,
          -91.2022082501925,
          -91.6727384799079,
          -91.76732753850808,
          -90.92505217736225,
          -91.1682773008066,
          -90.99228049653897,
          -91.70503598625461,
          -91.8794878885896,
          -91.87366294304564,
          -91.12617855768434,
          -89.6888283233688,
          -91.7715069568736,
          -91.93250029361603,
          -91.05129419793472,
          -91.36137762341939,
          -91.16470927367055,
          -91.86280638134973,
          -91.72096221305053,
          -91.6224050830399,
          -91.55845796422611,
          -92.51429060369631,
          -92.41009980196215,
          -92.3372265910055,
          -92.57935057554957,
          -92.24107086345029
        ]
      ],
      [
        [
          -80.49436647571768,
          -79.29433822132194,
          -80.70930517541179,
          -81.02923728291745,
          -80.83213486413425,
          -81.64885911206522,
          -80.85429297258145,
          -80.49714513420628,
          -80.40398562656762,
          -81.90337357988962,
          -81.87638885687045,
          -81.61984177090564,
          -81.17699123919924,
          -81.12280437557467,
          -81.28811664402996,
          -80.01742527732775,
          -82.22051260816342,
          -82.25692052228074,
          -75.30935369494274,
          -81.94057140949924,
          -80.45142707492266,
          -81.51601300536315,
          -80.90266701815825,
          -81.33365906824207,
          -83.04036008879146,
          -82.28406127266742,
          -81.82362970945233,
          -81.3367821966062,
          -81.06556305905417,
          -82.07386730885347,
          -82.37871621044997,
          -81.15260531680526,
          -81.72692958671239,
          -81.71938360571926,
          -81.63745309093494,
          -81.06630835275587,
          -80.99744613160715,
          -80.70906788197868,
          -82.10258443782462,
          -81.61664674302288,
          -80.94629036235523,
          -81.28369215052206,
          -79.98580880760026,
          -81.1095616623744,
          -81.13040035788043,
          -81.06207252485959,
          -81.19351407366791,
          -81.13799136169885,
          -81.90460359208194,
          -79.24316843476521,
          -81.68286392969122,
          -77.74305961776537,
          -80.34454839883836,
          -81.5438326110635,
          -82.09977380716062,
          -80.18355592373346,
          -80.57384613512531,
          -81.45895457955365,
          -82.07093267266974,
          -82.2834481892735,
          -81.45748938478063,
          -79.63290464012599,
          -80.25606119515058,
          -79.12698440183183,
          -82.18270268550002,
          -82.30976552924324,
          -82.84642474450803,
          -81.39506279713949,
          -80.43857511088557,
          -81.98457712117056,
          -82.64454365633124,
          -81.44166204228135,
          -81.90528406228161,
          -81.08253393305378,
          -81.07015154544882,
          -81.19776213307719,
          -82.83610211294071,
          -82.91673119794675,
          -77.87806820674555,
          -81.69647782779602
        ]
      ],
      [
        [
          -83.0190846056156,
          -81.59954952701159,
          -83.07820926945485,
          -84.28284996099062,
          -82.42971293876542,
          -85.30158249788761,
          -86.3091294784347,
          -85.65449611348328,
          -83.59953886979353,
          -80.12367107407174,
          -77.57045718140161,
          -85.81598026273353,
          -84.53756718731526,
          -84.66599731073408,
          -85.03706435518568,
          -85.20794274514287,
          -85.74984105837055,
          -85.20091347662601,
          -81.5355922908192,
          -82.95624883178237,
          -85.47215472943876,
          -86.74139743095147,
          -86.88453464504879,
          -84.93188651839591,
          -86.34995376615541,
          -86.85569513874489,
          -86.26562226612337,
          -87.25955614858107,
          -86.65365815137471,
          -86.61379322920871,
          -86.6263962799515,
          -86.63956590519307,
          -86.294107610148,
          -86.71409513446048,
          -86.82044199258455,
          -86.04744916083624,
          -86.59874523347928,
          -86.40326625013027,
          -86.82312039198999,
          -86.67292930222075,
          -86.52668336462548,
          -86.34779740763524,
          -86.37295875817715,
          -86.8847345373767,
          -86.54544381901121,
          -86.51502578823265,
          -86.76275071605279,
          -86.70521463368493,
          -86.82994409014849,
          -86.78188827041167,
          -86.09341509590841,
          -86.38139357323264,
          -86.68546539516865,
          -86.7834331336464,
          -85.91986350652205,
          -86.50024389798578,
          -86.67039598311923,
          -86.26305480590015,
          -86.76303961781966,
          -86.15625197148182,
          -86.61748347972316,
          -87.01525385328372,
          -86.7609944824269,
          -86.53885322840374,
          -86.53181829623196,
          -86.7447574539935,
          -86.83467885175499,
          -86.75612680257429,
          -85.6156923276068,
          -86.38051540504742,
          -85.92984277700714,
          -86.64356635421008,
          -86.4437980914292,
          -83.62366445218636,
          -86.59874500168674,
          -81.48605159096628,
          -87.04399314967345,
          -85.11069383042722,
          -86.73880084758066,
          -86.45975496263986
        ]
      ]
    ]
  },
  {
    "vqe2_energy": [
      -96.31257303791617,
      -90.36809897857297,
      -94.84364158597702
    ],
    "vqe2_vector": [
      [
        0,
        0,
        1,
        1,
        0,
        1,
        0,
        1
      ],
      [
        1,
        1,
        1,
        1,
        0,
        1,
        0,
        0
      ],
      [
        1,
        0,
        1,
        0,
        0,
        0,
        1,
        0
      ]
    ],
    "vqe2_min_error": [
      0.007941933075794605,
      6.179516178996591,
      1.532991824337715
    ],
    "vqe2_params": [
      [
        3.187874054996837,
        6.369895934876411,
        4.9069041162945135,
        4.637194873455967,
        0.3732252266311663,
        2.912538188912566,
        5.111919315096578,
        3.575002627739443,
        4.081587798360482,
        2.566252304951393,
        2.957250848015566,
        0.9729444224282795,
        5.6758885152478875,
        1.8440190569691608,
        4.476860808263377,
        5.4355231852598855,
        -0.4487892003678661,
        -0.048655204012485284,
        1.3058537058456146,
        0.280011442636452,
        3.9963961515035815,
        -0.0689194251340117,
        5.206499482840021,
        3.31203026553471,
        1.7649570169438311,
        4.702283718700314,
        0.20117661556998553,
        4.469927557306373,
        0.9853533680009393,
        2.4584094183580834,
        0.0402720297901578,
        2.5090816632192428
      ],
      [
        4.8537295569016115,
        2.5725559975408796,
        6.514855980521756,
        6.3617477831270755,
        5.550960058943046,
        2.2960558431152247,
        0.6148880331763261,
        6.919540044294144,
        5.380963468436884,
        6.078285548705116,
        0.6924202759346342,
        0.1091449979313295,
        0.6549781075392815,
        4.778930309223238,
        5.636774217934596,
        2.960528927198778,
        1.7849434910217783,
        2.9573433320106,
        2.9420270479487103,
        6.1816461014817925,
        1.9140429367381762,
        1.4280921838622118,
        2.3239280142446024,
        5.717269050627568,
        5.815978148222654,
        2.2000091199730836,
        3.087394167226727,
        0.8112083253838401,
        4.81764237050387,
        2.5898217429456194,
        2.5183417231383984,
        0.8514017929781269,
        2.50251025815346,
        1.9520115939023905,
        5.987194142857642,
        4.844425984974817,
        5.645030131099376,
        4.387677130977483,
        5.608538612409345,
        2.2587582544165463,
        1.396440546759931,
        2.0421254298489555,
        5.469946225237483,
        1.1780815336214272,
        1.3944825588202838,
        0.47801286323875636,
        6.033973336504737,
        5.359928280887186
      ],
      [
        4.568838817165753,
        0.24217259275197675,
        1.3504913022482603,
        4.7779531991245445,
        4.017533130038066,
        5.090743874004929,
        4.987260332735441,
        3.160328702119411,
        5.214502440825038,
        4.93918728516897,
        5.870931002064847,
        5.913717018174199,
        0.8406873886775231,
        5.39875456303397,
        1.0500743602495066,
        5.084833484626307,
        7.10176305769358,
        1.3702326909678841,
        6.17029560555113,
        0.43656010940814755,
        1.8382843075006543,
        3.678451387705753,
        3.0534720606213623,
        1.308492006793507,
        5.35380337925089,
        2.0172069374767223,
        0.7418135422448205,
        4.560014877688881,
        1.2178406159520374,
        2.1625994687115058,
        5.130390886484916,
        3.955375078745667,
        2.1539639916208113,
        1.4021404223713752,
        5.873258012272397,
        0.10172055021208204,
        1.781887317636368,
        1.5218275851160457,
        1.9348569181143402,
        2.5249935362112614,
        3.612741104602482,
        2.7485744479461958,
        2.498923878310875,
        0.8259036928797241,
        2.3298045668678427,
        0.8727795243730376,
        4.720606250961319,
        4.987220644621223,
        4.646234749760129,
        1.9103276087288388,
        2.251741778606274,
        0.9114232150373728,
        6.056923253482477,
        3.7668133413192435,
        1.776131940403253,
        5.105139311725965,
        0.0016602764171895247,
        2.1698144078341577,
        3.205169169193558,
        6.186713862878083,
        2.7110048611740867,
        6.129061462291473,
        1.6572299784288465,
        5.9269928175562905,
        4.1521624220288125,
        2.132118172325346,
        2.973809479155399,
        4.910004919152401,
        1.488496573121648,
        5.447713750790303,
        6.139673323202273,
        4.995048061627115
      ]
    ],
    "vqe2_time": [
      4.25974178314209,
      4.737693786621094,
      8.32868218421936
    ],
    "solution_vector": [
      0,
      0,
      0,
      0,
      1,
      1,
      1,
      1
    ],
    "solution_min_energy": -96.32022272554349,
    "solution_time": 0.020684003829956055,
    "matrix_size": 8,
    "qubo_matrix": [
      [
        -22.545464173921616,
        3.001991990747832,
        6.003983981495664,
        1.500995995373916,
        1.5009956495265744,
        3.0019912990531488,
        6.0039825981062975,
        1.5009956495265744
      ],
      [
        3.001991990747832,
        -42.0889363570954,
        12.007967962991328,
        3.001991990747832,
        3.0019912990531488,
        6.0039825981062975,
        12.007965196212595,
        3.0019912990531488
      ],
      [
        6.003983981495664,
        12.007967962991328,
        -72.16990475119947,
        6.003983981495664,
        6.0039825981062975,
        12.007965196212595,
        24.01593039242519,
        6.0039825981062975
      ],
      [
        1.500995995373916,
        3.001991990747832,
        6.003983981495664,
        -22.545464173921616,
        1.5009956495265744,
        3.0019912990531488,
        6.0039825981062975,
        1.5009956495265744
      ],
      [
        1.5009956495265744,
        3.0019912990531488,
        6.0039825981062975,
        1.5009956495265744,
        -22.547008259128525,
        3.001994405267311,
        6.003988810534622,
        1.5009972026336555
      ],
      [
        3.0019912990531488,
        6.0039825981062975,
        12.007965196212595,
        3.0019912990531488,
        3.001994405267311,
        -42.09202211298974,
        12.007977621069244,
        3.001994405267311
      ],
      [
        6.0039825981062975,
        12.007965196212595,
        24.01593039242519,
        6.0039825981062975,
        6.003988810534622,
        12.007977621069244,
        -72.17606660491023,
        6.003988810534622
      ],
      [
        1.5009956495265744,
        3.0019912990531488,
        6.0039825981062975,
        1.5009956495265744,
        1.5009972026336555,
        3.001994405267311,
        6.003988810534622,
        -22.547008259128525
      ]
    ],
    "ansatze": [
      "twolocal",
      "alternating_ry_rz",
      "random_circuit"
    ],
    "histories_energy": [
      [
        [
          -81.29983643878928,
          -81.37495700430519,
          -81.7165922844468,
          -82.79952252261452,
          -83.63515794705779,
          -82.69176560345554,
          -83.32463975621938,
          -83.0576190702283,
          -81.10454335231954,
          -82.26967922646742,
          -83.74451991351513,
          -82.18016092884744,
          -83.34224061679754,
          -83.65775359413503,
          -82.8883692357495,
          -84.16423350518205,
          -83.21138023778862,
          -83.07776607826284,
          -76.4937477379202,
          -82.72627092610541,
          -83.07408235340898,
          -83.3546017517284,
          -78.72808262228759,
          -83.54595831125782,
          -84.5890629188432,
          -83.21912554248792,
          -83.72761245022471,
          -84.35323384205262,
          -85.0889562855118,
          -83.95042805826789,
          -83.98580806744103,
          -84.18701312461259,
          -84.35935505111625,
          -90.86158465741316,
          -92.25166922756009,
          -91.39879545837005,
          -92.22760780160252,
          -92.09935604249233,
          -88.19272773416313,
          -91.16017918873402,
          -91.07027789095676,
          -92.00239826521548,
          -91.68490705742192,
          -91.63687209160503,
          -89.78355129873282,
          -92.04253505473956,
          -91.52651622397397,
          -91.85960075255718,
          -91.27897833502033,
          -90.73955744215279,
          -91.94008647097425,
          -89.96150745956898,
          -91.58117835071803,
          -91.98388063582824,
          -91.53181843867665,
          -91.50580929690364,
          -90.96098931574835,
          -92.46385061273449,
          -92.29977596732897,
          -92.20600546474537,
          -92.53261277003762,
          -92.31027905081649,
          -92.44145499291085,
          -92.33697639354929,
          -92.21659854987857,
          -91.88880669522794,
          -91.06700229838466,
          -91.96907661901582,
          -93.60059626784727,
          -93.3932985054972,
          -93.42455108431014,
          -93.417430202632,
          -93.52626264674603,
          -93.4591753704905,
          -93.3016408594199,
          -93.5738444192107,
          -93.65027544914597,
          -93.57468340198442,
          -93.17995986238455,
          -93.36721001125306
        ]
      ],
      [
        [
          -48.72201748222095,
          -55.42487389136658,
          -72.88235585754772,
          -79.00534035042241,
          -80.57407767912648,
          -80.99989293652656,
          -82.05668746543984,
          -81.03916853847613,
          -82.58220435210504,
          -82.45735294580459,
          -85.0333219410236,
          -83.53710357396196,
          -84.2249781126891,
          -85.02405362122262,
          -85.17664223970897,
          -82.01531412501889,
          -85.41713570491203,
          -85.89731588751253,
          -83.16770720422718,
          -86.67304762874019,
          -87.37932541044239,
          -86.6822664991814,
          -88.4526161180267,
          -88.29717544281293,
          -88.84972820908192,
          -89.703420476518,
          -88.50835077942524,
          -89.0159188077065,
          -88.5347891371058,
          -89.07212440205123,
          -87.94331935167682,
          -89.30902900819126,
          -88.60883999801068,
          -88.45484280609314,
          -88.9555391386107,
          -88.28856444188183,
          -88.08827630445509,
          -88.93073884974643,
          -88.40619107085377,
          -88.75223232527914,
          -88.20611796736429,
          -88.4087958884558,
