[
  {
    "vqe2_energy": [
      -294132.79149366455,
      -300888.9231067343,
      -276671.49639252154
    ],
    "vqe2_vector": [
      [
        1,
        0,
        1,
        0,
        0,
        1,
        0,
        0,
        1,
        0,
        1,
        1,
        1,
        1,
        0,
        1
      ],
      [
        0,
        1,
        1,
        0,
        1,
        0,
        0,
        1,
        0,
        1,
        0,
        0,
        1,
        0,
        1,
        1
      ],
      [
        1,
        0,
        0,
        1,
        1,
        0,
        1,
        0,
        1,
        0,
        0,
        0,
        1,
        0,
        1,
        0
      ]
    ],
    "vqe2_min_error": [
      5.133563143397158,
      2.9545128926195874,
      10.765342044128035
    ],
    "vqe2_params": [
      [
        2.134398410624814,
        2.962072997960646,
        6.222403293264993,
        3.611706018304039,
        1.59290134988845,
        3.3651374764034827,
        6.151065416306605,
        5.345364820849007,
        3.1889872368242065,
        3.5674590030794864,
        3.5360725617486284,
        3.287529781042455,
        3.018309729156058,
        2.240561257677868,
        5.26021668892368,
        4.715045418646965,
        2.3334854325886827,
        5.1810847265662066,
        1.7713864151610594,
        6.216291140740283,
        2.4275727426394607,
        0.6604972265873834,
        6.190186477748405,
        0.2874663217849895,
        0.9279000010145572,
        3.0034082842588443,
        0.13751389801178943,
        2.011978291116232,
        3.0219664769381374,
        1.3546621194765074,
        0.26130822494068867,
        6.384558842201769,
        0.08962910957482828,
        2.503379247447221,
        2.703265349275125,
        5.226796286250915,
        3.2194987139680546,
        4.88922889497263,
        0.1119555765507305,
        0.5515550254220228,
        4.683281606627461,
        2.2328417381721253,
        6.028764552328954,
        2.612183238742316,
        3.8163046858626504,
        0.9387915386936799,
        1.2380745305092105,
        6.045488946458372,
        5.478404440681804,
        4.38186259749175,
        0.7960433007908291,
        3.039063921831991,
        0.24327429407335094,
        4.318886970646921,
        5.217009140511465,
        3.431996143992072,
        2.371123670436783,
        2.3723096884523884,
        2.8298152452443137,
        4.189042458493544,
        0.6746716605501514,
        0.348292130776999,
        5.96077392744985,
        2.9194545739844386
      ],
      [
        5.960955878593469,
        1.9501391569736195,
        3.716554264777389,
        2.3169170616615657,
        5.037069939094995,
        2.522439708855532,
        3.52525983181159,
        4.045712434595879,
        4.400575064146321,
        4.774271926550404,
        3.2181157523558737,
        4.914190199798009,
        4.760298184606196,
        5.734977604184943,
        2.2969292048777428,
        3.695610657940979,
        5.472545073013778,
        2.0936111225996705,
        1.8777833333686014,
        0.27052279135890944,
        3.69782574271789,
        3.6661771709304762,
        2.7252318776202027,
        1.8166739735036,
        0.1169837581589094,
        3.7343793502733327,
        3.4479328352815224,
        3.453787368518875,
        3.1521334024020513,
        2.124435451728966,
        5.723853303073191,
        2.846252485147148,
        3.340781289652419,
        3.117346388074675,
        3.619460312543524,
        5.460535437786198,
        0.9916354624755673,
        0.2328531550584252,
        3.8259820184251856,
        0.20330960498243889,
        1.4572808370315373,
        3.809464506433174,
        0.6370150789532809,
        5.716619877620368,
        0.514591986671511,
        0.7301658757411356,
        0.8197934523057174,
        5.6847598147002625,
        3.918380555974667,
        0.5227183594618987,
        5.924518540535743,
        0.22763793294882284,
        1.021466490991751,
        6.245275554055875,
        5.437803624225775,
        1.335688872831703,
        5.157472656302174,
        2.6849700087502786,
        1.2117653706585825,
        4.025246601649731,
        0.6956627660768606,
        6.253930433947174,
        6.1898754160539635,
        1.4023586736284277,
        5.174317651021287,
        1.3537510772981431,
        4.203069487475539,
        3.0846052864008717,
        4.765132480717934,
        3.397022900776063,
        2.9840449823983053,
        4.271706155851511,
        5.924644283764871,
        5.8264407322066685,
        4.213110174651818,
        1.3581047758779055,
        2.4755190459720167,
        3.9555310106988695,
        2.268209014353106,
        5.0670826598720895,
        2.1127860541574415,
        2.0480195004107746,
        2.819093207576856,
        3.2834051803740705,
        0.6921064396911257,
        6.011090978882047,
        5.5118871202377155,
        5.620896164699197,
        3.2196899736536566,
        4.412872533461096,
        0.98597109426078,
        5.6265462291164825,
        3.126564871031425,
        5.8528712900604765,
        5.645190370098371,
        3.0982094074365882
      ],
      [
        2.717158436532116,
        4.238296908744823,
        2.0992352493820876,
        1.2897724238675352,
        5.879516848780138,
        4.811443777814776,
        3.3015417919200383,
        5.087223027007418,
        4.695188674438355,
        3.5716637548157046,
        5.811754274715594,
        4.763990952305256,
        1.9585517545454003,
        0.8993249842182724,
        4.026619264738503,
        4.610679772505689,
        0.6074061839572585,
        0.8808474449160542,
        5.673733242871333,
        0.3302262823392654,
        3.1145854955218035,
        2.711148590689011,
        3.8274570394346146,
        3.893052339873413,
        3.1894287235604666,
        0.9787799821713818,
        4.775377885438664,
        0.7600881744595339,
        2.0877638156229232,
        4.519394483203109,
        5.2134720070400435,
        1.4243418951810976,
        4.818980313026828,
        1.64868197239943,
        5.044345805406582,
        1.3538825769525706,
        0.31615725108911114,
        5.484627098926826,
        4.1044660277260006,
        2.7975884204199435,
        1.291146134231685,
        4.384973886010855,
        2.249475203917645,
        2.5968438070766946,
        4.182989124027843,
        3.3686399542165995,
        5.6597472885900055,
        4.31196705764115,
        0.5611124080795241,
        1.2484500564955823,
        3.1713613613224143,
        -0.03450699979474857,
        3.26795693501547,
        5.636095678416963,
        5.4390894495867395,
        4.28790568327137,
        2.518026366475312,
        3.401974822165154,
        -0.0009998200219956885,
        2.3434128652449595,
        0.15105015897385785,
        2.5119215361605445,
        2.0415283615322855,
        0.7033878516477348,
        6.010973250387388,
        3.686281739153947,
        1.247540680101635,
        2.4866393896601315,
        4.378421941552517,
        1.5328924764491612,
        0.7134010125201161,
        0.9536014240926876,
        4.3320742608591,
        2.4727162894426638,
        1.797850026500227,
        3.932663544013853,
        4.388245598201566,
        5.4240560328651855,
        0.5587548839129376,
        4.585304751528496,
        1.0865424317157675,
        0.1333669573910048,
        2.7139659187643987,
        5.723240635240671,
        3.4743812132467307,
        5.84178177455228,
        2.0442985498573982,
        4.639356103955371,
        4.421265097470783,
        5.309097303063053,
        0.3352025417749482,
        3.8020088505939764,
        0.48014132391798264,
        3.9612740860231574,
        2.4664533469430623,
        3.987034377050844,
        2.367973052064252,
        2.0733469971843834,
        3.297621547650878,
        1.3161912748000575,
        4.077831612467063,
        0.4689239899921374,
        0.07062136972089095,
        5.997030292979162,
        5.905081531373654,
        3.6254890316638964,
        2.3702156464757542,
        0.7592366016439667,
        0.4659042222096071,
        1.4317995810355295,
        3.9424244519671627,
        2.9810285779997368,
        4.969431262992931,
        2.7702946890876192,
        1.7886570136598792,
        2.380769625991789,
        2.1863189545586503,
        1.4305125656310969,
        1.4490100279088858,
        1.6701523152375772,
        2.615950563908944,
        0.22971440165112628,
        3.138529236592314,
        2.4313085920524093,
        2.658470647991008,
        1.4309945823228383,
        3.6041769866678246,
        4.257550307041884,
        1.9007116165934523,
        4.575528074603648,
        2.172041054971655,
        3.337571317415646,
        6.027794499252576,
        5.699812110161153,
        1.3705274647925727,
        5.74758932231382,
        3.7524891782566505,
        4.396634243226173,
        3.2535343888950368,
        6.06640678378117,
        4.42324868264236,
        1.9443064310868314,
        1.8429483227481063,
        2.1828772772956855
      ]
    ],
    "vqe2_time": [
      122.60831427574158,
      167.79804039001465,
      201.2932710647583
    ],
    "solution_vector": [
      0,
      0,
      0,
      0,
      1,
      1,
      0,
      0,
      0,
      0,
      0,
      0,
      1,
      0,
      1,
      0
    ],
    "solution_min_energy": -310049.37176913954,
    "solution_time": 0.021883726119995117,
    "matrix_size": 16,
    "qubo_matrix": [
      [
        -4825.528044552596,
        37.84672972020982,
        75.69345944041964,
        151.3869188808393,
        302.7738377616786,
        605.5476755233572,
        1211.0953510467143,
        18.92336486010491,
        18.92336485983472,
        37.84672971966944,
        75.69345943933888,
        151.38691887867776,
        302.7738377573555,
        605.547675514711,
        1211.095351029422,
        18.92336485983472
      ],
      [
        37.84672972020982,
        -9613.209359384982,
        151.3869188808393,
        302.7738377616786,
        605.5476755233572,
        1211.0953510467143,
        2422.1907020934286,
        37.84672972020982,
        37.84672971966944,
        75.69345943933888,
        151.38691887867776,
        302.7738377573555,
        605.547675514711,
        1211.095351029422,
        2422.190702058844,
        37.84672971966944
      ],
      [
        75.69345944041964,
        151.3869188808393,
        -19075.031799889126,
        605.5476755233572,
        1211.0953510467143,
        2422.1907020934286,
        4844.381404186857,
        75.69345944041964,
        75.69345943933888,
        151.38691887867776,
        302.7738377573555,
        605.547675514711,
        1211.095351029422,
        2422.190702058844,
        4844.381404117688,
        75.69345943933888
      ],
      [
        151.3869188808393,
        302.7738377616786,
        605.5476755233572,
        -37544.51592425489,
        2422.1907020934286,
        4844.381404186857,
        9688.762808373715,
        151.3869188808393,
        151.38691887867776,
        302.7738377573555,
        605.547675514711,
        1211.095351029422,
        2422.190702058844,
        4844.381404117688,
        9688.762808235377,
        151.38691887867776
      ],
      [
        302.7738377616786,
        605.5476755233572,
        1211.0953510467143,
        2422.1907020934286,
        -72666.84114641635,
        9688.762808373715,
        19377.52561674743,
        302.7738377616786,
        302.7738377573555,
        605.547675514711,
        1211.095351029422,
        2422.190702058844,
        4844.381404117688,
        9688.762808235377,
        19377.525616470753,
        302.7738377573555
      ],
      [
        605.5476755233572,
        1211.0953510467143,
        2422.1907020934286,
        4844.381404186857,
        9688.762808373715,
        -135644.91948445898,
        38755.05123349486,
        605.5476755233572,
        605.547675514711,
        1211.095351029422,
        2422.190702058844,
        4844.381404117688,
        9688.762808235377,
        19377.525616470753,
        38755.05123294151,
        605.547675514711
      ],
      [
        1211.0953510467143,
        2422.1907020934286,
        4844.381404186857,
        9688.762808373715,
        19377.52561674743,
        38755.05123349486,
        -232534.78773542313,
        1211.0953510467143,
        1211.095351029422,
        2422.190702058844,
        4844.381404117688,
        9688.762808235377,
        19377.525616470753,
        38755.05123294151,
        77510.10246588301,
        1211.095351029422
      ],
      [
        18.92336486010491,
        37.84672972020982,
        75.69345944041964,
        151.3869188808393,
        302.7738377616786,
        605.5476755233572,
        1211.0953510467143,
        -4825.528044552596,
        18.92336485983472,
        37.84672971966944,
        75.69345943933888,
        151.38691887867776,
        302.7738377573555,
        605.547675514711,
        1211.095351029422,
        18.92336485983472
      ],
      [
        18.92336485983472,
        37.84672971966944,
        75.69345943933888,
        151.38691887867776,
        302.7738377573555,
        605.547675514711,
        1211.095351029422,
        18.92336485983472,
        -4825.528060004577,
        37.84672972209617,
        75.69345944419234,
        151.38691888838468,
        302.77383777676937,
        605.5476755535387,
        1211.0953511070775,
        18.923364861048086
      ],
      [
        37.84672971966944,
        75.69345943933888,
        151.38691887867776,
        302.7738377573555,
        605.547675514711,
        1211.095351029422,
        2422.190702058844,
        37.84672971966944,
        37.84672972209617,
        -9613.209390287058,
        151.38691888838468,
        302.77383777676937,
        605.5476755535387,
        1211.0953511070775,
        2422.190702214155,
        37.84672972209617
      ],
      [
        75.69345943933888,
        151.38691887867776,
        302.7738377573555,
        605.547675514711,
        1211.095351029422,
        2422.190702058844,
        4844.381404117688,
        75.69345943933888,
        75.69345944419234,
        151.38691888838468,
        -19075.03186168573,
        605.5476755535387,
        1211.0953511070775,
        2422.190702214155,
        4844.38140442831,
        75.69345944419234
      ],
      [
        151.38691887867776,
        302.7738377573555,
        605.547675514711,
        1211.095351029422,
        2422.190702058844,
        4844.381404117688,
        9688.762808235377,
        151.38691887867776,
        151.38691888838468,
        302.77383777676937,
        605.5476755535387,
        -37544.516047817924,
        2422.190702214155,
        4844.38140442831,
        9688.76280885662,
        151.38691888838468
      ],
      [
        302.7738377573555,
        605.547675514711,
        1211.095351029422,
        2422.190702058844,
        4844.381404117688,
        9688.762808235377,
        19377.525616470753,
        302.7738377573555,
        302.77383777676937,
        605.5476755535387,
        1211.0953511070775,
        2422.190702214155,
        -72666.8413934217,
        9688.76280885662,
        19377.52561771324,
        302.77383777676937
      ],
      [
        605.547675514711,
        1211.095351029422,
        2422.190702058844,
        4844.381404117688,
        9688.762808235377,
        19377.525616470753,
        38755.05123294151,
        605.547675514711,
        605.5476755535387,
        1211.0953511070775,
        2422.190702214155,
        4844.38140442831,
        9688.76280885662,
        -135644.91997798678,
        38755.05123542648,
        605.5476755535387
      ],
      [
        1211.095351029422,
        2422.190702058844,
        4844.381404117688,
        9688.762808235377,
        19377.525616470753,
        38755.05123294151,
        77510.10246588301,
        1211.095351029422,
        1211.0953511070775,
        2422.190702214155,
        4844.38140442831,
        9688.76280885662,
        19377.52561771324,
        38755.05123542648,
        -232534.78872054705,
        1211.0953511070775
      ],
      [
        18.92336485983472,
        37.84672971966944,
        75.69345943933888,
        151.38691887867776,
        302.7738377573555,
        605.547675514711,
        1211.095351029422,
        18.92336485983472,
        18.923364861048086,
        37.84672972209617,
        75.69345944419234,
        151.38691888838468,
        302.77383777676937,
        605.5476755535387,
        1211.0953511070775,
        -4825.528060004577
      ]
    ],
    "ansatze": [
      "twolocal",
      "alternating_ry_rz",
      "random_circuit"
    ]
  }
]