[
  {
    "vqe2_energy": [
      -116.94549036564791,
      -116.94857708735006,
      -109.76609959675008
    ],
    "vqe2_vector": [
      [
        1,
        0,
        1,
        0,
        0,
        1,
        0,
        1
      ],
      [
        1,
        1,
        0,
        0,
        0,
        0,
        1,
        1
      ],
      [
        0,
        0,
        1,
        1,
        0,
        0,
        1,
        1
      ]
    ],
    "vqe2_min_error": [
      0.0065925565075342085,
      0.003953277131618638,
      6.1452794276801725
    ],
    "vqe2_params": [
      [
        4.324161189362372,
        6.1134668465983975,
        2.7587575586703204,
        5.59763980692229,
        0.21430733246832978,
        2.0633171818068523,
        1.6285215867577858,
        2.7151095942643537,
        5.396242495189284,
        3.3683666727058963,
        5.188751721615565,
        -0.03761357689144339,
        -0.1565502849592949,
        6.2645010993470684,
        1.9161179535867066,
        5.069471710452815,
        5.5857631409064625,
        -0.06615197413122723,
        6.758731761315196,
        4.174578678703111,
        6.854115359123257,
        0.9016129008928102,
        -0.33834507406071146,
        0.45786575224867676,
        4.415007214523999,
        4.030628513086713,
        -0.015935302173723853,
        0.5622940986404567,
        5.600051741215196,
        5.580673377885324,
        0.3840889276508023,
        5.227552401373189
      ],
      [
        3.5969505510997806,
        0.7797026103890454,
        5.203417648433424,
        2.195227223695636,
        3.0736686755564606,
        1.7262969534157242,
        2.4916468145305553,
        6.232564570178178,
        0.24003121885376505,
        3.462136960291454,
        0.10003923168142849,
        5.985830853725527,
        6.132457643638354,
        1.4944986400858222,
        3.3576328379875844,
        2.099761330339933,
        6.218263905045181,
        0.14050999645072668,
        0.4718002337497684,
        2.4895648703933073,
        3.0112161032208427,
        4.639927944730342,
        4.031028269760156,
        0.14638610157211096,
        4.104028839820701,
        1.8404089210285857,
        5.2976335718621534,
        4.070711268101153,
        1.326599311192548,
        3.2795904214188463,
        1.0627358131785898,
        4.088407686835714,
        1.0049015366152776,
        2.427727506582775,
        2.1112193755794473,
        4.524768540276153,
        2.0901234999614204,
        4.048394855322398,
        5.065529811037197,
        4.834564278712468,
        1.5286653756431647,
        0.1601654341308591,
        5.823223237578281,
        1.5014559342210345,
        0.5116118297018096,
        2.465933432500859,
        2.1901236391663375,
        3.4038365971809954
      ],
      [
        1.3081929580841094,
        5.891026640353478,
        3.0950705269150345,
        5.571053014290608,
        2.6598621943448553,
        0.16410419179652072,
        1.9741845697148352,
        3.1378413102050255,
        2.5046901512317197,
        4.108209376691604,
        3.3466292359762058,
        4.493978137054162,
        0.5830008770660089,
        1.847808903328056,
        3.342607405201104,
        3.560446662944827,
        1.220021733396605,
        5.379916145018623,
        3.4164161391663166,
        5.034664646164089,
        5.12735066092105,
        1.9301066149911779,
        2.526008735952756,
        2.944476772111805,
        3.857174630640104,
        1.6824319141478876,
        0.7319869224406266,
        5.2336758215833425,
        5.728697263586125,
        4.273882772891252,
        0.7897032328682392,
        3.5030986739466505,
        3.3888919677881897,
        2.4732851504946125,
        6.182665907034903,
        3.1751675870502183,
        6.069240673110418,
        5.1344207049416415,
        6.119252735910713,
        0.4475061053915921,
        2.6179713576944668,
        1.0920828862161724,
        1.0333634408791088,
        4.367209018060195,
        4.001600292643401,
        4.746738638903899,
        1.3118770599154632,
        1.46550716847877,
        1.9809956480854072,
        3.974891926665507,
        1.369011164991432,
        4.929878707478233,
        4.410209264709038,
        6.20838121798504,
        2.9227043695257264,
        5.859356725244438,
        0.4742985504809507,
        3.5532742036663545,
        4.069495549524853,
        0.2976411028675452,
        6.080743918444379,
        1.5522702085915077,
        1.6645427044368242,
        1.7243297807451154,
        4.261111669275372,
        0.9587333341433992,
        5.286209617065678,
        6.034136677141126,
        4.260905590528807,
        0.3710774413997806,
        5.466676873247663,
        1.5499478901376462
      ]
    ],
    "vqe2_time": [
      4.99847412109375,
      3.78356671333313,
      7.161500930786133
    ],
    "solution_vector": [
      0,
      0,
      0,
      0,
      1,
      1,
      1,
      1
    ],
    "solution_min_energy": -116.95320057148295,
    "solution_time": 0.02159881591796875,
    "matrix_size": 8,
    "qubo_matrix": [
      [
        -27.36379922425289,
        3.641769289619597,
        7.283538579239194,
        1.8208846448097984,
        1.8208845455884295,
        3.641769091176859,
        7.283538182353718,
        1.8208845455884295
      ],
      [
        3.641769289619597,
        -51.085829158886185,
        14.567077158478387,
        3.641769289619597,
        3.641769091176859,
        7.283538182353718,
        14.567076364707436,
        3.641769091176859
      ],
      [
        7.283538579239194,
        14.567077158478387,
        -87.60458115929399,
        7.283538579239194,
        7.283538182353718,
        14.567076364707436,
        29.134152729414872,
        7.283538182353718
      ],
      [
        1.8208846448097984,
        3.641769289619597,
        7.283538579239194,
        -27.36379922425289,
        1.8208845455884295,
        3.641769091176859,
        7.283538182353718,
        1.8208845455884295
      ],
      [
        1.8208845455884295,
        3.641769091176859,
        7.283538182353718,
        1.8208845455884295,
        -27.365344275267596,
        3.6417697725234923,
        7.283539545046985,
        1.8208848862617462
      ],
      [
        3.641769091176859,
        7.283538182353718,
        14.567076364707436,
        3.641769091176859,
        3.6417697725234923,
        -51.088918778011696,
        14.56707909009397,
        3.6417697725234923
      ],
      [
        7.283538182353718,
        14.567076364707436,
        29.134152729414872,
        7.283538182353718,
        7.283539545046985,
        14.56707909009397,
        -87.61075846592942,
        7.283539545046985
      ],
      [
        1.8208845455884295,
        3.641769091176859,
        7.283538182353718,
        1.8208845455884295,
        1.8208848862617462,
        3.6417697725234923,
        7.283539545046985,
        -27.365344275267596
      ]
    ],
    "ansatze": [
      "twolocal",
      "alternating_ry_rz",
      "random_circuit"
    ],
    "histories_energy": [
      [
        [
          -93.25434438839159,
          -94.99703120646629,
          -98.89755247664365,
          -101.0761342287916,
          -99.74099725096245,
          -98.08937107673829,
          -99.21885245515003,
          -99.94060734757709,
          -99.6825274484047,
          -101.89041825040657,
          -100.67944163095083,
          -98.60316060219753,
          -101.53811451911643,
          -101.12762937439442,
          -102.89770676360213,
          -103.01764879993758,
          -102.85573032166923,
          -101.39543005309316,
          -99.27751533249425,
          -103.17986632485702,
          -102.83758604735404,
          -105.07063626806524,
          -103.5373147756422,
          -100.21288837983846,
          -103.3609739806144,
          -104.31805543162928,
          -104.03508633186745,
          -103.41515743217784,
          -103.9314627294633,
          -104.83250586828925,
          -103.38472663245,
          -103.87065002646865,
          -104.70589512457005,
          -107.32033076423787,
          -105.03721145351666,
          -106.44294980820214,
          -105.46318532257268,
          -104.24647410874444,
          -109.18127264200538,
          -108.73889827877409,
          -110.28478472713559,
          -109.12760573058442,
          -108.28218105847158,
          -110.20896828770051,
          -109.44314131390752,
          -109.77791486004446,
          -110.0010788439555,
          -109.6495970151139,
          -106.56939879973774,
          -110.792166480802,
          -109.84636048331446,
          -110.38142313690157,
          -109.91045665933308,
          -110.10840030197853,
          -109.03017294754552,
          -109.35990086815627,
          -109.29987985501018,
          -110.21971311407486,
          -110.31271149945125,
          -109.72596255265823,
          -109.64699619237246,
          -109.95578953623227,
          -109.54251770310036,
          -110.13244430265425,
          -109.8949076555536,
          -110.13563853402015,
          -110.55273546495872,
          -110.48368167615345,
          -109.24366496443513,
          -109.79581760185869,
          -110.72836571977862,
          -108.02140318984092,
          -110.45823473574377,
          -111.14818901128322,
          -111.32995760281905,
          -111.05633238238346,
          -110.94800011979738,
          -111.2759845451973,
          -111.22139730193474,
          -111.46643152305818
        ]
      ],
      [
        [
          -101.88800592216329,
          -103.72342790208636,
          -102.67648037756513,
          -103.57320402729574,
          -103.02140307333184,
          -101.16397184307169,
          -106.72656743601524,
          -106.31412230308125,
          -106.7359168120074,
          -106.63952741558874,
          -108.58772135648049,
          -101.42277148073524,
          -108.99353814992905,
          -107.27587637596531,
          -105.44320215427271,
          -109.87895473207172,
          -109.57174423245046,
          -110.07078161661246,
          -106.89403931091859,
          -103.49753547226254,
          -107.96210176218118,
          -110.83833891956434,
          -100.74950838366324,
          -111.49310183191396,
          -110.8085173489448,
          -110.22812922263267,
          -110.21457346300764,
          -110.27941490652624,
          -110.65889102933517,
          -109.56277169814086,
          -110.46389258134312,
          -110.50901750245944,
          -110.64173994833452,
          -111.2001249570195,
          -110.80818661019488,
          -110.58047141153008,
          -110.4445778072154,
          -111.15226063004683,
          -110.39593062795961,
          -110.92344769488733,
          -110.60286753159883,
          -110.83141516568335,
          -110.55726451699451,
          -110.93614184118974,
          -110.69185050751385,
          -111.43149102679874,
          -110.98161551100628,
          -110.6322219050738,
          -110.09064762516,
          -112.12265942257102,
          -112.70674852263022,
          -111.26626873434573,
          -112.43663300451666,
          -110.93018139352787,
          -112.00438548852864,
          -112.84279789313165,
          -111.61528379612112,
          -107.82062477571361,
          -113.4031177084029,
          -110.38174927253183,
          -114.53794177150031,
          -104.50317118109196,
          -114.3217815571714,
          -113.33961142972836,
          -113.24640349476543,
          -111.95572168343227,
          -111.23387412168721,
          -113.24932781013479,
          -114.33173184493558,
          -101.50719256997613,
          -114.17889314572514,
          -113.42227867562013,
          -113.3714062147976,
          -111.08879374896154,
          -114.19768826135216,
          -104.42119083620318,
          -113.10477430473816,
          -114.02836119654751,
          -114.37658064370707,
          -114.17366768391923
        ]
      ],
      [
        [
          -95.9991098688993,
          -94.95185931603339,
          -98.62352495279725,
          -96.67169614860407,
          -97.72774341477641,
          -95.00019755118805,
          -98.25794405652769,
          -97.9697292776873,
          -94.34613190627068,
          -97.02759843435342,
          -99.72557980929363,
          -99.34990527563806,
          -100.1554845574428,
          -99.33546403414628,
          -101.40227018598473,
          -102.51293075508653,
          -100.01263285923173,
          -99.44201329367479,
          -98.16023578750952,
          -102.52687882438688,
          -102.96534811761568,
          -101.8932990304521,
          -100.14115827888646,
          -101.71805075315666,
          -102.28177626093958,
          -101.23499573921549,
          -102.01257342772409,
          -101.67037262015968,
          -101.6963874015839,
          -101.92996971751748,
          -102.60640152243761,
          -102.42677064364007,
          -103.05517468599008,
          -102.29978489507533,
          -102.11520601189646,
          -102.47440122412102,
          -101.03689786486045,
          -101.1791597367753,
          -100.681341672277,
          -101.50421840387662,
          -102.42855488790445,
          -102.09730731501034,
          -101.56263859239748,
          -101.4934654579826,
          -101.55606595352317,
          -100.87397049534977,
          -102.126938234108,
          -101.48851805476079,
          -102.7011022788734,
          -102.83936899640636,
          -101.85640694034754,
          -102.32040026005744,
          -101.92445285471602,
          -101.0070721117104,
          -101.63676063760015,
          -101.96446704657325,
          -101.85013202134468,
          -102.43233870913491,
          -101.09652643839706,
          -102.63728255672164,
          -101.75519550705405,
          -101.63953630915675,
          -101.99146596634642,
          -101.64372464320657,
          -103.22186221854093,
          -101.11473457994774,
          -101.49953107062807,
          -102.31702649162195,
          -102.18566264364243,
          -101.27147151519802,
          -102.5550027254853,
          -102.24543065466143,
          -102.17189065091023,
          -101.93403200877219,
          -100.67038080939156,
          -102.651121698961,
          -103.32093229227297,
          -104.37255692195166,
          -103.02412719454558,
          -104.75158964699551
        ]
      ]
    ]
  },
  {
    "vqe2_energy": [
      -127.63424811100184,
      -116.96304392424175,
      -116.9630750549397
    ],
    "vqe2_vector": [
      [
        1,
        0,
        1,
        0,
        1,
        0,
        0,
        0
      ],
      [
        0,
        0,
        1,
        1,
        0,
        0,
        0,
        0
      ],
      [
        0,
        1,
        0,
        1,
        1,
        0,
        0,
        1
      ]
    ],
    "vqe2_min_error": [
      6.327128142680316,
      14.158900234762761,
      14.158877387432034
    ],
    "vqe2_params": [
      [
        1.1264654923705055,
        0.8650206566514042,
        3.70879051954719,
        0.9375860444262905,
        1.9289511006341082,
        3.2580816750221624,
        2.849174150460782,
        1.4447066983845627,
        4.28330135004571,
        0.7197404948473332,
        4.32254832801471,
        3.305677294615425,
        6.9375818032316685,
        5.571600509366242,
        2.190817863320109,
        4.171236751540315,
        5.587608323578661,
        5.665963870525449,
        3.49957108716274,
        3.0369888474020184,
        2.7469060833049275,
        5.949584101984838,
        3.0881387932096516,
        1.7535011392406934,
        3.731084388881121,
        0.023907637871811254,
        1.225796078281949,
        0.36981569230634925,
        5.337791537017372,
        2.8269930208013165,
        1.541993414139071,
        4.295958472238092
      ],
      [
        4.1082880143194345,
        6.828768861986961,
        2.8306733063576566,
        0.9225931481205508,
        5.8912893830157405,
        2.665223714463077,
        1.122924238503577,
        0.9766387326702038,
        0.4827773287590718,
        3.572536765018508,
        3.0861892288409356,
        6.189051051505993,
        0.33017600671208935,
        3.0000167776812177,
        1.488961247958325,
        5.4210048057262545,
        3.0837321605359724,
        4.367036676118951,
        1.2309979813180536,
        6.608592579836771,
        3.2556317526987146,
        3.5686167199403664,
        1.899738962826201,
        0.25168699110308096,
        3.8054014774121856,
        0.414633614937123,
        1.3002661963879172,
        3.965246763808666,
        3.8004213505030977,
        5.8331738248113405,
        2.024615827530998,
        2.5432493345660134,
        2.3417563654786804,
        0.08015306356177235,
        3.476110634453239,
        0.7094710480366405,
        2.282862269464237,
        3.7622912377015276,
        1.2441344512560526,
        2.882911415619166,
        1.0135975295477921,
        3.557598733301934,
        4.360048043492551,
        2.5513147366392115,
        1.18896156781351,
        0.9254525358755188,
        0.5311288292311833,
        4.06281403135724
      ],
      [
        2.427686606836127,
        5.4383441662083625,
        3.7032830657463207,
        0.9838328838969959,
        4.146070983016237,
        2.7603045469648713,
        1.9758278516242458,
        2.570510315580511,
        2.611903320324573,
        5.850776138628098,
        2.355216549402012,
        4.899691910667413,
        0.6405722918778666,
        5.564748708391229,
        1.3497703914821655,
        4.6061198885564725,
        1.0423403384265653,
        4.000470746143046,
        1.9807240790071536,
        5.382335792115163,
        1.1827298677491216,
        3.348003044784544,
        0.47066597558783174,
        1.2564258324441147,
        1.068034007815683,
        0.26264251974749,
        5.46585942051845,
        1.1967672905990385,
        0.5047007884797726,
        4.1640750403703315,
        5.455129237801769,
        1.1659975387417127,
        4.76590588859214,
        5.588629169705414,
        2.877805913999388,
        5.076299694444262,
        1.306320477421321,
        6.274636822561402,
        3.056643705466359,
        4.993810171309036,
        1.4255225273649343,
        2.3732705417860935,
        5.9731138899028196,
        1.8052981486667155,
        6.114822639362413,
        4.74472678983549,
        3.9185249900230996,
        3.319028908755122,
        5.832789460908804,
        5.563474177712946,
        0.7929054599603966,
        5.622334888191337,
        4.302271473271537,
        2.9662251751172386,
        5.376241180582626,
        5.063910068426722,
        0.9962588701451874,
        5.614143217176925,
        2.5398419573754514,
        0.7109965804107303,
        2.51347432333841,
        4.272078647311928,
        4.338075683599894,
        4.285295349684631,
        2.1484284704476813,
        4.635045822969957,
        0.9393336708890726,
        2.7999314576046803,
        2.915173774585334,
        5.724467813653371,
        5.286925843471597,
        3.1705959597855293
      ]
    ],
    "vqe2_time": [
      4.8130621910095215,
      5.835908889770508,
      7.7165539264678955
    ],
    "solution_vector": [
      0,
      0,
      0,
      0,
      1,
      1,
      1,
      1
    ],
    "solution_min_energy": -136.25529524216074,
    "solution_time": 0.02140188217163086,
    "matrix_size": 8,
    "qubo_matrix": [
      [
        -31.873555986031462,
        4.240473600591557,
        8.480947201183113,
        2.1202368002957783,
        2.1202367010744094,
        4.240473402148819,
        8.480946804297638,
        2.1202367010744094
      ],
      [
        4.240473600591557,
        -59.50663837147137,
        16.961894402366227,
        4.240473600591557,
        4.240473402148819,
        8.480946804297638,
        16.961893608595275,
        4.240473402148819
      ],
      [
        8.480947201183113,
        16.961894402366227,
        -102.05138234057651,
        8.480947201183113,
        8.480946804297638,
        16.961893608595275,
        33.92378721719055,
        8.480946804297638
      ],
      [
        2.1202368002957783,
        4.240473600591557,
        8.480947201183113,
        -31.873555986031462,
        2.1202367010744094,
        4.240473402148819,
        8.480946804297638,
        2.1202367010744094
      ],
      [
        2.1202367010744094,
        4.240473402148819,
        8.480946804297638,
        2.1202367010744094,
        -31.873571197504177,
        4.240474083495453,
        8.480948166990906,
        2.1202370417477265
      ],
      [
        4.240473402148819,
        8.480946804297638,
        16.961893608595275,
        4.240473402148819,
        4.240474083495453,
        -59.506668311512904,
        16.961896333981812,
        4.240474083495453
      ],
      [
        8.480946804297638,
        16.961893608595275,
        33.92378721719055,
        8.480946804297638,
        8.480948166990906,
        16.961896333981812,
        -102.051440289044,
        8.480948166990906
      ],
      [
        2.1202367010744094,
        4.240473402148819,
        8.480946804297638,
        2.1202367010744094,
        2.1202370417477265,
        4.240474083495453,
        8.480948166990906,
        -31.873571197504177
      ]
    ],
    "ansatze": [
      "twolocal",
      "alternating_ry_rz",
      "random_circuit"
    ],
    "histories_energy": [
      [
        [
          -121.95088509617649,
          -123.0608728228913,
          -115.46548607956939,
          -120.87233598428921,
          -122.86798054242144,
          -122.1155981678978,
          -115.83607077354154,
          -123.36676410871357,
          -124.04395219324249,
          -121.06187138216254,
          -122.87749548013237,
          -124.00409334069727,
          -123.70001445217598,
          -124.20938091818826,
          -124.2658658725781,
          -123.70223590829254,
          -123.2015028108757,
          -124.74580521927705,
          -124.3668344415163,
          -122.21071877008873,
          -124.92540628045008,
          -125.32153915981601,
          -122.29147041719311,
          -127.50720562878486,
          -126.54815545263568,
          -126.02796414018422,
          -125.78575932373906,
          -126.17676986420389,
          -126.09164865758375,
          -126.58359390311158,
          -126.57715850124046,
          -126.10589530724239,
          -126.91467255086202,
          -120.51056410426042,
          -126.95457985565551,
          -124.51720073404428,
          -126.6249544293543,
          -126.25844009419833,
          -125.87934752959725,
          -120.34583318577589,
          -126.33437638988215,
          -124.21282544625298,
          -126.07493715296229,
          -123.69879060877157,
          -126.45485595511003,
          -125.91339621114231,
          -125.66181206133157,
          -126.48110318832335,
          -126.46424682917798,
          -124.56871351625323,
          -126.31488671509996,
          -122.9379802033508,
          -125.1345442795195,
          -125.92195404249331,
          -126.92006168102921,
          -126.84535485560819,
          -124.77903506252983,
          -126.61469596015573,
          -126.00561188346363,
          -126.45398961383921,
          -126.33369744213503,
          -126.46977882925076,
          -126.2677904959063,
          -126.62116278089258,
          -126.29886086951629,
          -126.70809517844299,
          -126.63044296176368,
          -126.8239313734973,
          -126.46490091941091,
          -126.37451442923465,
          -126.24372129924629,
          -126.01634987771688,
          -125.71229589543778,
          -127.20203873452613,
          -125.88075783707532,
          -126.58538233839099,
          -126.38103763731041,
          -126.13540965058024,
          -126.45056693613957,
          -126.37615764527206
        ]
      ],
      [
        [
          -115.01349108684065,
          -117.05740116826672,
          -114.70802203590654,
          -116.04941057129814,
          -117.75102562352401,
          -116.6864295561308,
          -115.13223597620457,
          -114.63815631992722,
          -117.82875666149275,
          -117.13966854008316,
          -113.01842853570568,
          -116.49287814231431,
          -114.03893710101592,
          -117.13587934340809,
          -120.59578297459267,
          -119.4964501061337,
          -118.2510318030505,
          -120.55876933026018,
          -114.99795032640687,
          -115.52398228135347,
          -116.14339100677915,
          -120.25260137358046,
          -112.31492201940506,
          -112.88656721982326,
          -115.71289400169725,
          -120.12457590518696,
          -119.63664547692625,
          -121.25746738794024,
          -119.08992724035534,
          -119.8659028018525,
          -119.09875206019595,
          -119.72301015923688,
          -119.43724437638431,
          -119.17774806539697,
          -119.4142633905157,
          -119.09827375069601,
          -119.58668327232377,
          -118.95048882957013,
          -118.07574828467382,
          -119.8427567205261,
          -119.70633009295489,
          -119.77310209674337,
          -119.12643232781019,
          -119.89023876654224,
          -119.65916885254562,
          -119.66658242499399,
          -119.98011530567872,
          -119.87947212595127,
          -120.30951977028192,
          -120.16939172141653,
          -117.65527246300951,
          -120.1994267034726,
          -121.42926555944612,
          -121.85901687663019,
          -120.75577183295493,
          -119.8611811046275,
          -121.5797440525004,
          -122.18538480106797,
          -122.92310159369431,
          -123.9942439197149,
          -123.78561832399741,
          -114.03922212072527,
          -123.40397761364856,
          -120.74877624963094,
          -123.17041728539661,
          -122.36131221702985,
          -122.47039536894921,
          -123.25803450676838,
          -120.8235142622936,
          -124.46267395417142,
          -123.94401493638505,
          -122.54065795084911,
          -123.93093735814868,
          -123.98964334562714,
          -123.18120138485945,
          -123.81293384606202,
          -124.61619154335591,
          -124.05679447932324,
          -123.18011924792984,
          -123.88058459098522
        ]
      ],
      [
        [
          -111.46492768081478,
          -109.78198245232343,
          -114.84527936836606,
          -115.36342803242803,
          -114.68972765521714,
          -116.84864590073082,
          -116.38621719232196,
          -118.56141484752038,
          -119.97496018047028,
          -118.33941765408657,
          -118.68432550261971,
          -118.41902590834594,
          -117.18938663657562,
          -119.52139863719526,
          -119.99322258104826,
          -121.65462627788409,
          -120.10418560213304,
          -119.66726046986363,
          -120.29248232407058,
          -119.09732703598081,
          -118.15105411335614,
          -121.14113911159271,
          -117.00920652625564,
          -120.33944858625567,
          -121.51028973864112,
          -120.99075355456435,
          -120.39988773388686,
          -121.76992856121078,
          -120.88085156800673,
          -120.8174227223831,
          -120.0301886146298,
          -121.17805221294844,
          -119.59694194695312,
          -121.08798581855994,
          -120.59462079558654,
          -120.68610824256854,
          -121.12123454941333,
          -120.99594362329717,
          -121.55547107113875,
          -120.46576168415788,
          -120.83180180771595,
          -119.24304602651216,
          -120.88710816620875,
          -120.60701043114453,
          -121.45643934203841,
          -121.39996628816125,
          -120.39657586850193,
          -120.63449244104757,
          -120.81812156105946,
          -121.15039304268896,
          -121.00089767586158,
          -121.5821977069956,
          -120.11952296333445,
          -120.17368420515717,
          -120.72259983572499,
          -120.38317432336537,
          -119.66300436639105,
          -119.48239539902478,
          -120.22344535700155,
          -121.01544306958355,
          -121.2480368667677,
          -120.46113807670841,
          -120.98922022160636,
          -120.6186126269635,
          -120.78139615360273,
          -120.388707566835,
          -121.23964715775278,
          -120.54523786566139,
          -121.07370637476814,
          -120.80034358800259,
          -120.99980926678286,
          -121.6725524866641,
          -121.27879738925452,
          -121.7307913371147,
          -121.7964248293691,
          -115.63857368150697,
          -121.0200820804042,
          -122.43133389748738,
          -120.01583109678377,
          -118.50604979300135
        ]
      ]
    ]
  },
  {
    "vqe2_energy": [
      -137.58857708735,
      -135.51667986746068,
      -135.37716189822058
    ],
    "vqe2_vector": [
      [
        0,
        1,
        0,
        1,
        1,
        0,
        1,
        0
      ],
      [
        1,
        0,
        1,
        0,
        0,
        0,
        1,
        0
      ],
      [
        1,
        0,
        0,
        1,
        1,
        0,
        1,
        0
      ]
    ],
    "vqe2_min_error": [
      0.0033602562581336315,
      1.5091739238549562,
      1.6105728074194303
    ],
    "vqe2_params": [
      [
        3.3130926213799494,
        4.391912284035701,
        2.941710921654118,
        0.4015313940632178,
        5.877182471455561,
        1.9294153009025434,
        3.13866326672601,
        6.493029806112285,
        2.2453593654709305,
        5.960500565059068,
        5.814958110638439,
        6.649104924843624,
        0.8639270070637187,
        -0.06122307275136591,
        4.748101004382941,
        6.128451580105553,
        3.6768985432217987,
        5.0661536187999845,
        2.6645896744075057,
        3.3417786936869356,
        2.288621136107197,
        2.0180688797075574,
        1.1924920218161643,
        1.2424485133572272,
        1.5047110489329363,
        1.731707554431897,
        2.8213274727520936,
        0.8908205103160052,
        4.093109334770317,
        0.8884496769328846,
        2.5443279114024415,
        0.03781030780384597
      ],
      [
        1.780145296339588,
        4.66633013012283,
        4.659501897665062,
        3.9419232638214714,
        4.545247769383492,
        3.14065033350524,
        3.058955189105824,
        0.6650262048479479,
        3.7472894353264956,
        3.7240591256161726,
        4.700246295756109,
        5.585663631709432,
        4.2259433007848335,
        2.9460739594683796,
        0.3410056960167225,
        2.943046758288685,
        2.559891050168424,
        2.8513529604806953,
        4.758145598821092,
        2.4292317302188047,
        1.4210581271617007,
        2.8600933950595078,
        3.386887914317037,
        0.11760855332559433,
        4.0652504640453255,
        2.5644432868426503,
        1.9520643086912726,
        4.566382962928061,
        1.5616926960745354,
        2.8285700161742984,
        2.277887382883432,
        2.996056513924818,
        2.079637033462713,
        2.97140768993749,
        0.8561511044678163,
        3.1957083473659087,
        0.9479890382410002,
        0.29798851347231314,
        2.635068828410202,
        4.705526618403718,
        3.3204255314708053,
        2.0917787145054687,
        3.8897130466722327,
        3.8158215787845355,
        1.8698040073861184,
        4.064932092552127,
        1.1791847727204519,
        0.5552731007023093
      ],
      [
        3.568759699345769,
        4.53565025392206,
        6.110344778516188,
        0.39003486858679004,
        0.08054323390404411,
        2.3403622992161512,
        3.4771375388584382,
        3.3589162680261584,
        6.063746044955527,
        1.882234343294369,
        6.695391187356934,
        1.5684308130407576,
        3.8075469200316654,
        4.183013272827001,
        3.1590789632535317,
        4.743842233357826,
        6.2648400683145775,
        0.45102270947372824,
        5.837729094479913,
        0.9992945583663442,
        5.018338028288102,
        4.4850379703791505,
        0.3322474798614072,
        7.115790111176563,
        3.992501781429398,
        0.911059425815534,
        3.7149151288651234,
        1.880396068711772,
        4.78229148577074,
        2.1203974968249004,
        0.15938704011110336,
        0.31973204069928474,
        1.0926283808198023,
        6.878666664938666,
        0.29027252693725464,
        4.235423033705211,
        3.5212959447743897,
        3.5471118316837043,
        0.7851927519099058,
        5.1418814777611095,
        5.007570927881957,
        6.074530702293302,
        4.056331001900352,
        0.31601005503948143,
        1.576514959069523,
        4.985627870262491,
        1.4031250809113673,
        1.3305174654984784,
        3.4677621900615465,
        2.1434077892999097,
        0.627488301628789,
        1.3344452898990653,
        5.647734667285789,
        2.417214755158345,
        1.8671118813127856,
        2.8024529293906935,
        4.859914363898304,
        0.6332336904890459,
        2.6832552567468873,
        2.774948858247852,
        4.252040669613723,
        3.289010489179292,
        3.2838364851853643,
        4.6155135685617275,
        1.324344337290081,
        4.040023480083208,
        1.541943296339218,
        1.0043451296103267,
        3.3301611084328306,
        3.9688984242295304,
        4.8396129055981865,
        1.2907432675244344
      ]
    ],
    "vqe2_time": [
      4.476769924163818,
      3.515192985534668,
      6.799528121948242
    ],
    "solution_vector": [
      0,
      0,
      0,
      0,
      1,
      1,
      1,
      1
    ],
    "solution_min_energy": -137.59320057148295,
    "solution_time": 0.020679235458374023,
    "matrix_size": 8,
    "qubo_matrix": [
      [
        -32.18379922425288,
        4.2817692896195965,
        8.563538579239193,
        2.1408846448097982,
        2.1408845455884293,
        4.281769091176859,
        8.563538182353717,
        2.1408845455884293
      ],
      [
        4.2817692896195965,
        -60.08582915888617,
        17.127077158478386,
        4.2817692896195965,
        4.281769091176859,
        8.563538182353717,
        17.127076364707435,
        4.281769091176859
      ],
      [
        8.563538579239193,
        17.127077158478386,
        -103.04458115929395,
        8.563538579239193,
        8.563538182353717,
        17.127076364707435,
        34.25415272941487,
        8.563538182353717
      ],
      [
        2.1408846448097982,
        4.2817692896195965,
        8.563538579239193,
        -32.18379922425288,
        2.1408845455884293,
        4.281769091176859,
        8.563538182353717,
        2.1408845455884293
      ],
      [
        2.1408845455884293,
        4.281769091176859,
        8.563538182353717,
        2.1408845455884293,
        -32.18534427526759,
        4.281769772523492,
        8.563539545046984,
        2.140884886261746
      ],
      [
        4.281769091176859,
        8.563538182353717,
        17.127076364707435,
        4.281769091176859,
        4.281769772523492,
        -60.08891877801168,
        17.127079090093968,
        4.281769772523492
      ],
      [
        8.563538182353717,
        17.127076364707435,
        34.25415272941487,
        8.563538182353717,
        8.563539545046984,
        17.127079090093968,
        -103.05075846592939,
        8.563539545046984
      ],
      [
        2.1408845455884293,
        4.281769091176859,
        8.563538182353717,
        2.1408845455884293,
        2.140884886261746,
        4.281769772523492,
        8.563539545046984,
        -32.18534427526759
      ]
    ],
    "ansatze": [
      "twolocal",
      "alternating_ry_rz",
      "random_circuit"
    ],
    "histories_energy": [
      [
        [
          -117.00264939750869,
          -114.82453515580465,
          -119.82725829994965,
          -121.60004989453837,
          -122.97637212948335,
          -125.47508277876027,
          -119.57992924402834,
          -123.77309758144278,
          -126.32558250168562,
          -125.21447449625101,
          -121.4314064327872,
          -124.47758984619021,
          -124.91265329166794,
          -124.89404652283918,
          -121.87859364796863,
          -123.73038580981674,
          -125.85957840951019,
          -124.12685469714934,
          -120.79027565952504,
          -124.9617790471227,
          -126.06930845593153,
          -126.91406384523063,
          -129.22333894271804,
          -124.18370891817682,
          -129.46189739806874,
          -129.21120286178257,
          -128.72748501385598,
          -128.8352918274163,
          -128.7933956550274,
          -128.00273584805888,
          -129.3342348088165,
          -129.1357503886496,
          -129.12052032092703,
          -126.51272951995674,
          -130.460776912066,
          -125.33377920290495,
          -128.04510437696737,
          -122.63800249350557,
          -130.6328705386643,
          -131.2724897592462,
          -127.93374480463845,
          -123.89047642653628,
          -130.5455552684192,
          -129.1564048693125,
          -131.18589625261026,
          -131.5452294416201,
          -130.95865936312944,
          -131.68617476491062,
          -131.0725436505896,
          -132.63708286190794,
          -132.14459575205439,
          -132.612587312322,
          -132.17992301254435,
          -132.63502502688397,
          -132.00627411857667,
          -128.43823074027043,
          -130.95257662865612,
          -125.32150766708851,
          -131.57422900584785,
          -131.40979592340548,
          -131.91380448211638,
          -129.29334548664661,
          -132.75799348728853,
          -121.89889390074487,
          -132.40103463903392,
          -131.44437055368672,
          -133.01631538546619,
          -129.77963203315988,
          -132.19738836456386,
          -132.2367058532696,
          -132.46930253985445,
          -132.30669440401408,
          -132.10422235521807,
          -126.45374587690449,
          -132.81553766326167,
          -130.04522398994516,
          -131.2323232808508,
          -131.44061490177359,
          -130.603918217147,
          -132.74193432194244
        ]
      ],
      [
        [
          -120.22324391016195,
          -115.97705240719813,
          -120.72284580480567,
          -115.52953997668348,
          -118.39040658272575,
          -121.91535319746554,
          -118.88045613276553,
          -126.78496839292106,
          -126.57673028445072,
          -127.24849637251116,
          -121.49691478536985,
          -122.95548010259516,
          -125.82542136827152,
          -126.37329731977778,
          -127.03185908488322,
          -123.3762277127778,
          -126.50672328035148,
          -125.83808268126165,
          -121.05818531362948,
          -121.75464346520538,
          -126.78329588698479,
          -124.237450642288,
          -120.19586456015223,
          -125.01288199680539,
          -126.09929664171185,
          -127.24724346402537,
          -125.57129627757995,
          -125.46791906516253,
          -126.253946586155,
          -126.58577931861012,
