[
  {
    "vqe2_energy": [
      -94.80462599005156,
      -90.27442963585088,
      -94.8717554976277
    ],
    "vqe2_vector": [
      [
        0,
        1,
        1,
        0,
        1,
        0,
        0,
        0
      ],
      [
        0,
        1,
        0,
        0,
        0,
        0,
        1,
        0
      ],
      [
        0,
        0,
        1,
        0,
        0,
        0,
        1,
        1
      ]
    ],
    "vqe2_min_error": [
      1.6008945011783848,
      6.302851439800206,
      1.5312198051486536
    ],
    "vqe2_params": [
      [
        6.48140670474444,
        1.5243216953935477,
        3.0608526794867084,
        3.776113585450939,
        3.1087553293793855,
        2.9732252952450255,
        2.4379315787616243,
        6.747442256458316,
        3.770240483920681,
        0.4479285568578091,
        3.819770056697057,
        0.6780856937719983,
        1.573537365639896,
        5.459923732064245,
        2.7223060894787716,
        6.950465435522495,
        0.6330524011263102,
        1.975184807439242,
        2.5692372978282996,
        5.074951904009616,
        2.085962765584283,
        0.024753678880458374,
        0.48809239935352255,
        7.043829624028523,
        3.891683419008701,
        1.5992265008124122,
        0.08830423163760001,
        5.742466197839698,
        3.578539773613569,
        4.724675485886292,
        5.5045475272745845,
        0.6833541495627473
      ],
      [
        2.9530697211613877,
        2.775878863068784,
        2.9657301670127514,
        1.061650233872728,
        1.2807433846012672,
        6.087125356963845,
        5.897932433418075,
        3.1678689264745423,
        5.160085906726982,
        6.475353293135095,
        1.268718912512811,
        3.049926243320751,
        2.5235960745726214,
        3.7470033056424703,
        1.5967689558706835,
        5.374798575725679,
        2.5025485227633864,
        6.517608464532511,
        0.6645344868960849,
        4.815433186058966,
        2.8107615332145506,
        3.74408410753794,
        4.5480055410077505,
        4.6901100159480045,
        2.9798280723467334,
        2.212934419032944,
        0.5830214371401052,
        2.4989704753128508,
        5.84474348702577,
        1.9870351877049908,
        0.7129792579753177,
        0.9165792252840363,
        2.0104977212453927,
        4.151595432649178,
        1.293285350394999,
        4.95722793346588,
        5.920111248830419,
        5.043655436491765,
        0.9824674581026809,
        2.5521670056321266,
        3.3831455955138816,
        4.880330524502298,
        5.452639351230269,
        1.1917075137213042,
        2.384666390698661,
        0.2838123667968376,
        2.16031145806513,
        5.906113922468299
      ],
      [
        4.038816288149322,
        2.134957224006096,
        0.2165826658254781,
        0.8175062409622693,
        4.579653968211389,
        6.8892056375478905,
        3.0968002770856025,
        6.38753647814761,
        4.55798982172733,
        3.811301306759607,
        7.1471054547618165,
        5.325072469477724,
        5.078525219691464,
        2.01807030238694,
        3.0206127159004765,
        2.37730255483181,
        1.6607935657621713,
        4.859427474229705,
        2.899611404649122,
        6.855373761592168,
        3.1090440343192127,
        1.6465033679425958,
        3.1474152146362493,
        0.02221129667406552,
        1.0708994882942313,
        4.980655096122551,
        0.6938935143718127,
        1.0032183309652862,
        3.771132813278454,
        1.7302003730248599,
        1.8552348056859118,
        0.8685899538724771,
        2.7288616923882567,
        3.4283735881819224,
        0.5978538481396566,
        4.205115762231371,
        1.4276903315235627,
        1.2416241182938137,
        0.7939854073038961,
        1.438876502585446,
        3.259698063722323,
        1.5414134406623954,
        4.068104607204354,
        3.2812642292126504,
        4.315675375956265,
        2.8028294486358565,
        1.8094152495079385,
        4.410166949931225,
        5.2075181105886355,
        5.968819776990887,
        0.14194364964838477,
        1.2641258664638715,
        4.42018140095992,
        2.0320035514329793,
        3.1404373462607906,
        1.2088109952115191,
        3.4338445936446433,
        2.104041583653215,
        0.6585762663955834,
        2.1189806949645127,
        4.943750840816294,
        3.1128321788705526,
        0.7675252122783346,
        4.2653807262186465,
        1.6325893755304146,
        1.9600140418119292,
        3.3822418838135495,
        0.9409166022642351,
        6.263140151968477,
        1.229296760264875,
        4.6264761154678435,
        0.22814545592385688
      ]
    ],
    "vqe2_time": [
      4.716790676116943,
      5.6336870193481445,
      5.5788679122924805
    ],
    "solution_vector": [
      0,
      0,
      0,
      0,
      1,
      1,
      1,
      1
    ],
    "solution_min_energy": -96.34704046286976,
    "solution_time": 0.021028995513916016,
    "matrix_size": 8,
    "qubo_matrix": [
      [
        -22.551821327272908,
        3.002842265591192,
        6.005684531182384,
        1.501421132795596,
        1.5014191483682175,
        3.002838296736435,
        6.00567659347287,
        1.5014191483682175
      ],
      [
        3.002842265591192,
        -42.100800388954625,
        12.011369062364768,
        3.002842265591192,
        3.002838296736435,
        6.00567659347287,
        12.01135318694574,
        3.002838296736435
      ],
      [
        6.005684531182384,
        12.011369062364768,
        -72.19023171554448,
        6.005684531182384,
        6.00567659347287,
        12.01135318694574,
        24.02270637389148,
        6.00567659347287
      ],
      [
        1.501421132795596,
        3.002842265591192,
        6.005684531182384,
        -22.551821327272908,
        1.5014191483682175,
        3.002838296736435,
        6.00567659347287,
        1.5014191483682175
      ],
      [
        1.5014191483682175,
        3.002838296736435,
        6.00567659347287,
        1.5014191483682175,
        -22.5533617907006,
        3.0028519236691085,
        6.005703847338217,
        1.5014259618345542
      ],
      [
        3.002838296736435,
        6.00567659347287,
        12.01135318694574,
        3.002838296736435,
        3.0028519236691085,
        -42.103871657732086,
        12.011407694676434,
        3.0028519236691085
      ],
      [
        6.00567659347287,
        12.01135318694574,
        24.02270637389148,
        6.00567659347287,
        6.005703847338217,
        12.011407694676434,
        -72.19633562078774,
        6.005703847338217
      ],
      [
        1.5014191483682175,
        3.002838296736435,
        6.00567659347287,
        1.5014191483682175,
        1.5014259618345542,
        3.0028519236691085,
        6.005703847338217,
        -22.5533617907006
      ]
    ],
    "ansatze": [
      "twolocal",
      "alternating_ry_rz",
      "random_circuit"
    ],
    "histories_energy": [
      [
        [
          -76.68797150477879,
          -80.738369387496,
          -81.05123269285583,
          -82.59925405555286,
          -83.09300010832582,
          -81.61114754220355,
          -81.9317513303144,
          -82.64695499268466,
          -83.28241908199684,
          -81.81274155075458,
          -82.88974267331015,
          -83.0089887590448,
          -83.04223762810089,
          -82.58517672853307,
          -82.63141876864844,
          -82.94875063655817,
          -83.7337785672475,
          -81.92313789072752,
          -81.54462171184915,
          -83.88663460807756,
          -84.27067210220578,
          -84.06325119380827,
          -80.2588138629333,
          -83.36946772545015,
          -84.78464542594291,
          -83.95698024592218,
          -83.0380134864087,
          -83.8755885834313,
          -84.77167454168352,
          -83.73955968310943,
          -85.05919415521535,
          -83.828981444094,
          -83.99469741362373,
          -86.70860576903164,
          -89.23171296186733,
          -88.93369278395026,
          -89.96583717567596,
          -86.2473849751107,
          -90.86330051515533,
          -81.95676102485722,
          -91.21743117084891,
          -91.47447141941994,
          -91.05612103483429,
          -90.08188538647293,
          -90.18056177114362,
          -87.07789371138506,
          -91.57729484705787,
          -90.82507179866612,
          -91.3255052503155,
          -88.88707589209186,
          -91.67775074651091,
          -90.15704528328152,
          -91.19577242272106,
          -87.6118911602539,
          -91.29572870187984,
          -90.31402771932011,
          -91.60769406123741,
          -91.1416208796686,
          -91.20172574820255,
          -91.27435359617581,
          -90.98989281672166,
          -91.01834027766692,
          -91.10470759469946,
          -91.22834286046537,
          -90.8694494667935,
          -91.09696372347692,
          -91.19406736778465,
          -90.65773220747418,
          -92.27305829777269,
          -88.61742572943807,
          -92.25055005170633,
          -88.12925719273544,
          -92.30322549002953,
          -92.7561715445653,
          -90.59280203154677,
          -92.5687621633025,
          -91.37585159988257,
          -91.76611804189666,
          -91.0716010221682,
          -92.18490015342691
        ]
      ],
      [
        [
          -71.72899264245247,
          -70.6778947098031,
          -68.44630367688568,
          -71.30499385362982,
          -70.71580092250697,
          -68.6290905552867,
          -79.72724685041209,
          -81.86184568495257,
          -81.88548676716464,
          -83.38021679901803,
          -84.35552335132301,
          -85.73849687566212,
          -86.97106342715875,
          -86.7152839512631,
          -78.44963223042978,
          -86.28894915809414,
          -86.85327709811348,
          -85.79488066903609,
          -83.7711765676409,
          -83.59262835139984,
          -87.51611416787824,
          -86.87650843891278,
          -90.63612981602675,
          -87.98879170408686,
          -90.60585513586192,
          -90.36010914580069,
          -90.99069380965304,
          -90.44678352854038,
          -90.28079211219242,
          -90.85799753055213,
          -90.53250452277959,
          -89.94980385511968,
          -90.27524697327232,
          -90.62411092979124,
          -90.34449340324801,
          -90.29328190018478,
          -90.58688028581497,
          -90.7212116277621,
          -90.34272198358035,
          -90.07555342726712,
          -90.33184090549403,
          -89.94888673380288,
          -90.18702931472488,
          -91.04157122286402,
          -90.21480130154542,
          -90.40145028161558,
          -90.60459620887407,
          -90.41325080023307,
          -90.36788700924322,
          -84.46509876468983,
          -89.99211158228866,
          -86.36397877908564,
          -90.74003319779962,
          -88.14354500899341,
          -90.13263146801832,
          -90.59936433029335,
          -89.93337700209183,
          -90.88527802317184,
          -90.07972619337677,
          -86.51342457714534,
          -86.58722537032367,
          -91.37779300284093,
          -91.5738077967595,
          -90.62829952923104,
          -91.05185935660917,
          -91.56677474372403,
          -91.17113530166002,
          -90.56040283339503,
          -91.4126358863235,
          -91.48316829093183,
          -91.33422410592672,
          -90.9597796071184,
          -91.43285179678008,
          -90.1748713446603,
          -90.96127287348564,
          -91.6610076494873,
          -90.32810712227375,
          -91.18993500354358,
          -91.85666508885889,
          -91.6485152810127
        ]
      ],
      [
        [
          -80.09860539930821,
          -73.95434365934112,
          -77.47255629174504,
          -79.98346994347477,
          -78.43262889583487,
          -79.45755944048534,
          -80.21637121263174,
          -81.0968634206519,
          -82.15984080764545,
          -74.30757809474323,
          -84.51667711324038,
          -85.43921430685455,
          -85.19204045170187,
          -85.44308094762071,
          -84.2473478402675,
          -86.37011412830131,
          -87.08742466409693,
          -87.31199326774555,
          -85.38569005367182,
          -86.39100873498413,
          -87.42156205020304,
          -85.21966801567068,
          -85.13805095603911,
          -85.39754796904947,
          -86.05756868924539,
          -86.9536822308726,
          -87.38372874558297,
          -87.07566925888047,
          -87.0348166700287,
          -87.52880081780253,
          -87.81818758875772,
          -86.82113026996615,
          -87.40244828472817,
          -86.81555680976076,
          -88.25249025064662,
          -87.7731298760661,
          -86.95326473936552,
          -87.80418898550596,
          -86.57426480652914,
          -87.88828310993347,
          -87.01695782774257,
          -87.41982226120928,
          -87.35338900041612,
          -86.55934718455677,
          -86.76197656141207,
          -87.62648195707268,
          -87.25837620121709,
          -86.79913377927024,
          -86.82710363915501,
          -87.59658183797106,
          -87.08643457296242,
          -87.24984330664682,
          -87.72236486802551,
          -87.2321005350334,
          -86.58934854613193,
          -86.89639022248954,
          -86.9809002369301,
          -88.08999910611792,
          -87.46523836461853,
          -87.33104658952654,
          -87.58127472325364,
          -87.96738995938257,
          -87.34546699496718,
          -88.0332469416064,
          -87.34075062235603,
          -87.60045223208903,
          -87.59179590062632,
          -87.46085033276046,
          -87.1239275683781,
          -87.17462877004887,
          -87.34754251510107,
          -86.9802069643402,
          -86.68192787541525,
          -84.76415421143192,
          -89.20347246150794,
          -82.21066012537732,
          -88.64988031124776,
          -86.5803158233189,
          -87.81769787756329,
          -86.9479243186445
        ]
      ]
    ]
  },
  {
    "vqe2_energy": [
      -108.34628618377502,
      -115.64936861739503,
      -86.63706036193956
    ],
    "vqe2_vector": [
      [
        0,
        1,
        0,
        0,
        1,
        1,
        0,
        1
      ],
      [
        0,
        0,
        1,
        0,
        0,
        0,
        1,
        0
      ],
      [
        0,
        1,
        0,
        0,
        1,
        0,
        0,
        1
      ]
    ],
    "vqe2_min_error": [
      6.314848512300109,
      2.220446049250313e-14,
      25.0864389510309
    ],
    "vqe2_params": [
      [
        4.442845265953231,
        5.011050073173505,
        4.0043708842847705,
        2.7976969567173784,
        2.5965006425779147,
        6.196288342168462,
        3.572601392533307,
        3.1261655969139035,
        2.755146233145966,
        3.5667025753774317,
        5.658936532363983,
        1.4122430714770204,
        2.11926932243382,
        1.5048644530071096,
        2.0405726794030143,
        4.732879789957562,
        0.42922923847139915,
        3.7787939137099165,
        5.636038968748037,
        1.2366872892338934,
        2.7436073289037686,
        0.003138894493159919,
        6.133134131392674,
        4.738949075619894,
        2.055536312039797,
        2.673531568948389,
        5.799331902128867,
        4.812638801164896,
        4.923061741066446,
        5.949191123611592,
        3.5394098798930234,
        1.533484121623904
      ],
      [
        3.9811757859724834,
        7.287878907834876,
        6.8430624790803884,
        0.28405070752358663,
        3.5752158441899766,
        0.3830906692853831,
        4.661335141627702,
        5.706464586313598,
        3.8978454276106977,
        4.615542949592727,
        2.6084931591470437,
        0.8284430596502772,
        3.749505165574875,
        5.593704638799465,
        4.466580887730693,
        4.353772621319292,
        6.412767674695129,
        1.4604910906605635,
        2.35558013993705,
        5.352316568874548,
        0.11165111101551695,
        3.050035849521601,
        2.167544095699937,
        4.317797027127108,
        0.36132734098654434,
        5.368384138065158,
        1.134939420615023,
        4.096407017370715,
        0.6662463666528813,
        5.901347868700634,
        1.1810246583612156,
        3.340435873424095,
        0.5289869893684164,
        2.820672160855834,
        3.2775481577732886,
        2.7991589654968885,
        0.8742100820597994,
        4.696254185643606,
        3.2253048540640865,
        1.8520453382446986,
        3.284739151755812,
        4.255913174320943,
        1.7345607052663763,
        0.9147460285888314,
        2.6951764498696655,
        0.7229397958090691,
        0.04690573260214534,
        5.269607036661282
      ],
      [
        1.3024587815280968,
        3.1457117932207814,
        1.9317044464468889,
        4.34540744233331,
        5.0510141384294345,
        4.544136441418636,
        2.1185535052232556,
        4.389273216603481,
        1.9193023445991413,
        1.9949699830355356,
        2.4441409734473125,
        3.5880828269931495,
        0.28957964374039097,
        5.822840149910222,
        0.9646224035281912,
        4.864250410262152,
        6.775027042850764,
        0.0962582437284742,
        3.6948661647865477,
        6.752484629638465,
        3.8064535891068383,
        0.12019612206366377,
        1.063808181402984,
        5.384048415471151,
        5.078316167255744,
        4.8125428349457025,
        4.900611170037922,
        4.771504865404795,
        1.0209019929076986,
        1.0839873339355872,
        2.1395958913092783,
        1.4195934724407862,
        4.177024897452395,
        3.2731497229475695,
        0.5366010693895369,
        3.9534759129680426,
        0.7834676135392954,
        3.345563634987242,
        2.7430604876441693,
        2.017820111953113,
        5.700681919059489,
        4.972844937506333,
        6.203448606792649,
        4.871857535342119,
        6.823977831565717,
        4.836832709771603,
        1.6480594065648486,
        4.369503910670534,
        5.185529677827958,
        0.005399156424209764,
        2.5316723619934502,
        2.884027319057832,
        2.264199440476335,
        0.4801880943113625,
        1.7044632624392444,
        0.19627137323237587,
        6.846733085062418,
        5.7193394895664165,
        3.092572911103637,
        1.120152939551237,
        4.196801718497492,
        2.8275801883234126,
        1.3296865501078068,
        2.9116877928067657,
        3.743127701808771,
        2.4653653927412305,
        5.118409237175619,
        3.0485306589773846,
        1.7946229792337072,
        0.39499158210609675,
        2.265955225825637,
        3.3933734775050595
      ]
    ],
    "vqe2_time": [
      4.912666082382202,
      4.362985134124756,
      6.925516128540039
    ],
    "solution_vector": [
      1,
      1,
      0,
      1,
      0,
      0,
      1,
      0
    ],
    "solution_min_energy": -115.64936861739506,
    "solution_time": 0.02179408073425293,
    "matrix_size": 8,
    "qubo_matrix": [
      [
        -27.061578089051487,
        3.6015465765631536,
        7.203093153126307,
        1.8007732882815768,
        1.8007713038541984,
        3.6015426077083967,
        7.2030852154167935,
        1.8007713038541984
      ],
      [
        3.6015465765631536,
        -50.52160960153982,
        14.406186306252614,
        3.6015465765631536,
        3.6015426077083967,
        7.2030852154167935,
        14.406170430833587,
        3.6015426077083967
      ],
      [
        7.203093153126307,
        14.406186306252614,
        -86.63703289682702,
        7.203093153126307,
        7.2030852154167935,
        14.406170430833587,
        28.812340861667174,
        7.2030852154167935
      ],
      [
        1.8007732882815768,
        3.6015465765631536,
        7.203093153126307,
        -27.061578089051487,
        1.8007713038541984,
        3.6015426077083967,
        7.2030852154167935,
        1.8007713038541984
      ],
      [
        1.8007713038541984,
        3.6015426077083967,
        7.2030852154167935,
        1.8007713038541984,
        -27.06158871293719,
        3.60155623464107,
        7.20311246928214,
        1.800778117320535
      ],
      [
        3.6015426077083967,
        7.2030852154167935,
        14.406170430833587,
        3.6015426077083967,
        3.60155623464107,
        -50.521621191233315,
        14.40622493856428,
        3.60155623464107
      ],
      [
        7.2030852154167935,
        14.406170430833587,
        28.812340861667174,
        7.2030852154167935,
        7.20311246928214,
        14.40622493856428,
        -86.63701744390235,
        7.20311246928214
      ],
      [
        1.8007713038541984,
        3.6015426077083967,
        7.2030852154167935,
        1.8007713038541984,
        1.800778117320535,
        3.60155623464107,
        7.20311246928214,
        -27.06158871293719
      ]
    ],
    "ansatze": [
      "twolocal",
      "alternating_ry_rz",
      "random_circuit"
    ],
    "histories_energy": [
      [
        [
          -101.5673835592224,
          -100.82897528607842,
          -102.42292883479419,
          -102.86256611913493,
          -102.89289474199971,
          -101.91669708607515,
          -106.03974511397,
          -105.69676808347259,
          -105.66898941275201,
          -104.85157630169383,
          -105.10506817408255,
          -106.62706518833363,
          -106.27965668395606,
          -105.85474354687597,
          -106.4057573133461,
          -106.32555413885532,
          -106.10012071692165,
          -104.47375626001752,
          -104.44266894143246,
          -105.87223303546865,
          -105.81770029547114,
          -106.37474347339766,
          -98.26117732726291,
          -106.99238512352086,
          -106.52706701919722,
          -107.13438818078914,
          -107.54078535672603,
          -107.5494594640756,
          -106.58665012775221,
          -106.76095230728365,
          -106.5831519360471,
          -106.75628413360319,
          -107.01673001793377,
          -101.45987848820702,
          -106.72712532108127,
          -96.59577204579463,
          -107.02697504633066,
          -107.75242402206399,
          -108.24608983603531,
          -107.30345533406026,
          -107.63048635564333,
          -102.06558121636353,
          -107.5432302445302,
          -107.05474073571128,
          -107.35721303379714,
          -105.06522581192456,
          -107.65196614554628,
          -106.1549370904576,
          -107.48382710765657,
          -106.23136550660595,
          -107.60352435191908,
          -105.40034965573828,
          -107.57841571864168,
          -107.99903831602573,
          -107.75848560509883,
          -107.68752078361995,
          -106.46037841077859,
          -107.70452510955752,
          -107.6270453227361,
          -108.24050531674317,
          -106.52930268944273,
          -108.54577731605796,
          -107.09670284243981,
          -107.37959786436008,
          -106.81180417891751,
          -107.29206445235579,
          -107.25255787354182,
          -107.2098144907925,
          -107.78661138718596,
          -107.14829660268916,
          -106.76112827895847,
          -107.98605418016207,
          -108.20823178011393,
          -107.65327537546129,
          -107.94595451156889,
          -106.58004090650823,
          -106.91969158028922,
          -107.53262621326552,
          -107.87281608612142,
          -107.05374569000678
        ]
      ],
      [
        [
          -98.6261384813042,
          -100.16051647701771,
          -102.23833846197925,
          -105.1549458492812,
          -104.18202213854441,
          -104.80362938418422,
          -101.95470329987366,
          -103.28401090220328,
          -104.6432259335622,
          -102.90484660815106,
          -103.98695498529266,
          -105.88549733241265,
          -105.65994533830374,
          -104.46681672899152,
          -97.91828498938128,
          -104.65946727965401,
          -105.95347603594828,
          -106.45713184633918,
          -103.03763040331505,
          -102.68836315644808,
          -104.16535686128546,
          -105.92767820909268,
          -108.25661714155225,
          -106.62485208621551,
          -106.35451483733614,
          -107.48289460371257,
          -107.19616056372794,
          -107.44638113361682,
          -106.92888038945969,
          -107.66919531137341,
          -108.016681312432,
          -107.50201735157316,
          -107.23389805827651,
          -107.71898969189967,
          -107.78547258231822,
          -107.81653667828873,
          -107.21272189059961,
          -107.76046005946756,
          -107.19071202499735,
          -107.46204692083955,
          -107.38329571738248,
          -108.32792384138875,
          -107.06026806815635,
          -107.12007455412335,
          -107.10872924945551,
          -107.3062110280323,
          -107.61050345656702,
          -107.36823447392943,
          -107.14697727598235,
          -101.08730281232806,
          -108.1430167156469,
          -106.80243112834978,
          -105.1257739937922,
          -102.66926587310196,
          -107.1778167558771,
          -106.38535924798738,
          -108.36466668100037,
          -104.22468501228816,
          -107.70932527400808,
          -105.9824473268122,
          -108.38105933964636,
          -106.79265775502493,
          -107.43542916237573,
          -107.52203789705928,
          -107.30358749426024,
          -108.35079205642,
          -108.92251819821199,
          -106.58769698090451,
          -108.59587133983885,
          -108.5330848585318,
          -107.25984924702254,
          -109.53549929105732,
          -109.16717322907229,
          -108.60630876916296,
          -109.58885233439602,
          -108.42261287406927,
          -109.08420055901439,
          -107.10031571903711,
          -109.97069632280217,
          -108.17131558627662
        ]
      ],
      [
        [
          -101.00637988948299,
          -100.45024800472461,
          -100.36995700016871,
          -96.58140354274144,
          -101.8415391081175,
          -97.56482951004041,
          -101.28035802170764,
          -99.8862549860294,
          -97.66016632739522,
          -98.66890293798023,
          -100.29724447183152,
          -97.56686222840045,
          -100.67580191462167,
          -101.03383955186939,
          -100.47305283989292,
          -100.96415646827776,
          -97.62011285920843,
          -102.69790520125107,
          -100.73487233929194,
          -99.53176085630611,
          -102.71661914703508,
          -103.27081174332515,
          -98.26937351252982,
          -102.87435293308634,
          -102.67217350685195,
          -102.26976468552569,
          -101.71247313633188,
          -102.40148747352285,
          -102.02504845431628,
          -102.00409572982643,
          -102.41461018337104,
          -103.00303031179428,
          -102.36614147941198,
          -102.44350563885577,
          -103.21433669907162,
          -102.99369281202175,
          -103.10206896083102,
          -102.3767603279016,
          -103.10117891225912,
          -102.42327976305776,
          -102.82639422791458,
          -103.23251170561238,
          -102.11231843992063,
          -103.19833193097469,
          -103.25324583100902,
          -103.39507693323866,
          -102.63725436832685,
          -102.82495091866947,
          -102.60863454446894,
          -102.52860223407447,
          -102.69045735361715,
          -103.4588329286591,
          -103.37580255622059,
          -102.34513155079581,
          -102.92121966515505,
          -103.15743147063449,
          -102.86974871333142,
          -103.56220924971527,
          -102.3941542371724,
          -103.6459698353598,
          -102.36119033153983,
          -102.15477055764283,
          -102.78210357490622,
          -103.46912379156078,
          -102.79043467553004,
          -103.7581869767619,
          -102.54138581882557,
          -102.24703672669575,
          -101.94101720350736,
          -102.70878702018375,
          -102.46256263370348,
          -101.87270864556976,
          -103.638628639518,
          -99.64342117855547,
          -102.36587103302902,
          -100.10358518474172,
          -102.8125586086497,
          -101.61293388044344,
          -101.92284923132405,
          -102.11870380723978
        ]
      ]
    ]
  },
  {
    "vqe2_energy": [
      -109.5929221155117,
      -116.97810607666445,
      -115.11070713840218
    ],
    "vqe2_vector": [
      [
        0,
        1,
        0,
        1,
        0,
        1,
        0,
        1
      ],
      [
        0,
        1,
        1,
        0,
        1,
        0,
        0,
        1
      ],
      [
        0,
        1,
        0,
        0,
        1,
        0,
        1,
        0
      ]
    ],
    "vqe2_min_error": [
      6.3204593586628,
      0.0076370734484743075,
      1.603881350484404
    ],
    "vqe2_params": [
      [
        -0.03423498605037619,
        4.386227935766656,
        1.1782721658035438,
        6.014922307056699,
        0.7259112504332067,
        4.801413792480335,
        3.0136845546110558,
        2.1272147255915357,
        2.6852372345438176,
        5.083809251648611,
        4.910271914014786,
        0.7336534149750756,
        6.990796571634742,
        -0.08814348718392881,
        3.4047247252967408,
        1.4822549137520433,
        3.7669981454679164,
        1.6122012781224886,
        1.9792591581722263,
        0.2936521992456901,
        3.155320538315801,
        4.734386177519588,
        6.3675132725965575,
        4.308575156407959,
        1.611857007216335,
        4.01296108092597,
        5.161697994048965,
        2.3851072749743625,
        3.3225610534816368,
        2.1645075196503085,
        1.5398550501538404,
        3.8377077601893363
      ],
      [
        5.2012025546171525,
        4.369730949220116,
        2.3499588959116404,
        4.5944010436213505,
        2.9882631592025106,
        0.8761733689968546,
        2.1777444566158706,
        4.139184947673701,
        0.03371964840692701,
        4.574793396043362,
        6.510502780542538,
        2.44312933802235,
        3.474917797461044,
        5.67903731494282,
        0.5018881074537055,
        4.073301559603973,
        2.6741379736570923,
        1.559876946672742,
        2.5387388699935007,
        5.817676665462471,
        4.786875674416051,
        3.3918357935239034,
        5.888587401512472,
        5.064751339277858,
        0.17278474672240998,
        6.242172535391477,
        2.449554951902941,
        0.9233106582388543,
        2.9135069349856266,
        5.413030703926668,
        0.6960836898119273,
        1.6254993217121094,
        3.419332330134345,
        2.886411661680458,
        2.083751297501631,
        3.189865811775699,
        5.622699766966413,
        3.6214261768406946,
        5.980630845753415,
        5.50599060046359,
        4.273218217815598,
        2.002627511076504,
        2.603692668297659,
        5.771107184408987,
        0.6535637235853026,
        2.196359961005296,
        0.8147363251133072,
        3.924241230904035
      ],
      [
        0.1409149426208366,
        0.22969173547347518,
        1.6818473775456266,
        2.4693749580967768,
        3.6038182706148,
        3.136825113829244,
        1.1848316867677775,
        3.323150944438611,
        6.203739851461758,
        3.645365978876235,
        4.527327552642857,
        3.777456748475349,
        2.5638883512255752,
        0.4123580967365495,
        2.645161868515428,
        4.676577671266895,
        4.504551060976707,
        4.440073450447735,
        2.680271469849369,
        4.028846498267305,
        0.14945708457968643,
        1.3680804478659225,
        0.030175767618339528,
        3.050628706325948,
        5.584584294751616,
        6.0052554806506295,
        4.217096708663111,
        5.004520119661825,
        5.464910279510841,
        0.07309964520895193,
        5.165528286094152,
        0.00140976460703786,
        4.013640302719273,
        4.177218022036833,
        1.827493149665975,
        4.318746225649049,
        5.073326071425907,
        3.1689240710263182,
        4.856982142668073,
        1.8345502922005306,
        5.0314787503163165,
        1.1977237796510343,
        1.6245130492257664,
        5.535323361506724,
        0.23259336363907004,
        4.374934105967296,
        2.8761608050761724,
        6.632740642396147,
        3.77599290000583,
        2.6613706761975924,
        1.3739136374923882,
        4.845527211067943,
        0.9061555378401417,
        3.124202202180232,
        1.4923153710292951,
        2.2701122182952513,
        0.723950116859745,
        6.161419624440964,
        4.914730585627565,
        2.817422144533718,
        5.130634043321863,
        3.0081791663184445,
        1.1290562601402132,
        3.1921817235699326,
        6.101850578827786,
        0.6013264461475486,
        3.0423460130097006,
        2.145194881473646,
        0.12179143995228664,
        3.4534548006003285,
        5.958008007359535,
        4.134171673024659
      ]
    ],
    "vqe2_time": [
      4.008615970611572,
      4.639487981796265,
      8.81562089920044
    ],
    "solution_vector": [
      0,
      0,
      0,
      0,
      1,
      1,
      1,
      1
    ],
    "solution_min_energy": -116.98704046286979,
    "solution_time": 0.020888090133666992,
    "matrix_size": 8,
    "qubo_matrix": [
      [
        -27.371821327272908,
        3.642842265591192,
        7.285684531182384,
        1.821421132795596,
        1.8214191483682178,
        3.6428382967364357,
        7.285676593472871,
        1.8214191483682178
      ],
      [
        3.642842265591192,
        -51.100800388954625,
        14.571369062364768,
        3.642842265591192,
        3.6428382967364357,
        7.285676593472871,
        14.571353186945743,
        3.6428382967364357
      ],
      [
        7.285684531182384,
        14.571369062364768,
        -87.63023171554448,
        7.285684531182384,
        7.285676593472871,
        14.571353186945743,
        29.142706373891485,
        7.285676593472871
      ],
      [
        1.821421132795596,
        3.642842265591192,
        7.285684531182384,
        -27.371821327272908,
        1.8214191483682178,
        3.6428382967364357,
        7.285676593472871,
        1.8214191483682178
      ],
      [
        1.8214191483682178,
        3.6428382967364357,
        7.285676593472871,
        1.8214191483682178,
        -27.373361790700603,
        3.6428519236691086,
        7.285703847338217,
        1.8214259618345543
      ],
      [
        3.6428382967364357,
        7.285676593472871,
        14.571353186945743,
        3.6428382967364357,
        3.6428519236691086,
        -51.10387165773209,
        14.571407694676434,
        3.6428519236691086
      ],
      [
        7.285676593472871,
        14.571353186945743,
        29.142706373891485,
        7.285676593472871,
        7.285703847338217,
        14.571407694676434,
        -87.63633562078775,
        7.285703847338217
      ],
      [
        1.8214191483682178,
        3.6428382967364357,
        7.285676593472871,
        1.8214191483682178,
        1.8214259618345543,
        3.6428519236691086,
        7.285703847338217,
        -27.373361790700603
      ]
    ],
    "ansatze": [
      "twolocal",
      "alternating_ry_rz",
      "random_circuit"
    ],
    "histories_energy": [
      [
        [
          -97.75791805490931,
          -98.39672520965328,
          -97.00420983697725,
          -97.93474758091513,
          -98.48236544910749,
          -96.1313592825882,
          -95.11227824055804,
          -96.73627318343404,
          -96.55024973701381,
          -100.25317733579135,
          -100.85517422304511,
          -102.21134586169977,
          -100.67672193665047,
          -100.4779790541651,
          -99.83753496010105,
          -101.76940061944102,
          -101.34786204257396,
          -100.14746225297247,
          -98.90201326454013,
          -101.03826117723838,
          -99.4564875158131,
          -101.22949556712268,
          -103.0633057945119,
          -106.38330667212409,
          -107.10884656994428,
          -107.31712967229592,
          -106.73980584959071,
          -106.81705924837027,
          -106.8314684894135,
          -107.00473627543991,
          -106.83935396033633,
          -106.0414451259369,
          -106.79637340003447,
          -106.7186491551958,
          -102.61462593959986,
          -108.28311655702483,
          -107.32257752186116,
          -106.74786342742954,
          -107.85100291837817,
          -109.24255317337318,
          -107.51334768397966,
          -109.04616154417943,
          -108.71141479116984,
          -109.06635211353706,
          -108.86047655868353,
          -109.49970752676624,
          -109.25756686747943,
          -108.6550152169045,
          -109.6941312834675,
          -109.97360589904548,
          -109.67792219809962,
          -108.79260069764277,
          -110.84985689553598,
          -110.18086321332045,
          -110.89688994037576,
          -107.98878918825696,
          -111.492064027992,
          -109.08688079986291,
          -110.84580041419798,
          -107.9366412723979,
          -111.08140374424451,
          -111.46546667613235,
          -110.9955668862215,
          -111.29184194637874,
          -111.45358979504289,
          -111.49328602083102,
          -110.67412394600478,
          -111.09992261542455,
          -111.13956188874047,
          -111.36359419539816,
          -110.57144333925882,
          -108.35774962311011,
          -110.44006960921348,
          -109.439909864286,
          -110.8302693382079,
          -110.54374753126636,
          -110.33693583462535,
          -111.13739205061621,
          -110.73649650110835,
          -110.43921235312379
        ]
      ],
      [
        [
          -94.08241507561448,
          -94.96782688470209,
          -96.60488299090329,
          -99.37745056964738,
          -97.27852581324244,
          -100.04806484460651,
          -97.17758202793874,
          -93.75607463678789,
          -98.83287121969241,
          -98.68835863398726,
          -105.9197842145224,
          -106.32322980436108,
          -105.61217731211441,
          -105.57461733874871,
          -96.28359497485134,
          -106.14622142590224,
          -104.860228005029,
          -106.33056785394369,
          -96.79320355066778,
          -107.7927434491691,
          -105.93341860660567,
          -106.68637441099175,
          -100.66005375707846,
          -107.48416318646365,
          -106.39324400909585,
          -107.44974311275436,
          -107.20861193595363,
          -106.99536601891631,
          -107.28513664550744,
          -106.9708928175931,
          -107.58043701786531,
          -106.8886633805324,
          -107.14900337628667,
          -106.40937214444571,
          -106.94935109306638,
          -107.27142604408954,
          -106.69945041574874,
          -107.7180015923095,
          -107.54764170294588,
