[
  {
    "vqe2_energy": [
      -135.53566432209837,
      -135.54325617272684,
      -135.53871663734668
    ],
    "vqe2_vector": [
      [
        1,
        0,
        1,
        1,
        0,
        1,
        0,
        1
      ],
      [
        1,
        0,
        0,
        0,
        1,
        1,
        1,
        1
      ],
      [
        0,
        0,
        1,
        0,
        0,
        0,
        1,
        1
      ]
    ],
    "vqe2_min_error": [
      1.5102286602504011,
      1.5047118862250297,
      1.5080106327491682
    ],
    "vqe2_params": [
      [
        5.438162122645001,
        6.326645142869638,
        4.228715356989893,
        4.621807090018305,
        3.080039758734807,
        0.2281308774932781,
        0.7138616701703452,
        3.8086971600140243,
        3.696680262599065,
        5.8488735954824955,
        5.767368029415759,
        0.8020267799894568,
        1.890123468757682,
        6.266260776575468,
        2.5717775056333214,
        4.723436120599812,
        7.51596613469921,
        6.36394919143969,
        1.3959965865381956,
        3.618215690214453,
        0.9191438205584117,
        3.449624901239087,
        5.543456289359578,
        6.4964887975334396,
        2.0965361139662217,
        2.294698618847689,
        5.869413623666275,
        2.9321764861673634,
        6.097816073797632,
        4.159967847750435,
        1.9534336195146134,
        5.146040162015664
      ],
      [
        7.085890056427556,
        3.9513030855474036,
        4.403756729736881,
        2.9819205224181213,
        3.8960015004656037,
        1.6724222372259985,
        4.502584884307662,
        5.529698523668922,
        0.21786047428444466,
        1.6654336514098154,
        2.2726175865580394,
        4.77764706445851,
        4.24406992279009,
        1.4145827544265457,
        5.20445745314267,
        6.448519033941385,
        3.369948804155394,
        2.1007380137203366,
        5.652673123017402,
        6.2522916423772275,
        1.843224651203529,
        4.683707125816257,
        5.096409677123194,
        3.862594725532724,
        0.3850493610411009,
        3.730297805083466,
        1.015769551197884,
        4.733930996170172,
        1.6143428903947892,
        1.2049610627926925,
        5.583078191214507,
        1.0033006398652848,
        4.111450190348804,
        5.919422815250673,
        1.3043115503414575,
        4.52953616690545,
        2.535494429096626,
        2.654590959528757,
        1.3081921791552003,
        6.234916032464076,
        0.6523127370813583,
        5.4277590967271205,
        3.4173138109286936,
        3.1422881688677764,
        1.576977463747616,
        5.812095441916606,
        1.1007714007139657,
        2.3925855574429753
      ],
      [
        6.700703462545318,
        4.2759181258113905,
        5.601635143878357,
        1.4407607848440749,
        1.7335550514739484,
        6.824264868218239,
        3.609101033763192,
        0.6081744760941676,
        4.1975461902541085,
        1.3032133010560327,
        3.0505420658023765,
        3.700336240678673,
        0.953394136745272,
        1.1858875899105699,
        0.37618729354686076,
        1.0376608732084867,
        5.320140956048606,
        2.33306920862192,
        3.9388680019233893,
        6.493180560686747,
        6.299146289298621,
        2.892434442076726,
        4.333491740905682,
        5.4000204669724265,
        3.6762659485692915,
        4.347437804971561,
        5.1314172685696375,
        4.510070943862778,
        0.27818909269161485,
        3.391413297402436,
        5.72735000479427,
        0.37541866987268663,
        2.4561461147013115,
        0.30501001424639784,
        5.585453293063344,
        0.6161903028454994,
        5.497413878696069,
        6.038518426771742,
        0.026265575728443746,
        0.5011442633927731,
        1.9788944396066555,
        5.752619703331676,
        4.276740172628732,
        2.955426885414251,
        5.356112394593314,
        5.7580968112074435,
        4.0530831294273,
        4.016619744501202,
        4.534745518216123,
        2.9999119049893403,
        0.6438193948272879,
        1.3812565536750905,
        1.2615358463626942,
        2.1117915834416126,
        2.448396494679289,
        1.591702142806835,
        0.7931456833417005,
        3.4048499063887148,
        4.33882552616929,
        3.193032107387472,
        0.4373692832419092,
        2.956146340228361,
        3.6184360933414896,
        5.625827446484063,
        5.767301237826946,
        5.054387452146902,
        4.528982496923749,
        5.620700456313734,
        5.409133559145499,
        4.88248063743489,
        0.6584256065631907,
        5.489490128083292
      ]
    ],
    "vqe2_time": [
      4.477110147476196,
      4.342594861984253,
      8.920259952545166
    ],
    "solution_vector": [
      0,
      0,
      0,
      0,
      1,
      1,
      1,
      1
    ],
    "solution_min_energy": -137.61394962991184,
    "solution_time": 0.021046876907348633,
    "matrix_size": 8,
    "qubo_matrix": [
      [
        -32.18870533252144,
        4.282425030026649,
        8.564850060053297,
        2.1412125150133243,
        2.1412124243566533,
        4.2824248487133065,
        8.564849697426613,
        2.1412124243566533
      ],
      [
        4.282425030026649,
        -60.09498563501622,
        17.129700120106595,
        4.282425030026649,
        4.2824248487133065,
        8.564849697426613,
        17.129699394853226,
        4.2824248487133065
      ],
      [
        8.564850060053297,
        17.129700120106595,
        -103.06027114992585,
        8.564850060053297,
        8.564849697426613,
        17.129699394853226,
        34.25939878970645,
        8.564849697426613
      ],
      [
        2.1412125150133243,
        4.282425030026649,
        8.564850060053297,
        -32.18870533252144,
        2.1412124243566533,
        4.2824248487133065,
        8.564849697426613,
        2.1412124243566533
      ],
      [
        2.1412124243566533,
        4.2824248487133065,
        8.564849697426613,
        2.1412124243566533,
        -32.19024821046861,
        4.282429859065607,
        8.564859718131213,
        2.1412149295328033
      ],
      [
        4.2824248487133065,
        8.564849697426613,
        17.129699394853226,
        4.2824248487133065,
        4.282429859065607,
        -60.098066561871605,
        17.129719436262427,
        4.282429859065607
      ],
      [
        8.564849697426613,
        17.129699394853226,
        34.25939878970645,
        8.564849697426613,
        8.564859718131213,
        17.129719436262427,
        -103.06641368748078,
        8.564859718131213
      ],
      [
        2.1412124243566533,
        4.2824248487133065,
        8.564849697426613,
        2.1412124243566533,
        2.1412149295328033,
        4.282429859065607,
        8.564859718131213,
        -32.19024821046861
      ]
    ],
    "ansatze": [
      "twolocal",
      "alternating_ry_rz",
      "random_circuit"
    ],
    "histories_energy": [
      [
        [
          -117.69686448270814,
          -119.75472562941924,
          -123.85555774921568,
          -123.76310695242141,
          -125.48787729368567,
          -118.72961762928273,
          -124.22819594734193,
          -122.95236505058301,
          -123.64598523834387,
          -125.85022039992191,
          -124.88514626018672,
          -123.58924691687946,
          -123.59300050639862,
          -125.07735494459367,
          -124.95289274749727,
          -125.59218393456347,
          -124.79434306871252,
          -126.01681742573612,
          -129.44380865781926,
          -128.61782911392385,
          -128.87373605843936,
          -129.1131017743434,
          -118.42865976328804,
          -129.39653809406403,
          -129.86230491057816,
          -130.055564133607,
          -130.50864959070108,
          -130.10964492653977,
          -130.163808758528,
          -129.9037501633282,
          -131.1313445204081,
          -129.51834937793262,
          -130.6571668918715,
          -132.0771446353499,
          -132.33150701501557,
          -129.90086346522367,
          -131.41777599698887,
          -122.07294128783361,
          -132.59533588498496,
          -131.8484511210699,
          -132.23017729876432,
          -129.24233458719533,
          -132.85313752415402,
          -131.96368786864446,
          -132.33090897273544,
          -132.5619675050737,
          -132.58671462298759,
          -132.94601363630426,
          -131.6695746260103,
          -132.17499682456454,
          -131.9307327985765,
          -131.04692314202632,
          -132.70398732767063,
          -132.38488246280417,
          -133.10421249395193,
          -132.72011373691802,
          -132.18893101691125,
          -133.26205158768659,
          -132.4334852080158,
          -132.53299547354035,
          -133.32256288971314,
          -133.62681362125858,
          -133.37174001422272,
          -133.0100698899554,
          -133.3242675630829,
          -132.60376155228093,
          -130.53238803699284,
          -130.2679783295622,
          -133.6023487211186,
          -130.27396419737528,
          -133.03047043589154,
          -131.877965285581,
          -133.5159037366796,
          -131.2180498254245,
          -133.46042627930126,
          -135.32683098147928,
          -135.01077654336063,
          -135.17597755015007,
          -134.16018902066196,
          -135.13603942372316
        ]
      ],
      [
        [
          -119.3926751283621,
          -119.54277784962642,
          -125.53893920657407,
          -124.68479140371952,
          -125.25084428882747,
          -125.89391893009693,
          -129.90320632297008,
          -130.16217448550006,
          -130.41294285286443,
          -128.7624632959227,
          -129.4472152965884,
          -126.72180214699458,
          -130.7319200348032,
          -130.19962343196292,
          -126.22383577806266,
          -130.3390974679194,
          -130.8213997563964,
          -130.32011564902183,
          -121.62264124184983,
          -129.60950737551101,
          -130.41481061991098,
          -129.8954025909358,
          -115.13242059256274,
          -127.53261909985646,
          -130.08610639548303,
          -129.94737415157158,
          -131.40120452941807,
          -131.71212395590283,
          -131.17353874804485,
          -130.5226359602467,
          -130.392973644527,
          -130.56954352409463,
          -130.98463589480542,
          -130.82995400175523,
          -130.5337898321099,
          -130.39111385227588,
          -130.60524178500165,
          -130.92596532025627,
          -130.69445973741836,
          -130.2242411209836,
          -130.81604904967747,
          -131.13873566031626,
          -130.85488353708257,
          -130.53651071402209,
          -130.60808406891786,
          -130.26594371481195,
          -130.74494926024926,
          -130.73608296080343,
          -130.65838899324524,
          -129.51923939988097,
          -131.4205957509647,
          -121.07719380562864,
          -129.6012424480275,
          -123.70037076481225,
          -130.95043592079466,
          -126.89946248709781,
          -130.27844257238013,
          -124.92130078026885,
          -131.09139192836605,
          -130.32333636850507,
          -130.4599991610287,
          -129.5778296186581,
          -130.10581795162767,
          -128.3790247006619,
          -126.46600108682202,
          -130.58322233337068,
          -131.07662736465403,
          -130.70418979107205,
          -128.77151143445775,
          -130.89014414845647,
          -129.05588488758983,
          -130.6467599621573,
          -130.7050886380328,
          -130.94137015971955,
          -130.49454731303535,
          -129.86274983401407,
          -130.7587511641931,
          -127.55023931608557,
          -131.30431137501998,
          -129.9581664719172
        ]
      ],
      [
        [
          -99.87688389997687,
          -104.20286670442646,
          -100.13349598473292,
          -106.26802891276277,
          -103.45215021451509,
          -106.602569233921,
          -107.94040022093252,
          -107.96392683231215,
          -107.43770289897856,
          -106.14934601173854,
          -114.66132493212346,
          -115.77853795765708,
          -117.18225359086217,
          -111.58301724271925,
          -118.05286328060964,
          -115.91263741482533,
          -118.15041713428003,
          -117.60535887746349,
          -113.63397120297124,
          -114.0098122316184,
          -118.94355237213409,
          -120.3029528081112,
          -117.2972707300744,
          -120.58906732190314,
          -119.28719779859229,
          -119.18797066815453,
          -120.80018704000133,
          -121.23249833439502,
          -120.03234707312151,
          -119.34891120122306,
          -122.27216111739156,
          -121.15621082357424,
          -120.43604810192087,
          -120.15033308413096,
          -120.2566928552932,
          -121.07862874648112,
          -120.4188791608903,
          -121.04774905480116,
          -121.60977019583828,
          -121.04103029025998,
          -119.29035047929611,
          -120.60566453373771,
          -120.80849483132343,
          -119.08030513825555,
          -119.29006250289534,
          -119.53593590377811,
          -121.15011935994593,
          -119.7552938448382,
          -119.30793990595534,
          -120.72113491283355,
          -119.70795964881835,
          -120.52472861804513,
          -119.35181421688887,
          -120.40787100302505,
          -119.57167173038596,
          -121.11251268698973,
          -120.58620075810191,
          -119.42616850073816,
          -120.03978994679986,
          -119.38628509848861,
          -118.72836815561247,
          -120.63889081394291,
          -119.06314646888765,
          -120.13762124735834,
          -120.77644566630983,
          -122.15577727062869,
          -120.11959552306564,
          -119.66869272858824,
          -119.50166627736127,
          -120.07044187907069,
          -120.2839310696779,
          -119.94838040699746,
          -120.82954684076289,
          -120.50348126480381,
          -120.2703274037914,
          -114.60190142368263,
          -122.07523401616317,
          -117.37598432260872,
          -120.0558764420492,
          -119.38788452724052
        ]
      ]
    ]
  },
  {
    "vqe2_energy": [
      -89.20536205708262,
      -95.19917466561711,
      -89.20541360034207
    ],
    "vqe2_vector": [
      [
        1,
        1,
        0,
        1,
        1,
        0,
        0,
        1
      ],
      [
        0,
        0,
        0,
        1,
        0,
        1,
        1,
        1
      ],
      [
        1,
        0,
        1,
        0,
        0,
        0,
        0,
        1
      ]
    ],
    "vqe2_min_error": [
      6.297125724226593,
      0.0011200095627161843,
      6.297071582284353
    ],
    "vqe2_params": [
      [
        5.4953664556380595,
        4.566833309013282,
        6.028762460039791,
        3.8928491367832385,
        0.5841296882660709,
        5.406972994211198,
        3.155434081948769,
        5.066018485827143,
        1.6877479579904224,
        1.4073705914209804,
        2.0877791888892805,
        2.9661760138209248,
        2.742301470798026,
        6.441208192514452,
        4.17637030558638,
        6.69960296760937,
        2.0748615209436214,
        4.888219373822224,
        -0.6626120265965261,
        1.2377070707766034,
        1.5462253144215443,
        5.550469135017847,
        -0.33415231390866906,
        1.862837597276365,
        0.4551776806933547,
        4.425715532035404,
        6.113946913697052,
        5.311107651701047,
        0.0749112948551586,
        3.9604351665720916,
        4.5844616414513375,
        0.30886537509352835
      ],
      [
        4.76682743394794,
        2.717899251045282,
        5.811330612956494,
        1.893878165120679,
        2.9932470144560996,
        -0.1079093525423365,
        4.694450366300977,
        4.646298708658262,
        2.310982874331487,
        5.683172152441845,
        1.3206251564820648,
        2.0128152088966855,
        1.5752076429916095,
        3.283664887400304,
        4.178490144496091,
        7.399215999255775,
        4.973754158110106,
        6.997676416956396,
        2.7359720414682234,
        5.426011704808303,
        2.322200496020468,
        4.139365704353906,
        0.9985498919896058,
        6.217435036907466,
        5.445207734756857,
        0.885206079850098,
        4.571701761653141,
        4.426168203914006,
        2.543487977072456,
        4.555954919538934,
        6.138131624326761,
        5.496356537147215,
        3.8665444693048485,
        4.801900380669157,
        6.203345855308648,
        0.14992402469366842,
        1.7597501844132282,
        3.6139936854558035,
        1.0665940354072643,
        1.766642730074946,
        2.8359516608686084,
        0.8862986026888872,
        0.2227605381526112,
        2.134338204519366,
        3.931821674120523,
        7.209077889573346,
        1.1797155345092176,
        2.546702010450743
      ],
      [
        4.906615392308563,
        1.7410164941706419,
        3.474845052091772,
        1.8438163075381717,
        2.6420819836896405,
        2.4989440592439545,
        2.0535797262569204,
        3.2434689136108212,
        6.170179992133838,
        1.2489697302248597,
        6.005648205906033,
        6.230412296466024,
        5.698737762472187,
        1.558148054841273,
        4.671395619637281,
        1.8248923569833784,
        2.0874152513133946,
        4.788307320412316,
        5.048924713839164,
        3.429049432348892,
        1.576961618908589,
        2.670464128022615,
        0.07350498731297574,
        1.3991313305494262,
        1.1409991828508317,
        6.877451232185426,
        4.726028259895839,
        2.7372190326824057,
        4.162854663543372,
        0.7567552232701938,
        0.4861528708367171,
        6.27409743095059,
        0.17152836304585609,
        0.14798178385765146,
        1.2318177857112753,
        3.2423334732044036,
        2.4899108543987047,
        4.504671153440838,
        3.2807420664196236,
        3.173840485642126,
        3.4524317738122843,
        0.7717959488930325,
        1.2203035244514178,
        0.4914914101115157,
        3.1778234300694863,
        5.564817386058435,
        4.1319244683043905,
        0.5105479422920881,
        3.6408478133659,
        4.955756229836583,
        2.6726662644284707,
        5.541669116610672,
        0.5453775313584278,
        3.654299211571512,
        3.4288662420537386,
        4.175275333222441,
        0.5144867332690989,
        4.481319231900738,
        4.277141793355912,
        6.403800394771157,
        1.0984819117580995,
        0.15820356141923947,
        3.79088352047885,
        6.208871556817982,
        0.1609886091173076,
        3.4371303126746575,
        2.5586658174207213,
        7.05542093921283,
        3.997454182842613,
        1.0179732211436716,
        0.751701056765237,
        4.513681854793172
      ]
    ],
    "vqe2_time": [
      5.326548099517822,
      3.473778009414673,
      6.27748703956604
    ],
    "solution_vector": [
      0,
      1,
      1,
      1,
      1,
      0,
      0,
      0
    ],
    "solution_min_energy": -95.20024091741911,
    "solution_time": 0.021140098571777344,
    "matrix_size": 8,
    "qubo_matrix": [
      [
        -22.28641701225276,
        2.967539256438102,
        5.935078512876204,
        1.483769628219051,
        1.4837687216523365,
        2.967537443304673,
        5.935074886609346,
        1.4837687216523365
      ],
      [
        2.967539256438102,
        -41.60529476806742,
        11.870157025752407,
        2.967539256438102,
        2.967537443304673,
        5.935074886609346,
        11.870149773218692,
        2.967537443304673
      ],
      [
        5.935078512876204,
        11.870157025752407,
        -71.34043251038243,
        5.935078512876204,
        5.935074886609346,
        11.870149773218692,
        23.740299546437384,
        5.935074886609346
      ],
      [
        1.483769628219051,
        2.967539256438102,
        5.935078512876204,
        -22.28641701225276,
        1.4837687216523365,
        2.967537443304673,
        5.935074886609346,
        1.4837687216523365
      ],
      [
        1.4837687216523365,
        2.967537443304673,
        5.935074886609346,
        1.4837687216523365,
        -22.286408319982634,
        2.9675875468276844,
        5.935175093655369,
        1.4837937734138422
      ],
      [
        2.967537443304673,
        5.935074886609346,
        11.870149773218692,
        2.967537443304673,
        2.9675875468276844,
        -41.60522909313759,
        11.870350187310738,
        2.9675875468276844
      ],
      [
        5.935074886609346,
        11.870149773218692,
        23.740299546437384,
        5.935074886609346,
        5.935175093655369,
        11.870350187310738,
        -71.34010799896444,
        5.935175093655369
      ],
      [
        1.4837687216523365,
        2.967537443304673,
        5.935074886609346,
        1.4837687216523365,
        1.4837937734138422,
        2.9675875468276844,
        5.935175093655369,
        -22.286408319982634
      ]
    ],
    "ansatze": [
      "twolocal",
      "alternating_ry_rz",
      "random_circuit"
    ],
    "histories_energy": [
      [
        [
          -69.10601482075123,
          -72.01254409352676,
          -68.6742142541962,
          -75.61441351906353,
          -72.88529115777955,
          -76.89459549373123,
          -79.4029892928422,
          -80.4833668155349,
          -80.76881991808116,
          -79.67169446378726,
          -81.4493481657465,
          -81.37189452589112,
          -81.61464959374455,
          -82.36490203216654,
          -81.99957656150865,
          -82.1070012320254,
          -82.619830335146,
          -80.4257851480471,
          -83.3009195433172,
          -80.51010707374361,
          -82.8306510075111,
          -80.84845488192597,
          -80.6678502212495,
          -80.99424295576361,
          -82.96734468430404,
          -83.20569729517106,
          -83.00887133770743,
          -83.0554794873373,
          -82.99145499340345,
          -82.22891596039895,
          -82.72524341231863,
          -82.63492276717523,
          -82.5270818123147,
          -84.52412150279834,
          -83.99238098640832,
          -84.03769330379629,
          -83.02878975630136,
          -84.24021800349219,
          -84.8094889824164,
          -83.32035851484123,
          -82.32206342970899,
          -84.55294093781329,
          -86.5982751214477,
          -86.03414549465401,
          -85.36880456927369,
          -86.14141426506535,
          -87.29485893923359,
          -87.22458620229763,
          -87.47708610657978,
          -86.90163675423443,
          -85.07363455253153,
          -86.87529476311134,
          -87.25501218965027,
          -86.59931568614724,
          -87.17921862679209,
          -86.45556682801838,
          -87.25513189355155,
          -86.80090347021915,
          -87.57954075286271,
          -87.54175558914481,
          -87.34453295219592,
          -87.5747821180216,
          -88.0350729412199,
          -87.91638209701706,
          -88.0578893094,
          -87.32319997255348,
          -86.36336753422829,
          -87.47093800938336,
          -87.07283439676921,
          -86.67554801190083,
          -85.67229870895603,
          -88.61771184365868,
          -86.8481644919193,
          -88.61767020683426,
          -87.76977641009724,
          -88.35249077222896,
          -87.98656609505673,
          -88.6830386590699,
          -88.38730477676714,
          -89.01987685211522
        ]
      ],
      [
        [
          -78.77656604597631,
          -78.9616927337483,
          -78.0113354980767,
          -79.30343252012968,
          -78.05384838990332,
          -78.96758703279268,
          -80.27869726803986,
          -80.74183925967058,
          -81.19255155267321,
          -80.48811627193592,
          -81.64617124832486,
          -82.71547800167379,
          -83.07842361735258,
          -83.75365770892103,
          -83.96626357833324,
          -81.75710004218845,
          -84.20011318086534,
          -81.95978957954375,
          -87.25625504691308,
          -84.6172406670826,
          -85.95492826446733,
          -86.6276166538458,
          -86.80235374698894,
          -83.91018136932495,
          -86.26843752633003,
          -86.57931059847544,
          -86.51494357474597,
          -86.52637946454598,
          -87.13453097330641,
          -86.93801535025979,
          -86.82450449428312,
          -86.43854672379912,
          -86.5853107137974,
          -87.10803650908777,
          -86.85306962565748,
          -86.5907739670343,
          -86.68468377458586,
          -86.76506308149813,
          -86.41341638865937,
          -86.81830893266515,
          -86.68305272451722,
          -86.83393558314368,
          -86.85085579935266,
          -86.93538695292392,
          -86.37113995107549,
          -86.63795710878082,
          -87.36392465507929,
          -87.06850840819054,
          -86.68684115552587,
          -83.6146420711386,
          -86.3699455448149,
          -83.37647902501624,
          -87.4376940459188,
          -83.3076203600215,
          -87.51322940295364,
          -86.90561251922493,
          -88.15479876581779,
          -88.40919670314898,
          -87.42622478995752,
          -88.09172397189079,
          -87.92218430618975,
          -88.5443492306845,
          -88.53347134322136,
          -88.58520925075545,
          -86.2075037038071,
          -87.79947406845923,
          -89.13948404535338,
          -87.33298597181454,
          -87.7265268615797,
          -86.38086672633135,
          -88.45676023715271,
          -88.19130689964078,
          -88.83968579271948,
          -88.15331332991668,
          -88.26031089766765,
          -88.35527666318688,
          -88.35555348684139,
          -88.14228528285823,
          -88.71870956145233,
          -88.97146424442596
        ]
      ],
      [
        [
          -80.23245691034501,
          -81.922367061594,
          -82.1176588431021,
          -82.80797687696065,
          -82.8638022116386,
          -82.34430679326609,
          -83.03335472826711,
          -83.23421275546971,
          -84.5837528535368,
          -82.99218857344047,
          -85.1869347841458,
          -84.25718611775753,
          -85.33076601913767,
          -85.09172886383921,
          -82.77944275120278,
          -84.82912343685855,
          -84.86009152099888,
          -85.69687867000889,
          -83.87204453754606,
          -84.8335485676952,
          -85.65518932698126,
          -85.4562015598801,
          -83.05892632249056,
          -85.65144689300253,
          -84.6300546515802,
          -85.09535992097472,
          -86.11853050572432,
          -85.58582482571438,
          -85.49994960193386,
          -85.97683079901572,
          -86.10540973020552,
          -85.45085613649178,
          -85.58331115749881,
          -85.87132057581806,
          -85.4100265501398,
          -85.1376141618654,
          -85.26100263732435,
          -85.7010326598412,
          -85.31928924907149,
          -85.63091512837573,
          -85.71131577372327,
          -85.77163035887068,
          -85.45384547524283,
          -84.85523849544549,
          -85.18963875885031,
          -85.26613940092139,
          -85.08466648828808,
          -85.92015454135694,
          -85.23152014473763,
          -85.95542565383845,
          -85.84528809918766,
          -85.47238784363346,
          -85.86639991108123,
          -85.96581886165367,
          -85.8911119219459,
          -85.24220043544595,
          -85.9907145396081,
          -85.46963212724197,
          -85.20555073178876,
          -85.73783472041535,
          -86.13909427168937,
          -85.67706576146031,
          -85.97819505068955,
          -85.22693385420342,
          -85.69086463369398,
          -85.45245813007162,
          -86.00709103524662,
          -85.51761763667882,
          -86.66773621764217,
          -86.39591171918173,
          -84.83703552846777,
          -85.87766746072151,
          -86.18922161736006,
          -85.76291505923089,
          -84.68991996179955,
          -83.06778739802554,
          -85.16173277939319,
          -85.80698732295878,
          -85.54929262572023,
          -82.73122859738919
        ]
      ]
    ]
  },
  {
    "vqe2_energy": [
      -96.5289192924968,
      -96.52590353074154,
      -96.53034929838978
    ],
    "vqe2_vector": [
      [
        0,
        1,
        1,
        0,
        1,
        0,
        0,
        1
      ],
      [
        1,
        1,
        1,
        1,
        0,
        0,
        0,
        0
      ],
      [
        1,
        0,
        1,
        0,
        0,
        1,
        0,
        1
      ]
    ],
    "vqe2_min_error": [
      0.008081158614636763,
      0.011205111590451011,
      0.006599850896260584
    ],
    "vqe2_params": [
      [
        0.8929479468754202,
        3.094095686352237,
        2.6418377445527166,
        3.824110483768024,
        5.392827478201703,
        6.415630761778079,
        6.12551212591543,
        1.375842123101273,
        2.005108233576563,
        6.424025403083528,
        5.802430560380159,
        7.064058016375177,
        0.11002248823226732,
        4.152326138629138,
        1.0265504875267724,
        1.5174412148746457,
        1.9979780371026297,
        3.022966533214907,
        3.632418232561859,
        0.8213065843443531,
        5.404652144789178,
        3.562397274629448,
        3.4937834057929402,
        6.05902894728069,
        1.5933838552411368,
        4.4915169967472846,
        7.079967798469414,
        2.470843531353535,
        2.225975682253414,
        5.454408185995035,
        5.821024809570472,
        4.737510143579275
      ],
      [
        0.008769376756360138,
        4.796037875774918,
        3.96119783422837,
        2.135824474111442,
        5.785460091901389,
        3.4199841811107823,
        3.481087641234271,
        5.89624492588477,
        1.8571766753343615,
        4.042988683033474,
        3.6352193165385316,
        6.071145898685657,
        1.8138936918885136,
        6.323652540145991,
        6.537024447409046,
        1.580652811872063,
        2.560941229189152,
        1.078152887869366,
        0.14286972942985304,
        2.7449627872945137,
        0.8685471339954316,
        -0.2977912502376791,
        5.798773880676202,
        1.8176790807784944,
        6.215793428705578,
        1.3073387373300622,
        5.832693652552048,
        5.749663368059837,
        6.017744849216817,
        1.4712659343163748,
        3.9854433654433588,
        3.8732221037506775,
        5.798975508309399,
        0.03530824554736614,
        2.2566128424536913,
        4.389342204691204,
        1.3607519491406477,
        0.14285501792247204,
        1.7290694123377648,
        4.186780913783269,
        0.6951724443199,
        0.6074296940268754,
        4.541346543228127,
        5.456320835939232,
        1.1614616316391269,
        5.659318272946083,
        4.782280169062062,
        4.8486929488973125
      ],
      [
        1.2170767772590678,
        1.2318032920882622,
        2.0472308128433765,
        3.231600149172471,
        5.92537960121854,
        4.357426029474633,
        4.7742733405478335,
        2.0120860241376963,
        2.2557862567897455,
        3.1567276261481285,
        2.0440910317245664,
        2.1925966229858966,
        3.24501902441272,
        3.494688159811203,
        2.674930376071664,
        2.6075117968780774,
        6.70757863353268,
        5.775227098414232,
        0.9154829980530018,
        2.881914427589284,
        7.1272212850495205,
        0.7266773797973707,
        4.8794967824487605,
        0.5260685256696784,
        3.9843824547998468,
        3.487787309105443,
        0.2350682040210018,
        1.4210486322893368,
        5.360146602571027,
        3.651064315567458,
        6.4775040989119415,
        6.04123776833324,
        1.5623017374805184,
        0.6585010664378504,
        1.402269569882394,
        1.6457578199492775,
        3.359354379707524,
        2.5314492614324116,
        1.3175016681123113,
        0.9991955209644429,
        4.202319312724174,
        5.391691263542597,
        3.1043363737392515,
        0.22419169892684693,
        2.4043426884385957,
        1.6535105935853645,
        2.969624502031261,
        4.072236286625161,
        1.664857828350515,
        3.315094505037445,
        3.9430572306435336,
        5.094782697397095,
        4.110579808949958,
        1.8101183932833076,
        5.703517873221828,
        0.4620267925478342,
        0.9248682211523547,
        5.177656823486298,
        4.922371134738694,
        1.7521993292829035,
        3.9310097846519163,
        1.3082099566465364,
        5.29828019958183,
        4.376649526598042,
        4.759015885692447,
        4.469793281381431,
        4.299176728325639,
        0.24776564004497412,
        2.3467812359855875,
        1.3964304954467168,
        0.7873236729167125,
        3.077026139576519
      ]
    ],
    "vqe2_time": [
      5.1640448570251465,
      4.922742605209351,
      7.648317098617554
    ],
    "solution_vector": [
      0,
      0,
      0,
      0,
      1,
      1,
      1,
      1
    ],
    "solution_min_energy": -96.53672057800807,
    "solution_time": 0.020930051803588867,
    "matrix_size": 8,
    "qubo_matrix": [
      [
        -22.59666025047418,
        3.00883494546614,
        6.01766989093228,
        1.50441747273307,
        1.5044165661663556,
        3.008833132332711,
        6.017666264665422,
        1.5044165661663556
      ],
      [
        3.00883494546614,
        -42.18448555548222,
        12.03533978186456,
        3.00883494546614,
        3.008833132332711,
        6.017666264665422,
        12.035332529330844,
        3.008833132332711
      ],
      [
        6.01766989093228,
        12.03533978186456,
        -72.33363132909989,
        6.01766989093228,
        6.017666264665422,
        12.035332529330844,
        24.07066505866169,
        6.017666264665422
      ],
      [
        1.50441747273307,
        3.00883494546614,
        6.01766989093228,
        -22.59666025047418,
        1.5044165661663556,
        3.008833132332711,
        6.017666264665422,
        1.5044165661663556
      ],
      [
        1.5044165661663556,
        3.008833132332711,
        6.017666264665422,
        1.5044165661663556,
        -22.59818139774604,
        3.0088832358557225,
        6.017766471711445,
        1.5044416179278612
      ],
      [
        3.008833132332711,
        6.017666264665422,
        12.035332529330844,
        3.008833132332711,
        3.0088832358557225,
        -42.18747955963635,
        12.03553294342289,
        3.0088832358557225
      ],
      [
        6.017666264665422,
        12.035332529330844,
        24.07066505866169,
        6.017666264665422,
        6.017766471711445,
        12.03553294342289,
        -72.33942617584981,
        6.017766471711445
      ],
      [
        1.5044165661663556,
        3.008833132332711,
        6.017666264665422,
        1.5044165661663556,
        1.5044416179278612,
        3.0088832358557225,
        6.017766471711445,
        -22.59818139774604
      ]
    ],
    "ansatze": [
      "twolocal",
      "alternating_ry_rz",
      "random_circuit"
    ],
    "histories_energy": [
      [
        [
          -78.46699181266256,
          -77.80350232224266,
          -80.19899092639206,
          -77.42773226191191,
          -79.88674232270019,
          -77.92422124514547,
          -78.49593755167868,
          -80.57471363675151,
          -80.31279953439312,
          -81.73847285628739,
          -81.50706071142157,
          -80.97492017034793,
          -82.20213236297393,
          -82.07344807254779,
          -80.0784091867254,
          -81.81715345813586,
          -81.69018832704576,
          -80.79209960183131,
          -83.26002529189903,
          -82.44825243212954,
          -82.68159164477754,
          -82.86278949229292,
          -85.8767798838414,
          -86.8106018861284,
          -86.75652684286767,
          -87.2923560387787,
          -87.363403755702,
          -87.60564965333309,
          -86.65257120742638,
          -87.60441894077451,
          -86.97670741412051,
          -87.02925683489805,
          -87.19885560584557,
          -86.90757615383802,
          -87.09737876543161,
          -80.94836272960673,
          -87.69975943573269,
          -88.34487402323958,
          -87.01503832382409,
          -88.80278186881422,
          -88.30434767628438,
          -87.35082180241979,
          -87.61240719469778,
          -87.77807397431087,
          -87.9511948124096,
          -85.42861270262404,
          -88.4298652674155,
          -86.32032273699079,
          -88.29766709210686,
          -87.57319288980165,
          -89.39146843570028,
          -90.39325900302869,
          -91.3844184434641,
          -92.8529482971243,
          -91.96312888794202,
          -88.90119657789444,
          -92.57627764461752,
          -91.825466925207,
          -92.52653970472532,
          -93.46708163239006,
          -93.66943509320424,
          -92.73232682647485,
          -93.97257897025737,
          -94.0210717407581,
          -93.1921658821178,
          -93.41871339941477,
          -93.59100071520007,
          -93.3116575756713,
          -93.4528799820825,
          -92.26149893848665,
          -90.94525263222499,
          -88.9840821068367,
          -93.19028445348,
          -94.47431098322748,
          -94.2635715099318,
          -93.82747872812368,
          -94.53973484860045,
          -93.45959400453498,
          -94.19341064325602,
          -94.12772016030051
        ]
      ],
      [
        [
          -84.49090238222591,
          -83.57644471570134,
          -84.38462915471969,
          -84.67641941408162,
          -81.59045944255274,
          -85.17251013755627,
          -77.96241690875749,
          -86.51574790989659,
          -85.77885233762052,
          -85.60952490189345,
          -78.51780437568686,
          -84.58898409662358,
          -85.15741371440708,
          -86.15880702008407,
          -86.9878446882624,
          -87.89401118508228,
          -88.34319882946522,
          -87.31818861062952,
          -86.1900148084534,
          -88.23990162818772,
          -87.97387578464382,
          -87.90760860904803,
          -82.48800020421068,
          -87.51542451278928,
          -86.88230112562873,
          -88.63816131850044,
          -87.84716646124406,
          -88.18799899505275,
          -88.0004979611552,
          -88.54184422510616,
          -88.20004954039918,
          -87.64535646706277,
          -87.68482180108342,
          -88.24108442443712,
          -87.90558486093667,
          -87.66205368156017,
          -87.6391949301811,
          -88.23088257280017,
          -87.90763347382884,
          -88.32097904841078,
          -88.45438111799419,
          -87.37473329303548,
          -88.25505194862293,
          -87.74425981819462,
