[
  {
    "vqe2_energy": [
      -586.9712257385254,
      -573.1001319885254,
      -576.1680297851562
    ],
    "vqe2_vector": [
      [
        0,
        1,
        0,
        1,
        1,
        0,
        0,
        0,
        1,
        1,
        0,
        1
      ],
      [
        0,
        1,
        1,
        1,
        1,
        0,
        0,
        0,
        1,
        1,
        1,
        1
      ],
      [
        1,
        1,
        0,
        0,
        0,
        1,
        0,
        0,
        1,
        1,
        0,
        1
      ]
    ],
    "vqe2_min_error": [
      1.8748001347993482,
      0.5326686498149824,
      0.00020392043660333314
    ],
    "vqe2_params": [
      [
        2.945355997453451,
        1.3174709867143857,
        3.1841159464034017,
        4.042141568352527,
        3.468164184073804,
        2.6395941979273236,
        -0.49644575201377616,
        -0.11999425416566868,
        6.548748032640989,
        1.8026340848142157,
        4.44108527987043,
        1.9333775484847402,
        1.5966898858206795,
        1.4041877948459074,
        2.295294236953954,
        3.5563957130326695,
        6.164679269840197,
        5.698494918486651,
        5.5883809268960185,
        4.734177788166243,
        4.147966660196271,
        -0.2320418468925985,
        2.8601921520844176,
        6.434375162587962,
        6.11693854606112,
        5.420046197656955,
        0.032536673543229436,
        1.7771077639429935,
        2.4685634052442715,
        2.704342155774714,
        -0.5255146832175851,
        2.9062320321308586,
        3.1287058042203424,
        1.9383937479223217,
        6.33428465681788,
        1.4879635864967835,
        5.000240097247953,
        1.1816311937076556,
        5.31655814800086,
        3.8539673074783938,
        1.8022141149419408,
        4.170363878622935,
        5.621668033987817,
        1.457654316088361,
        0.04660551431613855,
        1.8040930847981882,
        -0.09351320299419058,
        3.2165989602174725
      ],
      [
        5.188930272030558,
        0.17423634713095415,
        4.304905603503051,
        5.552359892978825,
        2.6223863329032833,
        5.183952277930431,
        5.568637087480871,
        5.2667018237384,
        1.7486401627895398,
        3.461129403018124,
        4.28081421327825,
        6.634491639060844,
        1.8169233651309624,
        4.42726616192908,
        1.0226876363388,
        6.694680833257366,
        2.173984621584401,
        4.937109884955546,
        3.715828197208059,
        3.7949914758410332,
        -0.13446867597336729,
        3.1986329526035457,
        6.92239799539432,
        7.041623927633344,
        4.751800092773392,
        1.882902180031365,
        1.837618423215704,
        3.887648546688472,
        0.5628531440222154,
        2.2903706903726055,
        4.010502971539687,
        5.794036293765232,
        0.4663313993088978,
        2.789310622723541,
        4.985431488276211,
        5.9017283585361735,
        5.310935996311146,
        4.142123160410789,
        5.3536518388754795,
        2.4126058879974273,
        3.3634063668443575,
        5.818250609888835,
        4.056969256088306,
        1.996634479728716,
        1.43557067028119,
        0.1592469138615169,
        2.5988877699812463,
        1.7222022738838412,
        0.6735073687947989,
        5.3703571278236115,
        4.870172521287603,
        1.9225382119127812,
        5.340825341203915,
        4.065174365760391,
        3.1871954525668764,
        1.3388704821345856,
        0.9875170846615378,
        2.7403794597745232,
        0.733599346942934,
        4.103276583430272,
        3.4206049997736376,
        2.2096317343215204,
        0.23353182956376675,
        2.6585177595876113,
        0.5616524566119893,
        3.4898398492767786,
        2.3267699884853457,
        5.5974649903735925,
        1.0648624524007406,
        5.154615749338859,
        5.313060745630799,
        1.0663106774636266
      ],
      [
        2.493638519485977,
        1.2357278641037874,
        5.623200780939306,
        5.225563220137661,
        5.393229224249361,
        3.4495679952224574,
        2.429434855308577,
        6.15966083278957,
        3.673162854378,
        6.553359743945338,
        2.0501519694613997,
        1.818358442987561,
        1.996582983477129,
        4.091094187531983,
        0.24122859598814442,
        2.7868109598305235,
        1.5031668690844824,
        6.438980523693753,
        1.900948325207747,
        3.2334887851368306,
        1.6307989235349685,
        1.1629021454536532,
        1.5133165789917022,
        4.897490151107661,
        2.195084389268157,
        1.1568403957396336,
        4.7252798236640485,
        5.062293574674334,
        1.010018505114954,
        3.2830661744120175,
        0.19581962951838938,
        6.07790541714023,
        5.514404088247592,
        0.7992782752360529,
        2.041585338823554,
        3.751423391250587,
        0.12626547650450928,
        2.076423892957153,
        0.14567330097441578,
        1.3668331210300066,
        5.277890067613441,
        1.773203040037564,
        3.204795746524776,
        0.4331144324479086,
        1.8471929227052097,
        5.0402475400146045,
        4.6136259299899045,
        4.606960601045541,
        2.245281919543572,
        0.906458718364739,
        1.0181589519185827,
        5.070094127409045,
        3.743593519656434,
        4.527420189468866,
        0.06829201807885164,
        5.163831577608205,
        2.832222854160399,
        3.9687053919805377,
        3.744023542054744,
        0.4615594614966211,
        3.6101761815691744,
        3.8491106484062505,
        6.152999045077557,
        2.3186005528950466,
        3.310747358530975,
        3.244015965156707,
        3.895699948212667,
        0.9790475672231304,
        0.22344686434399913,
        4.62869275787707,
        2.91860628408256,
        2.041939499877471,
        5.055334178749762,
        3.0255931150087703,
        3.7458174101755763,
        0.9510667496742138,
        5.463771840489191,
        4.0017892585922485,
        2.227960352217359,
        6.083982812761214,
        2.7908147698719157,
        0.25583477986079445,
        0.27150194424226354,
        3.672257163615734,
        2.186944608992032,
        3.649047882964985,
        1.8196700731099942,
        3.5161826489537313,
        3.752959526074213,
        3.332659922282689,
        0.9976418512253482,
        4.537611455660494,
        0.35789003688299603,
        5.942072985036765,
        0.27331572308488283,
        4.948902270590462,
        2.5218932718762987,
        2.4800106296434272,
        0.45247958163825125,
        1.0724185371939434,
        1.524516275725043,
        3.581146711913577,
        2.325010483305206,
        0.3519657621033181,
        1.3764998743433852,
        2.3653252895472274,
        4.031017280834318,
        1.4929627918991086
      ]
    ],
    "vqe2_time": [
      33.01976680755615,
      51.553990602493286,
      60.885945320129395
    ],
    "solution_vector": [
      0,
      0,
      1,
      1,
      0,
      1,
      0,
      0,
      1,
      1,
      0,
      1
    ],
    "solution_min_energy": -576.1692047119141,
    "solution_time": 0.02370142936706543,
    "matrix_size": 12,
    "qubo_matrix": [
      [
        -147.16258239746094,
        27.93210220336914,
        13.966056823730469,
        27.932113647460938,
        6.249999046325684,
        12.499998092651367,
        0.0,
        0.0,
        6.94444465637207,
        13.88888931274414,
        0.0,
        0.0
      ],
      [
        27.93210220336914,
        -266.39306640625,
        27.932113647460938,
        55.864227294921875,
        12.499998092651367,
        24.999996185302734,
        0.0,
        0.0,
        13.88888931274414,
        27.77777862548828,
        0.0,
        0.0
      ],
      [
        13.966056823730469,
        27.932113647460938,
        -147.1630401611328,
        27.93217658996582,
        6.249998092651367,
        12.499996185302734,
        0.0,
        0.0,
        6.94444465637207,
        13.88888931274414,
        0.0,
        0.0
      ],
      [
        27.932113647460938,
        55.864227294921875,
        27.93217658996582,
        -266.3939208984375,
        12.499996185302734,
        24.99999237060547,
        0.0,
        0.0,
        13.88888931274414,
        27.77777862548828,
        0.0,
        0.0
      ],
      [
        6.249999046325684,
        12.499998092651367,
        6.249998092651367,
        12.499996185302734,
        -91.60713195800781,
        27.932117462158203,
        0.0,
        0.0,
        0.0,
        0.0,
        6.94444465637207,
        13.88888931274414
      ],
      [
        12.499998092651367,
        24.999996185302734,
        12.499996185302734,
        24.99999237060547,
        27.932117462158203,
        -155.28213500976562,
        0.0,
        0.0,
        0.0,
        0.0,
        13.88888931274414,
        27.77777862548828
      ],
      [
        0.0,
        0.0,
        0.0,
        0.0,
        0.0,
        0.0,
        6.25,
        12.5,
        0.0,
        0.0,
        0.0,
        0.0
      ],
      [
        0.0,
        0.0,
        0.0,
        0.0,
        0.0,
        0.0,
        12.5,
        25.0,
        0.0,
        0.0,
        0.0,
        0.0
      ],
      [
        6.94444465637207,
        13.88888931274414,
        6.94444465637207,
        13.88888931274414,
        0.0,
        0.0,
        0.0,
        0.0,
        -93.75,
        12.5,
        0.0,
        0.0
      ],
      [
        13.88888931274414,
        27.77777862548828,
        13.88888931274414,
        27.77777862548828,
        0.0,
        0.0,
        0.0,
        0.0,
        12.5,
        -175.0,
        0.0,
        0.0
      ],
      [
        0.0,
        0.0,
        0.0,
        0.0,
        6.94444465637207,
        13.88888931274414,
        0.0,
        0.0,
        0.0,
        0.0,
        -43.75,
        12.5
      ],
      [
        0.0,
        0.0,
        0.0,
        0.0,
        13.88888931274414,
        27.77777862548828,
        0.0,
        0.0,
        0.0,
        0.0,
        12.5,
        -75.0
      ]
    ],
    "ansatze": [
      "twolocal",
      "alternating_ry_rz",
      "random_circuit"
    ],
    "histories_energy": [
      [
        [
          -424.3448721080357,
          -415.6413098886278,
          -420.1884885067412,
          -437.27004224777215,
          -438.4479198922051,
          -440.73537215762667,
          -450.82675297419223,
          -439.23976313696966,
          -438.4400988727145,
          -433.9516951582167,
          -439.06791650772095,
          -430.6851510450575,
          -441.5602730496727,
          -441.11883328755704,
          -449.8764785533482,
          -443.1665198241341,
          -440.083121579488,
          -448.1279777166578,
          -447.2673087522719,
          -447.4943444103665,
          -449.5687323951721,
          -433.4591462919447,
          -435.19962796105267,
          -441.3837048488192,
          -445.76695198059076,
          -450.70175651338377,
          -450.5366645516289,
          -424.3645048247444,
          -445.8444539197286,
          -458.9026244099934,
          -450.6558322291903,
          -448.16214003880816,
          -462.69223517523864,
          -507.35405654907237,
          -510.63527163611514,
          -503.6074995761446,
          -499.95155179765476,
          -509.08613320456624,
          -508.224372728136,
          -506.73894199583265,
          -509.4510151757136,
          -508.8745110872057,
          -508.0441990704008,
          -504.50237526151864,
          -509.48646807776566,
          -507.451757337782,
          -512.1427050378588,
          -507.5304995918274,
          -510.5423387145996,
          -525.0996168729994,
          -505.2124689292908,
          -531.809353779687,
          -522.1531634351942,
          -529.4034479988945,
          -509.75356844160285,
          -531.663970091078,
          -527.3319336658053,
          -521.5142841211955,
          -545.208226913876,
          -544.4078329806857,
          -543.8867094569734,
          -542.6205201488071,
          -542.336749159495,
          -544.6831701978047,
          -545.5694488779704,
          -546.9857560835944,
          -542.4329541672602,
          -546.3372014702691,
          -544.3225596745808,
          -545.3777743127611,
          -542.7390675269233,
          -546.8592444483438,
          -547.3389791043599,
          -546.0430465846591,
          -549.6484896066454,
          -547.8743137359619,
          -549.1321230443318,
          -542.9998183907404,
          -529.9758411110771,
          -552.711879925198,
          -542.8414375686646,
          -550.9136960262723,
          -556.6561758910285,
          -554.8018445502387,
          -564.0432361390855,
          -565.1950380706788,
          -563.2342285707261,
          -566.175896127489,
          -561.9913483259413,
          -565.2983383814494,
          -563.7568114259508,
          -563.1985506184895,
          -564.60142466863,
          -563.9380289904275,
          -564.9600307146708,
          -564.9069963328043,
          -564.0728279092576,
          -564.1107561111451,
          -545.0598552788629,
          -558.2438968171014,
          -541.7267640219795,
          -565.4607784737481,
          -559.971499648624,
          -565.9969251696268,
          -562.5275263426039,
          -564.0912089877659,
          -567.0434995057848,
          -567.9693053054809,
          -567.7962328910827,
          -563.7691037750243,
          -570.5499494022793,
          -570.6774285189312,
          -567.3535402255588,
          -569.9530207591588,
          -566.5487336052788,
          -565.329145948622,
          -567.2448796229892,
          -573.1346992916531,
          -576.5403915892707,
          -577.4737061479357
        ]
      ],
      [
        [
          -469.126074341668,
          -473.40208870357935,
          -470.3647942097982,
          -441.8833882141113,
          -476.11421001434337,
          -483.8637481753032,
          -483.82570491366914,
          -494.1537504916721,
          -497.38254802703864,
          -492.0788846545749,
          -482.30947254604746,
          -486.4753871197172,
          -503.3461792225308,
          -501.9035651673212,
          -499.18696344375604,
          -489.15013209236986,
          -513.5279631000094,
          -494.60500245836045,
          -514.8937471919589,
          -509.72574650658504,
          -522.4062316301134,
          -494.0398974566989,
          -525.9246697171529,
          -528.5399210166931,
          -530.7648213768005,
          -525.4075169944763,
          -528.5901608170404,
          -512.8867758644952,
          -526.5636292394001,
          -512.1303973070779,
          -529.7563116709391,
          -535.4713108105129,
          -537.0802455096775,
          -501.11615179273815,
          -528.1203448359172,
          -542.5110768169828,
          -545.6169492763942,
          -547.9810319052802,
          -547.2485963651868,
          -549.4548706160653,
          -546.6819220097859,
          -550.3922600385879,
          -546.5178904215495,
          -548.9719074418811,
          -546.9761328209771,
          -548.4593379126654,
          -546.3653096093071,
          -546.0945533773634,
          -548.1959727181329,
          -545.9909922705756,
          -546.1927487415736,
          -544.9055652025011,
          -548.8120557615492,
          -546.4718619749281,
          -546.1191952345108,
          -547.6821806992425,
          -544.1485821109347,
          -549.2899576610987,
          -546.73807249705,
          -546.8239819081623,
          -546.5637000486586,
          -548.9319741736517,
          -547.8250042067633,
          -547.6808998107911,
          -547.8730584377713,
          -546.4717681566874,
          -546.763036119673,
          -548.4708885722691,
          -552.2275981754726,
          -547.4937536578709,
          -547.7064496294656,
          -546.9342406929864,
          -545.5289843686421,
          -555.1190016576979,
          -548.7357999865213,
          -547.3830175145467,
          -552.7699874687195,
          -550.3803154881795,
          -555.6803790431553,
          -556.5292356787788,
          -556.1700766457452,
          -546.8505493842232,
          -548.2862904463874,
          -543.1908333502877,
          -553.8415788968404,
          -549.8051200803121,
          -554.3463417646618,
          -553.0618276956346,
          -553.1977281549241,
          -545.980717110104,
          -554.7051317257351,
          -544.2236467700534,
          -553.7781027242872,
          -556.0469931051466,
          -552.7376744121976,
          -556.4424115689596,
          -550.9500518332588,
          -546.9328537305197,
          -552.6875680033365,
          -546.41780916214,
          -558.2151601537068,
          -553.7230270237393,
          -558.6106935479904,
          -557.7819873025684,
          -553.3891861512927,
          -554.0057509803771,
          -555.4589837243823,
          -539.8121547868516,
          -559.2057414415148,
          -551.3849379454718,
          -555.3662161191305,
          -555.2804540782505,
          -557.5123866928948,
          -554.8537429343328,
          -555.7605943022834,
          -556.1637523269654,
          -555.6493052461411,
          -555.7966525861951,
          -555.4915082889133,
          -556.8584201134574
        ]
      ],
      [
        [
          -431.6443115827771,
          -443.904303126865,
          -438.042720881568,
          -424.3932373915779,
          -454.2353457578023,
          -434.84067641152274,
          -439.99828423606016,
          -456.80574951383795,
          -457.3228803994921,
          -449.4476324144998,
          -460.0963200251261,
          -438.5091764110988,
          -448.1268291261461,
          -452.2364023060268,
          -462.57171949386617,
          -461.0537265480889,
          -461.79537155363295,
          -458.7670824580724,
          -468.6451934814454,
          -476.4159128464593,
          -483.74199194802185,
          -472.9275937059191,
          -476.08676518546196,
          -498.5159459241231,
          -467.33337672975324,
          -493.6227685101827,
          -499.0316712443035,
          -502.4077536794875,
          -488.24871273040776,
          -492.3207243559095,
          -494.8209089533488,
          -487.59048549228254,
          -493.27684647242233,
          -476.5524248377482,
          -495.73003373887803,
          -481.839941014184,
          -499.83304492314653,
          -498.9715799713134,
          -499.1907359102036,
          -496.1543659612868,
          -496.8582946417067,
          -499.26334494908656,
          -496.39205962498977,
          -494.362307946947,
          -497.0010110770332,
          -497.1954083951313,
          -495.8195792537265,
          -497.8170375548469,
          -495.1200460794236,
          -493.7538326009116,
          -500.54312640508005,
          -502.02250769509203,
          -495.56657500372995,
          -495.8755981847976,
          -495.9377035183375,
          -498.5264371320936,
          -494.7112545225355,
          -497.3235741149055,
          -496.5456838141547,
          -503.7461933157179,
          -494.44607367197676,
          -496.3348844507007,
          -497.5057672988044,
          -496.42337342368234,
          -497.04378468619456,
          -499.0949958716499,
          -499.85883209864295,
          -496.2940946769714,
          -498.14412893507216,
          -498.22655166625975,
          -496.2578668064541,
          -497.048611149258,
          -496.85278746287025,
          -497.5991822751364,
          -502.1784858936735,
          -496.6463648499382,
          -495.315103585985,
          -496.50950204849244,
          -497.01367021136826,
          -496.8339601029289,
          -496.59182991239766,
          -494.68686499065825,
          -495.82934743669307,
          -497.6817043240865,
          -498.0182282723321,
          -499.2455813153584,
          -496.49834097968204,
          -495.83560795466104,
          -496.6503898684184,
          -495.98270834392974,
          -496.2627290386623,
          -498.80855532328286,
          -497.1666134770711,
          -497.3085675197179,
          -497.16968840916957,
          -497.8199310599433,
          -498.7749681536357,
          -497.7748964966668,
          -494.52226568222045,
          -500.11483533223475,
          -499.17135632832844,
          -501.52202981101135,
          -498.038451177809,
          -496.22721797095403,
          -500.29015730539965,
          -493.80907464345296,
          -496.4506325912475,
          -498.72198427836094,
          -497.11407855775633,
          -497.9457395829096,
          -493.1784983783298,
          -473.9209213532342,
          -499.339282406701,
          -519.6867938635085,
          -516.2119104618496,
          -497.72332058588665,
          -521.1533274989657,
          -500.2338198492263,
          -520.2940414916144,
          -514.771984108819
        ]
      ]
    ]
  },
  {
    "vqe2_energy": [
      -170.7697738369881,
      -170.76739242881595,
      -105.62280260303942
    ],
    "vqe2_vector": [
      [
        0,
        0,
        1,
        0,
        1,
        0,
        0,
        0,
        0,
        1,
        0,
        0
      ],
      [
        1,
        1,
        0,
        0,
        0,
        0,
        0,
        0,
        0,
        0,
        1,
        0
      ],
      [
        0,
        0,
        0,
        0,
        0,
        1,
        0,
        0,
        1,
        0,
        0,
        0
      ]
    ],
    "vqe2_min_error": [
      1.6022415853414462,
      1.6036137557246755,
      39.14000832762158
    ],
    "vqe2_params": [
      [
        3.6201785782289435,
        1.7269737691312632,
        6.270017339635536,
        3.908565063304972,
        2.6981881813356505,
        3.235606600060819,
        4.361555561219781,
        1.1247075078213595,
        5.2355292735675265,
        6.452789121777231,
        2.5497594161486354,
        4.076549503598447,
        2.1416294195472765,
        -0.02616299819942496,
        0.554454884790996,
        1.3261635713332356,
        0.4496374962653992,
        3.6952061576835664,
        6.299179360183191,
        1.9040743227875674,
        1.447604419671441,
        4.238765371786676,
        5.001440432773235,
        1.010849629334917,
        2.178286528463509,
        1.5003290508231037,
        3.8446728972289845,
        3.9536899935623904,
        2.6582673138822006,
        3.2858524950459675,
        4.4190266104905636,
        2.526033142944195,
        -0.04977489389995558,
        3.4694062679234094,
        3.00619887221928,
        3.3786822839758672,
        4.395953520359009,
        5.126399190358922,
        3.4870508495322694,
        3.268799032231906,
        1.2536532323445493,
        5.536984452766822,
        1.3802657415277126,
        4.304137457570347,
        1.9705203548281263,
        5.219663758426256,
        0.49974523773990825,
        7.2722860140540115
      ],
      [
        5.609685172251922,
        4.662566180979963,
        7.4978648954712535,
        0.32014751796912866,
        1.1546305699333617,
        3.292268212837365,
        2.2824028373216456,
        2.322737673722615,
        3.6167354916615,
        3.4638853696846765,
        0.3615465321394124,
        0.8882177815821561,
        3.1358280767681412,
        7.365112613009645,
        1.2542008541278054,
        3.3138013428259745,
        1.5100056362735081,
        3.1641878753999713,
        1.16208336238872,
        0.45139103559173765,
        5.6211503394801765,
        5.483462495509656,
        6.179183130378904,
        4.154001084227395,
        4.378384004300566,
        1.94593448398569,
        4.440137749178392,
        2.2296107963852405,
        4.482453793566146,
        -0.07329492658337142,
        0.9955816335447255,
        3.5918058330213,
        2.81201348802691,
        2.905587545915468,
        4.172256903040835,
        0.32207655958183584,
        5.387449066339321,
        1.5879131781643996,
        0.05687214976713752,
        3.3676849773493953,
        3.90511575630002,
        4.3856239015363405,
        1.4328050298805304,
        6.116140136730436,
        3.193841491607804,
        0.4145851450854721,
        2.5599344286739143,
        3.795740227009226,
        5.989471527483225,
        1.9859985019065003,
        4.832865117838115,
        3.0842872643659636,
        -0.029317025325710216,
        2.3482068780481153,
        2.2287570862813766,
        2.194986325455417,
        5.590278173814929,
        2.198173082146585,
        1.3781762595852745,
        2.848242689653752,
        5.796424529152535,
        1.588350259601334,
        0.38734269695090523,
        5.5250230956574,
        1.1162454065599978,
        2.3687801952549115,
        4.531391257767674,
        3.5189564560271234,
        1.1797778675733244,
        0.5351914289416163,
        5.336828926303278,
        1.2245694388213328
      ],
      [
        5.783231381857663,
        0.9138263093719098,
        3.8298790730082883,
        2.48083899068069,
        2.359276060144052,
        2.524128309907376,
        3.1949211705645983,
        5.8644867367429265,
        5.639261948710119,
        1.1979033379652135,
        4.089684734126347,
        2.5492098422480898,
        0.3621690730782304,
        5.599216944401234,
        5.510078520698798,
        1.8929989569861174,
        5.792962304112069,
        6.152222078318677,
        2.747824055269098,
        2.862883269703042,
        1.8045588004149224,
        5.675338493874873,
        2.221041937946663,
        6.997418144145367,
        2.6996268767086047,
        3.928657341132558,
        4.770453272894961,
        3.685242293705635,
        2.7219528072810086,
        4.162765151726422,
        1.38371029399122,
        6.820389868965829,
        0.6728297630565322,
        4.179631005599218,
        2.0380302468527,
        6.203768933795598,
        1.4031116394498555,
        2.0322479138920073,
        2.077507976908767,
        5.003570006386219,
        2.5609511322289635,
        4.639323155853416,
        0.745991663325828,
        0.4215733302925174,
        5.710716940887726,
        0.7636262778462417,
        1.1085347267812444,
        2.195776494305473,
        3.5508921317327093,
        1.8547217683059531,
        6.106990408652831,
        4.1609643949793345,
        1.7717048649770515,
        0.851743682873424,
        3.446690481144486,
        2.2006759204505264,
        0.5038900865721884,
        2.9823284576003894,
        4.439079714281715,
        3.490321498410674,
        2.7319551855271023,
        4.760568843127975,
        3.00789014800979,
        3.6949167855774347,
        5.718277889198582,
        4.330801401202388,
        6.149416795721897,
        5.617387527028743,
        4.297396984094926,
        1.8636693513691627,
        0.9750134933009068,
        6.0683046372766185,
        0.7440156094067768,
        3.735796072934924,
        1.139593311756037,
        2.005486581427917,
        4.07681101204771,
        0.19903566736909709,
        2.2005030746067065,
        4.033368524224195,
        1.861291254656862,
        1.863556364315924,
        3.506595173286455,
        3.8516194865103848,
        1.9599050888078682,
        4.16599862665819,
        0.48176902401377353,
        2.3587270738647654,
        0.9198028405611686,
        2.8300769749899968,
        5.798216896160664,
        1.0673405028285974,
        4.48042695649981,
        2.0196608881008054,
        5.215604864636063,
        2.789968611682399,
        4.92892089112602,
        4.444892470016103,
        2.2624865752363896,
        2.607432216931085,
        0.6559531770655688,
        1.392847240479513,
        0.3761622206470916,
        0.8115750234497049,
        1.9232964611369707,
        4.019971214334729,
        0.4324188059307271,
        0.5652828338184694
      ]
    ],
    "vqe2_time": [
      49.150144815444946,
      40.33938932418823,
      81.68867540359497
    ],
    "solution_vector": [
      0,
      0,
      0,
      0,
      1,
      0,
      1,
      1,
      0,
      1,
      0,
      0
    ],
    "solution_min_energy": -173.5504716655701,
    "solution_time": 0.02145528793334961,
    "matrix_size": 12,
    "qubo_matrix": [
      [
        -40.61229658061457,
        5.405574068967761,
        10.811148137935522,
        2.7027870344838805,
        2.7027840578428135,
        5.405568115685627,
        10.811136231371254,
        2.7027840578428135,
        2.7027843374681098,
        5.4055686749362195,
        10.811137349872439,
        2.7027843374681098
      ],
      [
        5.405574068967761,
        -75.81901909226139,
        21.622296275871044,
        5.405574068967761,
        5.405568115685627,
        10.811136231371254,
        21.622272462742508,
        5.405568115685627,
        5.4055686749362195,
        10.811137349872439,
        21.622274699744878,
        5.4055686749362195
      ],
      [
        10.811148137935522,
        21.622296275871044,
        -130.0157419086517,
        10.811148137935522,
        10.811136231371254,
        21.622272462742508,
        43.244544925485016,
        10.811136231371254,
        10.811137349872439,
        21.622274699744878,
        43.244549399489756,
        10.811137349872439
      ],
      [
        2.7027870344838805,
        5.405574068967761,
        10.811148137935522,
        -40.61229658061457,
        2.7027840578428135,
        5.405568115685627,
        10.811136231371254,
        2.7027840578428135,
        2.7027843374681098,
        5.4055686749362195,
        10.811137349872439,
        2.7027843374681098
      ],
      [
        2.7027840578428135,
        5.405568115685627,
        10.811136231371254,
        2.7027840578428135,
        -40.613834629522785,
        5.405588556084636,
        10.811177112169272,
        2.702794278042318,
        2.7027863465671462,
        5.4055726931342925,
        10.811145386268585,
        2.7027863465671462
      ],
      [
        5.405568115685627,
        10.811136231371254,
        21.622272462742508,
        5.405568115685627,
        5.405588556084636,
        -75.82208070296093,
        21.622354224338544,
        5.405588556084636,
        5.4055726931342925,
        10.811145386268585,
        21.62229077253717,
        5.4055726931342925
      ],
      [
        10.811136231371254,
        21.622272462742508,
        43.244544925485016,
        10.811136231371254,
        10.811177112169272,
        21.622354224338544,
        -130.0218071815833,
        10.811177112169272,
        10.811145386268585,
        21.62229077253717,
        43.24458154507434,
        10.811145386268585
      ],
      [
        2.7027840578428135,
        5.405568115685627,
        10.811136231371254,
        2.7027840578428135,
        2.702794278042318,
        5.405588556084636,
        10.811177112169272,
        -40.613834629522785,
        2.7027863465671462,
        5.4055726931342925,
        10.811145386268585,
        2.7027863465671462
      ],
      [
        2.7027843374681098,
        5.4055686749362195,
        10.811137349872439,
        2.7027843374681098,
        2.7027863465671462,
        5.4055726931342925,
        10.811145386268585,
        2.7027863465671462,
        -40.611867286347064,
        5.405570025379685,
        10.81114005075937,
        2.7027850126898425
      ],
      [
        5.4055686749362195,
        10.811137349872439,
        21.622274699744878,
        5.4055686749362195,
        5.4055726931342925,
        10.811145386268585,
        21.62229077253717,
        5.4055726931342925,
        5.405570025379685,
        -75.81816454731444,
        21.62228010151874,
        5.405570025379685
      ],
      [
        10.811137349872439,
        21.622274699744878,
        43.244549399489756,
        10.811137349872439,
        10.811145386268585,
        21.62229077253717,
        43.24458154507434,
        10.811145386268585,
        10.81114005075937,
        21.62228010151874,
        -130.01404899311015,
        10.81114005075937
      ],
      [
        2.7027843374681098,
        5.4055686749362195,
        10.811137349872439,
        2.7027843374681098,
        2.7027863465671462,
        5.4055726931342925,
        10.811145386268585,
        2.7027863465671462,
        2.7027850126898425,
        5.405570025379685,
        10.81114005075937,
        -40.611867286347064
      ]
    ],
    "ansatze": [
      "twolocal",
      "alternating_ry_rz",
      "random_circuit"
    ],
    "histories_energy": [
      [
        [
          -142.5042882163916,
          -137.89843481180958,
          -114.87938601624772,
          -144.96926802513366,
          -145.03406970424078,
          -144.86574669503835,
          -135.52549677815293,
          -132.36587515623373,
          -143.19052851329909,
          -146.3969917724641,
          -144.8471832666319,
          -146.14841680668448,
          -145.5990549905794,
          -147.7888251337066,
          -142.9805604075585,
          -144.33720615097715,
          -147.42117044625778,
          -146.55369016376696,
          -145.6161566803186,
          -148.5806576076005,
          -146.22970272454384,
          -148.8209021733311,
          -142.345692161993,
          -147.16666841181114,
          -148.81761109039417,
          -148.30938289813247,
          -156.40718745472466,
          -152.5290961197065,
          -153.65981483548694,
          -154.70005231438066,
          -140.60060919168004,
          -154.75069436784935,
          -156.400941170011,
          -153.37566179003386,
          -148.96826603785007,
          -153.2657595037067,
          -155.6552745125958,
          -154.15054671126268,
          -155.66179713536425,
          -154.7504942574335,
          -156.1317359206892,
          -153.78959185983206,
          -156.0504876119874,
          -154.51345481820456,
          -155.7341421982201,
          -154.757182253172,
          -155.59348117534392,
          -154.67021068236642,
          -156.48309446829037,
          -150.9557653560385,
          -148.1617806672086,
          -158.58355882564854,
          -158.4580564675543,
          -159.80552301140648,
          -158.60246557975375,
          -144.9274048446145,
          -159.78169199650233,
          -149.91215529140064,
          -160.16047134471742,
          -160.90720616247515,
          -161.72360955077085,
          -157.54982281222576,
          -159.65069281222029,
          -160.97409273036456,
          -161.35965852134314,
          -161.82562676200507,
          -162.0003860343025,
          -161.74118003905213,
          -160.4342546625879,
          -162.89669901936463,
          -163.17436602614578,
          -161.77962099292714,
          -161.5524761666647,
          -142.67742080230332,
          -161.33099832537619,
          -153.96660736614047,
          -160.22665574891846,
          -150.11133177181316,
          -160.91457034645737,
          -161.6271433672777,
          -161.54897843340964,
          -162.52539365283155,
          -162.42903594794743,
          -161.81204547720216,
          -159.82775644165056,
          -161.38976293384286,
          -163.17517248946498,
          -162.82029341328487,
          -160.29559737190658,
          -162.26483785534228,
          -161.59211498777287,
          -164.16574434680626,
          -164.1099410835633,
          -164.35392967761268,
          -162.46338079467327,
          -163.74052084498643,
          -163.12109977971895,
          -156.3185068762552,
          -163.77585561397254,
          -163.9661318822098,
          -159.4628387856434,
          -147.28220564543744,
          -161.73943190270526,
          -156.86687651429057,
          -160.85189117141434,
          -162.08416212030747,
          -163.56547695860135,
          -163.13052706091747,
          -159.77020914117128,
          -162.0829182049409,
          -163.26503642173117,
          -158.78399821493988,
          -163.28662392537439,
          -163.60217755927377,
          -162.52050370585732,
          -162.87623324451718,
          -162.62893100175398,
          -149.9002968550726,
          -159.46865812585148,
          -158.67688911394123
        ]
      ],
      [
        [
          -109.25206853523467,
          -118.67008329252668,
          -112.0697737005898,
          -129.28187057886709,
          -125.83828024875854,
          -130.81085998860868,
          -143.52381602702053,
          -145.6400885961172,
          -140.56943313959673,
          -144.61491802123797,
          -137.2410575510931,
          -144.6196305236487,
          -141.26397318718534,
          -143.24184980609118,
          -147.32215589456888,
          -149.12333519068312,
          -145.29566048297417,
          -150.7818415101793,
          -127.00921746737623,
          -148.01875173972363,
          -149.45532859765584,
          -153.44372638941402,
          -155.29935485850044,
          -156.7361596659659,
          -155.58795076099926,
          -155.05678248528903,
          -153.1116681542512,
          -154.56053622012678,
          -155.8435881750009,
          -155.61846425493155,
          -146.5998643390405,
          -150.73884590293082,
          -155.66029258039416,
          -154.946059864532,
          -155.12083951881493,
          -153.62784704332114,
          -156.1410989779895,
          -153.53637627263439,
          -156.5073864072272,
          -156.30427971090586,
          -154.99426328427504,
          -154.50413134193263,
          -155.27484876547248,
          -155.99478476778506,
          -156.4465424088191,
          -153.88219417560362,
          -155.54100263429686,
          -156.86739492895828,
          -157.47259352574585,
          -155.77429517488343,
          -156.51402203342406,
          -154.04883441303872,
          -153.51926772147146,
          -154.83845760665602,
          -155.40256517631266,
          -155.99469661226095,
          -156.32298563748213,
          -156.56429950243736,
          -156.2410941696115,
          -155.90256571228707,
          -155.79255696778262,
          -156.707120874468,
          -156.01325473134355,
          -154.6299000179307,
          -155.60001595478644,
          -156.95733758691821,
          -155.24439032570857,
          -155.55627395222578,
          -153.77796596734473,
          -155.02510038106155,
          -155.6511751480038,
          -156.4836453118454,
          -155.76507194788172,
          -157.81632068822046,
          -159.4835534772931,
          -156.80353356360612,
          -157.1284867890492,
          -151.27525132512693,
          -157.04600316487173,
          -158.6505704942893,
          -159.51980598674365,
          -157.6709799232812,
          -158.83636857029563,
          -157.8584250739847,
          -159.49821423023351,
          -158.9867901724944,
          -158.94010795088658,
          -156.4807681066944,
          -148.45127296053934,
          -156.9547436942539,
          -160.78928768550585,
          -160.62262905548016,
          -160.18325813641846,
          -158.6650921924255,
          -155.24200733236486,
          -160.41010147771735,
          -158.58235963103684,
          -158.75004396789663,
          -162.68677329168864,
          -155.15870880568204,
