[
  {
    "vqe2_energy": [
      -4824.558912973301,
      -5614.643381695164,
      -5527.229418022831
    ],
    "vqe2_vector": [
      [
        0,
        0,
        0,
        1,
        0,
        1,
        0,
        1,
        0,
        1,
        0,
        1
      ],
      [
        1,
        1,
        0,
        0,
        0,
        0,
        1,
        0,
        1,
        1,
        1,
        0
      ],
      [
        0,
        0,
        1,
        0,
        1,
        0,
        0,
        0,
        0,
        0,
        1,
        0
      ]
    ],
    "vqe2_min_error": [
      14.071851963380889,
      3.3946721433864013e-06,
      1.5568891931053264
    ],
    "vqe2_params": [
      [
        4.931507962259205,
        4.762513447392155,
        2.3502316691144176,
        3.1049355224855932,
        5.956015427078717,
        1.7545365752491915,
        1.320070913471649,
        2.897762299084153,
        3.109707402926146,
        3.626784731474581,
        0.42420699740578943,
        6.28602827657176,
        0.21585832506530225,
        3.6185348633476933,
        3.1112049130439297,
        3.0204281657058285,
        0.1324959612149341,
        3.1230939436153706,
        0.2324987940463462,
        4.512876615891494,
        4.409013865567647,
        3.828106660137688,
        5.288492142372138,
        4.571659652847826,
        6.1318007886663715,
        6.0761298911566035,
        0.9640267065382813,
        1.9434332671081205,
        3.1338737020359497,
        1.9646002401460132,
        1.7431290059519478,
        2.981047341297138,
        5.6903671439927015,
        1.8313841145729408,
        1.878483496525206,
        5.552162181387031,
        5.526948397871264,
        4.037622435721207,
        3.0656519560287028,
        2.789676642339917,
        5.2217538720815195,
        2.1087360892303777,
        2.159752023358891,
        2.489932515550771,
        1.437343603905217,
        4.6036836726703605,
        0.8294548935905972,
        1.6394870301853677
      ],
      [
        4.978416217599683,
        3.8048930816731414,
        5.620001083743361,
        2.669672709549609,
        5.888318550238767,
        5.805055441358568,
        1.9752815644771051,
        3.7647570712044467,
        4.877446164112132,
        3.815761871740832,
        6.332017466400172,
        -0.014890971350765558,
        2.4970852898160443,
        2.5277643397509886,
        0.7108095384557491,
        3.9355489324214465,
        5.869009834184201,
        1.3670615731385276,
        4.082982802659297,
        3.4259262693398993,
        5.435673421490821,
        0.7097497060733783,
        0.8540283258421559,
        4.806818456009123,
        2.5929788675896073,
        2.1819331751466375,
        3.4482350973546,
        1.5858914064396294,
        1.174041001412871,
        3.8599896401888483,
        2.8396293410031523,
        0.24376022486213716,
        3.529728297785917,
        0.6445909231028663,
        3.0251393402919886,
        1.876112493275692,
        3.7988276003038797,
        2.7699921922747497,
        2.797946622364531,
        4.410167551240697,
        6.5205968164181,
        3.2073249821195584,
        2.3020269424181987,
        4.701221861241873,
        0.8057298215909834,
        4.748685965556323,
        2.8049909804788853,
        1.4435556472156283,
        0.13049898476318142,
        5.835963619505043,
        0.8171737548294986,
        4.722326337213493,
        1.7534431062714135,
        6.087434403789702,
        2.346724092711701,
        0.6504267200278075,
        1.8360530156427244,
        2.1720596762072644,
        5.503770918417408,
        3.3583003027692238,
        4.395829906983814,
        5.406158519255326,
        0.7500616614878945,
        4.52257818143862,
        3.6016958408922872,
        3.6892231427241624,
        0.5559001132052854,
        6.06846216049378,
        4.11849324580623,
        2.4757386542264004,
        4.2912306439735,
        1.7901615997155245
      ],
      [
        6.246068376019567,
        5.000314061011088,
        0.7566132099976148,
        2.7841626258483974,
        1.9551696357863884,
        5.563897050771863,
        3.1815244307598434,
        1.361737040394298,
        0.003623310248070313,
        1.5326613531726212,
        3.233533096581116,
        1.3044752651774667,
        1.0268727181221993,
        1.8056802056169927,
        2.717160338221008,
        0.09800402205071665,
        4.807780995557681,
        0.9218310300701632,
        1.333003776353202,
        2.872556904882798,
        2.0508733902738827,
        1.946648537154,
        4.661748532924093,
        3.3577505779756223,
        0.7695666613204002,
        3.586293021489029,
        0.36358317404026635,
        3.1813250894883347,
        2.246214344893853,
        2.567327069905024,
        1.3534269742978033,
        3.708345826268797,
        5.438211593832531,
        1.1743611413881967,
        3.1075199918661607,
        5.903184077833459,
        1.011509894493233,
        5.252432175310926,
        4.521778256365767,
        2.1605558883634424,
        4.341776146015813,
        0.6313348482146148,
        2.8645651984547063,
        3.4235253355046495,
        5.4017267125251145,
        4.83120511028459,
        4.239687174394411,
        6.087381698712367,
        2.2004463365645237,
        2.499852985996326,
        3.1385783969820418,
        1.253927033371958,
        5.2292543905054005,
        0.6431230727914008,
        1.8848461560061538,
        2.323622630558627,
        3.70968740884653,
        1.1986431875440366,
        3.279422472036378,
        4.563003566538066,
        3.2725795085267544,
        2.412895462367669,
        2.4628436022909668,
        0.49433154762775366,
        6.044834601454924,
        3.4852524342736513,
        1.367529535490235,
        4.86393900080575,
        0.1838573422854482,
        3.9992305878600125,
        4.427641534285282,
        4.456958590918975,
        5.421338128427927,
        5.520991891910461,
        1.939591497846852,
        0.5316705456605758,
        5.977464072502489,
        6.243988950112114,
        6.07198468981726,
        3.215164716084445,
        1.826171664981665,
        1.9443137765463274,
        0.5082021209706643,
        2.162755894629914,
        3.9226412720449777,
        1.203747669242155,
        2.1370612156951454,
        1.1721628125241605,
        5.145449787717845,
        1.5876882072953198,
        0.4149627704394613,
        5.558620499848493,
        5.622412233729982,
        1.3073104425809154,
        5.718530658149784,
        4.540592372625745,
        1.921869721308644,
        0.8185401056031183,
        5.975065491399755,
        2.5215610886076902,
        3.32636098917151,
        0.47104343279698163,
        0.21219518208092772,
        3.400671232297468,
        5.0228985209368835,
        3.5528414460580056,
        1.4017111933354498,
        1.7358081105022534
      ]
    ],
    "vqe2_time": [
      76.5995409488678,
      74.04543948173523,
      77.302814245224
    ],
    "solution_vector": [
      1,
      1,
      1,
      1,
      0,
      1,
      1,
      1,
      1,
      1,
      0,
      1
    ],
    "solution_min_energy": -5614.643191096436,
    "solution_time": 0.024678707122802734,
    "matrix_size": 12,
    "qubo_matrix": [
      [
        -345.3643170207887,
        10.961724191866516,
        21.92344838373303,
        43.84689676746606,
        87.69379353493213,
        5.480862095933258,
        5.480862091610166,
        10.961724183220332,
        21.923448366440663,
        43.846896732881326,
        87.69379346576265,
        5.480862091610166
      ],
      [
        10.961724191866516,
        -679.7669098497109,
        43.84689676746606,
        87.69379353493213,
        175.38758706986425,
        10.961724191866516,
        10.961724183220332,
        21.923448366440663,
        43.846896732881326,
        87.69379346576265,
        175.3875869315253,
        10.961724183220332
      ],
      [
        21.92344838373303,
        43.84689676746606,
        -1315.6869229319557,
        175.38758706986425,
        350.7751741397285,
        21.92344838373303,
        21.923448366440663,
        43.846896732881326,
        87.69379346576265,
        175.3875869315253,
        350.7751738630506,
        21.923448366440663
      ],
      [
        43.84689676746606,
        87.69379353493213,
        175.38758706986425,
        -2455.986258794047,
        701.550348279457,
        43.84689676746606,
        43.846896732881326,
        87.69379346576265,
        175.3875869315253,
        350.7751738630506,
        701.5503477261012,
        43.846896732881326
      ],
      [
        87.69379353493213,
        175.38758706986425,
        350.7751741397285,
        701.550348279457,
        -4210.422169308637,
        87.69379353493213,
        87.69379346576265,
        175.3875869315253,
        350.7751738630506,
        701.5503477261012,
        1403.1006954522024,
        87.69379346576265
      ],
      [
        5.480862095933258,
        10.961724191866516,
        21.92344838373303,
        43.84689676746606,
        87.69379353493213,
        -345.3643170207887,
        5.480862091610166,
        10.961724183220332,
        21.923448366440663,
        43.846896732881326,
        87.69379346576265,
        5.480862091610166
      ],
      [
        5.480862091610166,
        10.961724183220332,
        21.923448366440663,
        43.846896732881326,
        87.69379346576265,
        5.480862091610166,
        -345.36433245862264,
        10.961724222048009,
        21.923448444096017,
        43.846896888192035,
        87.69379377638407,
        5.480862111024004
      ],
      [
        10.961724183220332,
        21.923448366440663,
        43.846896732881326,
        87.69379346576265,
        175.3875869315253,
        10.961724183220332,
        10.961724222048009,
        -679.7669406951973,
        43.846896888192035,
        87.69379377638407,
        175.38758755276814,
        10.961724222048009
      ],
      [
        21.923448366440663,
        43.846896732881326,
        87.69379346576265,
        175.3875869315253,
        350.7751738630506,
        21.923448366440663,
        21.923448444096017,
        43.846896888192035,
        -1315.6869845022024,
        175.38758755276814,
        350.7751751055363,
        21.923448444096017
      ],
      [
        43.846896732881326,
        87.69379346576265,
        175.3875869315253,
        350.7751738630506,
        701.5503477261012,
        43.846896732881326,
        43.846896888192035,
        87.69379377638407,
        175.38758755276814,
        -2455.986381451637,
        701.5503502110726,
        43.846896888192035
      ],
      [
        87.69379346576265,
        175.3875869315253,
        350.7751738630506,
        701.5503477261012,
        1403.1006954522024,
        87.69379346576265,
        87.69379377638407,
        175.38758755276814,
        350.7751751055363,
        701.5503502110726,
        -4210.422412692202,
        87.69379377638407
      ],
      [
        5.480862091610166,
        10.961724183220332,
        21.923448366440663,
        43.846896732881326,
        87.69379346576265,
        5.480862091610166,
        5.480862111024004,
        10.961724222048009,
        21.923448444096017,
        43.846896888192035,
        87.69379377638407,
        -345.36433245862264
      ]
    ],
    "ansatze": [
      "twolocal",
      "alternating_ry_rz",
      "random_circuit"
    ],
    "histories_energy": [
      [
        [
          -5039.2142731067015,
          -4925.082891938336,
          -4743.55371901209,
          -5077.440683187335,
          -4966.475511628605,
          -5066.114822690451,
          -5100.540133723422,
          -5111.968714244715,
          -5084.888263428379,
          -5200.640642065553,
          -5212.637369183265,
          -5179.263842172233,
          -5196.756788220554,
          -5196.854027265538,
          -5193.25735156836,
          -5102.847108018408,
          -5197.943015735795,
          -5189.13679442493,
          -5165.704960114804,
          -5205.344989102956,
          -5230.973579823558,
          -5209.050725763253,
          -5196.025698531319,
          -5194.699318018343,
          -5183.721208016332,
          -5164.795856941441,
          -5082.56490070905,
          -5107.105746834027,
          -5134.558556458024,
          -5167.146500675876,
          -5205.025879457174,
          -5210.786256955733,
          -5197.898680934492,
          -5214.438530972246,
          -5172.135816104954,
          -5210.520690891128,
          -5188.381590096252,
          -5206.061590007118,
          -5187.0790125934245,
          -5183.392073095457,
          -5188.697115870597,
          -5181.452060630669,
          -5185.335774405429,
          -5194.2977504686005,
          -5164.19861456264,
          -5190.101963214674,
          -5183.173332448869,
          -5216.294790589526,
          -5192.3195488847,
          -5193.960124253889,
          -5191.212034215761,
          -5072.596117290666,
          -5114.19477414007,
          -5150.714757745262,
          -5183.983785231693,
          -5222.994118155383,
          -5173.434983179095,
          -5200.948000915557,
          -5194.568138200333,
          -5181.142503394756,
          -5210.039121404362,
          -5200.811413766592,
          -5182.675392022943,
          -5199.54754104733,
          -5201.339336666898,
          -5166.372727403342,
          -5170.468982658325,
          -5188.7017135417045,
          -5186.286782552143,
          -5207.2025809351235,
          -5224.719606597764,
          -5205.52071540782,
          -5191.70361764556,
          -5199.37815065808,
          -5207.648307138217,
          -5213.2738974051335,
          -5198.348565196346,
          -5166.084769794559,
          -5191.455285632084,
          -5211.573723236662,
          -5182.37738614109,
          -5212.583926876901,
          -5194.52149106762,
          -5236.000660333225,
          -5215.863722438014,
          -5161.842102180848,
          -5231.037478514137,
          -5223.9555541598465,
          -5191.550432967116,
          -5205.8919228117375,
          -5177.397136078833,
          -5199.269065729659,
          -5219.00906492739,
          -5220.377576492839,
          -5200.300708642344,
          -5213.250305301508,
          -5227.693018883199,
          -5212.690382215911,
          -5205.30920677148,
          -5218.433141586223,
          -5182.77941938851,
          -5219.567758182621,
          -5226.60942402568,
          -5217.7839531006675,
          -5223.18218668768,
          -5211.387468248956,
          -5214.969783331244,
          -5229.16847467853,
          -5210.389265985253,
          -5187.910802309046,
          -5211.323698097269,
          -5199.68234662477,
          -5207.365462364978,
          -5221.418037110972,
          -5205.710649976928,
          -5203.938431170072,
          -5220.842497209419,
          -5197.287379653634,
          -5198.121109640099,
          -5209.482765892863
        ]
      ],
      [
        [
          -4688.381708636823,
          -4599.9163150097565,
          -4825.654878693245,
          -4878.708016368888,
          -4792.179373006868,
          -4775.006187784093,
          -4818.491076420037,
          -4829.341508491198,
          -4816.733979483681,
          -4908.9866302366045,
          -4903.113010314441,
          -5003.340295657922,
          -4922.070249538235,
          -4890.084916891795,
          -4849.759297024697,
          -4713.191489138381,
          -4971.409760754586,
          -4961.579029999568,
          -4902.246746788567,
          -4957.935161395529,
          -4927.72137016883,
          -4972.123482591146,
          -4920.249660646562,
          -4888.436290697346,
          -4913.26364413509,
          -4894.9107385686275,
          -5006.887150769609,
          -5094.14992427013,
          -5052.810992607413,
          -5061.469054766822,
          -5068.993210511631,
          -5028.060282623366,
          -3927.965436276062,
          -5203.905733785299,
          -5094.466418428971,
          -5194.5509133859605,
          -5171.782900420419,
          -5209.472257362814,
          -5193.345934257717,
          -5145.912969152248,
          -5177.323614407713,
          -5218.220438295536,
          -5156.0298413571445,
          -5166.315460407795,
          -5147.637990541801,
          -5176.753513195758,
          -5124.569393039475,
          -5157.13130548652,
          -5166.400398131378,
          -5204.197900927889,
          -5180.985215210013,
          -5182.0704404134585,
          -5184.812993849967,
          -5200.151129516771,
          -5208.357278081315,
          -5229.875739595614,
          -5153.279032190375,
          -5133.220742172805,
          -5151.294644142735,
          -5148.520058681783,
          -5104.546598253187,
          -5173.311673281719,
          -5210.010491079077,
          -5211.486612117273,
          -5134.712565528532,
          -5173.85282579715,
          -5166.463596065654,
          -5188.743667420357,
          -5171.9373578983705,
          -5157.4657907061655,
          -5152.624398385712,
          -5134.192982500583,
          -5162.350693580985,
          -5259.478075935058,
          -5238.322780752761,
          -5210.269222482564,
          -5178.162616565337,
          -5103.595615995495,
          -5262.526283368109,
          -5291.9094865420675,
          -5223.861132167397,
          -5128.466957138985,
          -5305.88585984743,
          -5334.256882114659,
          -5319.62805631653,
          -5319.690391100348,
          -5327.997784629435,
          -5322.275319307481,
          -5329.79866170841,
          -5332.614032471382,
          -5328.189391773328,
          -5322.253930435226,
          -5310.844916824642,
          -5332.996798571792,
          -5167.41607508238,
          -4957.598680707909,
          -5267.837986455873,
          -5288.105317369545,
          -5307.3872732339305,
          -5374.722494248786,
          -5168.00575413077,
          -5400.979313616767,
          -5379.315270446107,
          -5394.78224038718,
          -5397.522022732042,
          -5411.597321538671,
          -5350.345311434463,
          -5341.6680613769295,
          -5399.114144942683,
          -5365.988631519638,
          -5389.808405913489,
          -5390.7680521080465,
          -5397.9816227403135,
          -5389.939832939892,
          -5388.9958421148385,
          -5372.3063057599,
          -5393.399668695861,
          -5404.672486881346,
          -5403.826521835989,
          -5397.928981935376
        ]
      ],
      [
        [
          -4900.328201817696,
          -4777.795510923146,
          -4950.576324836121,
          -4940.0583473328015,
          -5049.274907707074,
          -5041.25493479201,
          -4991.819315526888,
          -5035.688813173365,
          -5019.8601757473125,
          -4971.409701157081,
          -5001.581299413538,
          -4898.10275862684,
          -5066.70435455704,
          -5119.965489446985,
          -5030.7167312444535,
          -5087.566242937513,
          -5076.81352573723,
          -5074.177260175721,
          -5082.737648428107,
          -5058.59160193711,
          -5017.312699091313,
          -4998.893983559247,
          -4984.34780900287,
          -5106.545213130629,
          -5104.062625867119,
          -5074.727816684095,
          -5132.63179371293,
          -5055.250285527649,
          -5091.406632362721,
          -5151.276823187194,
          -5131.596358962788,
          -5104.0131645074825,
          -4938.583802390484,
          -4989.569745699059,
          -5142.79288216683,
          -5172.163554573542,
          -5127.814666044582,
          -5123.253077879621,
          -5142.932720575513,
          -5115.701546916029,
          -5094.237615783987,
          -5115.083792224879,
          -5111.208901412101,
          -5102.156559409918,
          -5123.49481698242,
          -5168.841903003709,
          -5089.6265879441235,
          -5108.389185038788,
          -5129.691593744455,
          -5118.939555370235,
          -5150.617824682721,
          -5104.163862036093,
          -5127.865486139417,
          -5153.744204709385,
          -5102.384160278413,
          -5152.887564908542,
          -5115.351045548786,
          -5124.398213932768,
          -5111.897214518321,
          -5094.292998617421,
          -5147.711082543711,
          -5137.841095533587,
          -5135.569382173207,
          -5107.206075999756,
          -5102.4421052490225,
          -5118.798956473709,
          -5062.894679520594,
          -5100.460435911988,
          -5138.056206178562,
          -5113.41630530937,
          -5141.124466913985,
          -5091.381456148787,
          -5121.890475099531,
          -5057.792708355446,
          -5139.599863726432,
          -5136.594680912262,
          -5058.184686394192,
          -5099.891076753195,
          -5121.673062581286,
          -5144.304609691121,
          -5123.77362736314,
          -5165.014391713391,
          -5173.2373341331095,
          -5143.731000003779,
          -5144.840986835387,
          -5103.370215754458,
          -5174.027553945897,
          -5130.472212256362,
          -5160.421698520565,
          -5148.869739387239,
          -5149.958877978377,
          -5127.52592121835,
          -5101.620886859346,
          -5137.765126252298,
          -5125.641222465861,
          -5119.323612069151,
          -5140.215045109359,
          -5121.294715134305,
          -5120.838782467692,
          -5140.817694791558,
          -5107.995970323677,
          -5142.1147094769785,
          -5140.085955644226,
          -5112.55738572185,
          -5139.891971804293,
          -5062.089340407435,
          -5134.561213984793,
          -5116.50718385901,
          -5112.3288123395705,
          -5172.177972501166,
          -4881.381733994186,
          -5122.718586252385,
          -5041.331401771909,
          -4978.940819432654,
          -5052.156099579117,
          -5122.757609671895,
          -5173.992267251151,
          -5153.7139425845035,
          -5142.461900384176,
          -5071.432576862338
        ]
      ]
    ]
  },
  {
    "vqe2_energy": [
      -2804.854798032117,
      -2638.9293768169778,
      -2419.1063395543015
    ],
    "vqe2_vector": [
      [
        0,
        1,
        0,
        1,
        0,
        1,
        0,
        0,
        1,
        1,
        0,
        1
      ],
      [
        0,
        1,
        1,
        1,
        1,
        1,
        1,
        1,
        0,
        1,
        0,
        1
      ],
      [
        0,
        0,
        0,
        0,
        0,
        0,
        0,
        1,
        0,
        0,
        1,
        0
      ]
    ],
    "vqe2_min_error": [
      6.256017693978865,
      11.801584530958852,
      19.1485198981893
    ],
    "vqe2_params": [
      [
        1.4949093227812607,
        1.2156280061767681,
        1.753184595310265,
        -0.025870668922696377,
        4.3952556144807495,
        3.2191907540048406,
        1.292890822940862,
        2.3043223674082767,
        5.9591117483857365,
        0.8059879870069168,
        3.388912472368218,
        5.825869565944573,
        6.410363820096899,
        2.342441986506326,
        6.60363746092761,
        4.350045211670004,
        3.2670442465450313,
        5.800366818388053,
        4.1355301412718335,
        5.762297263679337,
        5.9779008358436,
        5.4418264757556765,
        1.3273788314840977,
        2.2979133692221283,
        0.7799203651218697,
        -0.08151087400604534,
        1.5010475154013654,
        2.312702723739317,
        1.674422362311655,
        2.368928548880578,
        3.7879641422172403,
        4.384957802362939,
        2.99022556878863,
        1.4183268456677585,
        5.10600939557852,
        5.825845612823257,
        0.002585652529147872,
        2.714791407606277,
        5.725353461601437,
        1.4894856646816796,
        5.39113036915979,
        -0.2638321921937815,
        4.452375792982412,
        2.6370956974006963,
        1.5203426939932614,
        1.97012474426154,
        2.627175536366066,
        1.5044598923875927
      ],
      [
        5.950069939387017,
        1.352917785908119,
        4.284216159373822,
        4.44750986202984,
        5.538500978327824,
        2.38147406525914,
        3.8446595387345197,
        2.864029290688319,
        6.241971841727815,
        4.130489967077994,
        3.809788525063025,
        1.1135568105235394,
        4.916107419770735,
        1.6514264889492054,
        2.4228065675834727,
        2.819040536659837,
        2.574227229703164,
        3.251578030914045,
        2.1708249709853753,
        0.21195713562152324,
        6.210566940507656,
        4.2133143322013025,
        1.8002645562696336,
        0.6362926106542526,
        2.495806267441948,
        1.4726982253899739,
        5.421280568443387,
        3.7716519969373183,
        2.0291100355971152,
        1.6523357210723433,
        2.2495705251601597,
        1.2797554377302491,
        1.9541339887559661,
        2.8500815379817506,
        2.1832866439801535,
        2.301462127715992,
        4.670957314619173,
        1.8231969803110095,
        2.2076479186844233,
        4.40945857513678,
        2.090905946876031,
        5.852547478971556,
        1.1076634925440496,
        5.799992672371849,
        2.6348558736646237,
        4.568021657047539,
        5.000874589624773,
        2.5283952249984436,
        5.572275756447473,
        0.9588368414440972,
        1.1577681643106699,
        1.2298560835768515,
        0.950130951536339,
        0.6850111864345478,
        5.0750517753903095,
        0.7268865864942373,
        1.6962323068381875,
        5.776988873900011,
        2.994168651704838,
        5.53679511544371,
        6.106051452787134,
        3.4583780717874624,
        5.302600541092672,
        2.6069374867987256,
        6.035944881600545,
        0.09110363059347716,
        2.9977740307620957,
        5.243639158994625,
        0.4916156737812904,
        3.6872740405381736,
        4.483124721970273,
        3.002271278822782
      ],
      [
        3.701589196096065,
        4.287394659288109,
        3.2052533088305237,
        5.639820801091043,
        5.245233114665957,
        2.906010952571092,
        1.7363348423525553,
        0.2896831207224014,
        4.066374726241055,
        3.285222381504855,
        3.208695154095086,
        2.4120989110227304,
        5.216976743117551,
        3.1366675062549616,
        5.897799464292609,
        5.077664045413815,
        2.530222451022062,
        1.0160393958611316,
        3.2488530164349485,
        5.374268993201615,
        0.5584672852219056,
        2.6535640650851087,
        0.10753381163153683,
        4.716582979400256,
        1.893682529247891,
        2.3915332406434677,
        1.928048629690657,
        0.157384600943784,
        3.5006671572032864,
        2.641859404658305,
        4.016048861602812,
        1.8717862309350861,
        3.924938008860162,
        3.772887597791706,
        3.1534472478268003,
        5.054084950834311,
        3.6808248336962572,
        5.5502156404549625,
        3.8029903320355447,
        5.444450138075622,
        4.673465716925066,
        2.162541607775451,
        5.86971916556839,
        0.4616253976126985,
        2.1949106740414446,
        0.013481879388896284,
        0.046063251328342485,
        4.966750911889882,
        4.377412372516635,
        5.685833257258987,
        5.923147550957908,
        2.0870421667827443,
        0.4269675696406536,
        5.919234405269243,
        5.038214345280418,
        4.647590035641616,
        3.2553085435630686,
        4.921454686701861,
        1.4906429404149906,
        0.3063243952544582,
        1.166158183865736,
        4.453199886371477,
        6.009648172472609,
        0.32606965474129584,
        1.8786364492756695,
        3.5104963451705196,
        2.1371941526725173,
        5.0463054189448435,
        0.4622624642358146,
        1.6709837326148438,
        2.0938290974659313,
        2.503472250448772,
        4.6326293280272965,
        2.288211195296709,
        4.895060847596222,
        0.0006498572348305441,
        4.448784691766844,
        5.094050612279825,
        3.0535983554068507,
        2.587382948622506,
        2.5276091175157465,
        0.5101122701218541,
        5.071992812445779,
        5.458880612855162,
        2.704058543649751,
        4.8098063081851725,
        2.0898636519772196,
        4.021016574105118,
        1.0964119170386206,
        3.779826899634928,
        5.84292637715357,
        1.7592498722167005,
        4.741049729208141,
        5.300887348751832,
        3.104878811727657,
        3.6982171925224154,
        5.619162097946589,
        0.5831566712191433,
        4.469612637140688,
        0.925022097823395,
        6.237340700833205,
        0.4353826050880085,
        1.910803420714122,
        2.267508422560911,
        0.9866117105983139,
        2.7014809617820617,
        2.585471244944959,
        0.8803720492756333
      ]
    ],
    "vqe2_time": [
      80.2137143611908,
      62.87044143676758,
      89.53417205810547
    ],
    "solution_vector": [
      0,
      0,
      0,
      0,
      1,
      0,
      1,
      1,
      1,
      1,
      0,
      1
    ],
    "solution_min_energy": -2992.037172984449,
    "solution_time": 0.021162033081054688,
    "matrix_size": 12,
    "qubo_matrix": [
      [
        -184.05133127008298,
        5.841946908580564,
        11.683893817161128,
        23.367787634322255,
        46.73557526864451,
        2.920973454290282,
        2.920973432674823,
        5.841946865349646,
        11.683893730699292,
        23.367787461398585,
        46.73557492279717,
        2.920973432674823
      ],
      [
        5.841946908580564,
        -362.2607156315854,
        23.367787634322255,
        46.73557526864451,
        93.47115053728902,
        5.841946908580564,
        5.841946865349646,
        11.683893730699292,
        23.367787461398585,
        46.73557492279717,
        93.47114984559434,
        5.841946865349646
      ],
      [
        11.683893817161128,
        23.367787634322255,
        -701.1536436288485,
        93.47115053728902,
        186.94230107457804,
        11.683893817161128,
        11.683893730699292,
        23.367787461398585,
        46.73557492279717,
        93.47114984559434,
        186.94229969118868,
        11.683893730699292
      ],
      [
        23.367787634322255,
        46.73557526864451,
        93.47115053728902,
        -1308.836136720408,
        373.8846021491561,
        23.367787634322255,
        23.367787461398585,
        46.73557492279717,
        93.47114984559434,
        186.94229969118868,
        373.88459938237736,
        23.367787461398585
      ],
      [
        46.73557526864451,
        93.47115053728902,
        186.94230107457804,
        373.8846021491561,
        -2243.78767129166,
        46.73557526864451,
        46.73557492279717,
        93.47114984559434,
        186.94229969118868,
        373.88459938237736,
        747.7691987647547,
        46.73557492279717
      ],
      [
        2.920973454290282,
        5.841946908580564,
        11.683893817161128,
        23.367787634322255,
        46.73557526864451,
        -184.05133127008298,
        2.920973432674823,
        5.841946865349646,
        11.683893730699292,
        23.367787461398585,
        46.73557492279717,
        2.920973432674823
      ],
      [
        2.920973432674823,
        5.841946865349646,
        11.683893730699292,
        23.367787461398585,
        46.73557492279717,
        2.920973432674823,
        -184.0513466475539,
        5.841947059488032,
        11.683894118976063,
        23.367788237952126,
        46.73557647590425,
        2.920973529744016
      ],
      [
        5.841946865349646,
        11.683893730699292,
        23.367787461398585,
        46.73557492279717,
        93.47114984559434,
        5.841946865349646,
        5.841947059488032,
        -362.26074623561976,
        23.367788237952126,
        46.73557647590425,
        93.4711529518085,
        5.841947059488032
      ],
      [
        11.683893730699292,
        23.367787461398585,
        46.73557492279717,
        93.47114984559434,
        186.94229969118868,
        11.683893730699292,
        11.683894118976063,
        23.367788237952126,
        -701.1537042332874,
        93.4711529518085,
        186.942305903617,
        11.683894118976063
      ],
      [
        23.367787461398585,
        46.73557492279717,
        93.47114984559434,
        186.94229969118868,
        373.88459938237736,
        23.367787461398585,
        23.367788237952126,
        46.73557647590425,
        93.4711529518085,
        -1308.8362555147664,
        373.884611807234,
        23.367788237952126
      ],
      [
        46.73557492279717,
        93.47114984559434,
        186.94229969118868,
        373.88459938237736,
        747.7691987647547,
        46.73557492279717,
        46.73557647590425,
        93.4711529518085,
        186.942305903617,
        373.884611807234,
        -2243.7878992222986,
        46.73557647590425
      ],
      [
        2.920973432674823,
        5.841946865349646,
        11.683893730699292,
        23.367787461398585,
        46.73557492279717,
        2.920973432674823,
        2.920973529744016,
        5.841947059488032,
        11.683894118976063,
        23.367788237952126,
        46.73557647590425,
        -184.0513466475539
      ]
    ],
    "ansatze": [
      "twolocal",
      "alternating_ry_rz",
      "random_circuit"
    ],
    "histories_energy": [
      [
        [
          -2524.2689505956564,
          -2550.080219189091,
          -2471.2867974650426,
          -2480.878483349079,
          -2510.0810794818053,
          -2465.490587453778,
          -2487.864533958793,
          -2567.033938335775,
          -2494.3971523108835,
          -2521.59012039507,
          -2543.5828413762288,
          -2536.215756084149,
          -2497.036566625271,
          -2494.0498185362303,
          -2513.071499472684,
          -2508.7307603015165,
          -2508.969188959632,
          -2495.251340815943,
          -2495.260054169894,
          -2555.019981273139,
          -2520.3601474531706,
          -2546.212226752985,
          -2520.067812176789,
          -2529.5289919259744,
          -2508.0410661365386,
          -2545.560044369665,
          -2360.07333600359,
          -2503.4580591726285,
          -2497.43742902809,
          -2496.643430215122,
          -2498.810779538847,
          -2536.805094651535,
          -2466.0187136517766,
          -2510.0812133135014,
          -2498.7485431861305,
          -2551.0178136352515,
          -2545.2726127079222,
          -2532.2413626165176,
          -2524.865718852825,
          -2519.5546015812342,
          -2499.841945511102,
          -2523.7614352697683,
          -2522.8546733086437,
          -2571.1748823537564,
          -2522.0893619244084,
          -2523.553832660482,
          -2516.466449763759,
          -2532.67723261437,
          -2536.56536040042,
          -2577.49047154529,
          -2580.934069303532,
          -2505.0248673723163,
          -2558.569274857602,
          -2582.231762357435,
          -2588.966998232786,
          -2563.3851167571584,
          -2587.676996334093,
          -2563.4426905936725,
          -2603.6636696719365,
          -2625.9849303857554,
          -2613.5938574261872,
          -2611.3225016268257,
          -2594.4836953147487,
          -2610.210836388443,
          -2626.9187166921474,
          -2623.914814090598,
          -2599.4742343907483,
          -2613.6519167620327,
          -2637.694659471081,
          -2609.5741230457197,
          -2630.9739696874617,
          -2638.5868296592325,
          -2642.1830285795068,
          -2643.530760524642,
          -2630.613595423641,
          -2658.69742470566,
          -2670.3975249924865,
          -2726.343808018609,
          -2703.425874165376,
          -2722.5389334475785,
          -2700.1252241267016,
          -2708.8286421999214,
          -2672.578197437246,
          -2727.8574623332397,
          -2704.6496513108336,
          -2712.0368121799675,
          -2717.0125309666096,
          -2730.838449596568,
          -2731.692382597652,
          -2759.181106445969,
          -2753.2059779834626,
          -2765.259018759036,
          -2759.6500124158,
          -2768.9794803639575,
          -2769.2259923592237,
          -2768.9611072128073,
          -2774.2699323323536,
          -2770.3696927811257,
          -2760.5222516767585,
          -2737.9265480552776,
          -2771.023932209174,
          -2704.041474801873,
          -2759.205053191516,
          -2703.0740185003033,
          -2736.724818207942,
          -2674.5041896706402,
          -2746.8046308302955,
          -2751.941309977396,
          -2779.176365918022,
          -2770.948624524698,
          -2762.94792656955,
          -2746.59467455873,
          -2759.0053907809875,
          -2756.503242287966,
          -2755.575610691344,
          -2792.54108781335,
          -2792.418695610242,
          -2783.826618060965,
          -2789.7798815570836,
          -2735.626685592117
        ]
      ],
      [
        [
          -2386.8558041213214,
          -2408.8811792925694,
          -2677.522134695761,
          -2679.585472298563,
          -2698.697090938847,
          -2715.4003746984527,
          -2714.210823005854,
          -2708.9704096141313,
          -2686.072267489402,
          -2693.071786652588,
          -2695.4776589601906,
          -2697.901653849324,
          -2707.1942417074115,
          -2694.9964334222445,
          -2531.010943636139,
          -2653.626732518694,
          -2688.855125286831,
          -2686.962788232984,
          -2695.90071171919,
          -2692.577807617824,
          -2677.945389040313,
          -2687.797898807763,
          -2729.8541385068393,
          -2694.9037137668984,
          -2707.2718609780077,
          -2692.1019573684052,
          -2596.858760653108,
          -2678.2104605403892,
          -2674.7286929134075,
          -2714.615594007496,
          -2716.55344885631,
          -2697.9405059608403,
          -2642.111035438339,
          -2713.856750794543,
          -2707.393935053211,
          -2713.8628957390897,
          -2691.510771096417,
          -2700.127277851353,
          -2677.577472738806,
          -2692.3421049100552,
          -2701.805604906987,
          -2690.7231540056237,
          -2684.3070089099806,
          -2699.577564191082,
          -2707.1818239215913,
          -2688.2879424366934,
          -2705.642770437893,
          -2708.68382906453,
          -2702.5396064063034,
          -2702.5451057238174,
          -2712.087997691098,
          -2716.0255838140356,
          -2712.6889961487955,
          -2700.820727896489,
          -2688.081666130107,
          -2703.2592115784623,
          -2695.050283315981,
          -2689.977005958828,
          -2684.081875427152,
          -2691.1180208829405,
          -2684.45082472044,
          -2699.5585683227955,
          -2702.217796645349,
          -2699.038404261901,
          -2709.11501954838,
          -2708.5530089254758,
          -2725.3414797886926,
