[
  {
    "vqe2_energy": [
      -25.586279733001383,
      -32.01783038802921,
      -34.20837542121222
    ],
    "vqe2_vector": [
      [
        0,
        0,
        0,
        0,
        0,
        0,
        0,
        0,
        0,
        1,
        0,
        1
      ],
      [
        0,
        0,
        0,
        0,
        1,
        0,
        1,
        0,
        0,
        0,
        0,
        0
      ],
      [
        1,
        0,
        0,
        0,
        0,
        1,
        0,
        1,
        0,
        0,
        0,
        0
      ]
    ],
    "vqe2_min_error": [
      25.204646832144874,
      6.403550788498713,
      1.7680256780838732e-05
    ],
    "vqe2_params": [
      [
        6.755752682343072,
        4.198632424058501,
        6.609175225693286,
        2.3056411383400857,
        6.8000750941640264,
        6.081833624519403,
        4.979131689220858,
        6.648448958834719,
        2.927754102362204,
        6.348380632009689,
        3.044962336815659,
        0.6623974506663723,
        3.767388308266043,
        3.611826246898653,
        6.284122692207835,
        1.7159690900976259,
        6.274183699856056,
        1.0470202352162523,
        2.389389618673746,
        0.5663946065507413,
        4.361542748046282,
        4.774621825504191,
        1.267704017544566,
        3.1131115293670404,
        3.5635864644031816,
        4.156070949941292,
        2.3019846579173002,
        2.2451733045565434,
        1.441000256807151,
        5.401733106907569,
        6.292410058230646,
        5.932227310539669,
        3.1494847925193095,
        0.553165448653543,
        3.208235314763704,
        0.1661516813249701,
        2.2318675367200687,
        1.956213755197669,
        3.465476422010778,
        0.6760419713771127,
        4.118198220950771,
        3.3816034757870677,
        0.919372567998277,
        5.141520959736433,
        4.924246426998585,
        5.14195193330981,
        2.647208709454289,
        3.0209439256523516
      ],
      [
        5.273967015765308,
        1.2589341349844287,
        4.706796697148923,
        4.774551656857645,
        0.407491677335453,
        1.8559508013760597,
        1.2468511588659996,
        3.434383491646521,
        3.6663554248906514,
        3.6835718167939815,
        3.1730882035329735,
        6.347379640888803,
        4.555209060046626,
        1.838399936299754,
        4.183101582037547,
        5.483800423348334,
        6.905499985161685,
        5.757241344470213,
        3.7435611130322584,
        3.982982281881349,
        5.212377782879678,
        4.1944005596872795,
        2.2861495509148995,
        1.188225903328124,
        4.708263995691239,
        1.6581699028601025,
        2.1034444648361665,
        4.169608893843634,
        5.212775574906995,
        6.673003032968561,
        3.446759459547046,
        3.528416281848014,
        4.813474773211203,
        5.934740953663517,
        0.6647527170919656,
        6.3706462526346215,
        1.9599226191674761,
        4.767126740812614,
        0.7841060548072658,
        3.211055691670428,
        1.089299618168172,
        1.3171643734382514,
        3.6087782366134764,
        4.207338686858375,
        3.317314167892217,
        7.279289611447437,
        3.5975884798999607,
        6.092111293061278,
        2.7530514878365664,
        1.2401644957987386,
        3.7961221457801906,
        5.3206186220951555,
        4.222550499350251,
        4.214029495875724,
        2.5605469644048466,
        3.848370562541298,
        2.574459474711181,
        4.770525625174579,
        1.0505278417442623,
        4.9403132923378035,
        4.439766438729064,
        6.096204846459825,
        2.8413174568296142,
        1.236689093156028,
        3.9150498953845143,
        5.77855365830862,
        2.401444735443538,
        5.933286317504471,
        2.744634269861208,
        2.952088507197872,
        1.433888611083031,
        2.670639686399168
      ],
      [
        1.5770959452118647,
        2.988357137014087,
        1.3690633555852503,
        3.562382975996707,
        5.354701489128922,
        4.063936414942381,
        4.989933055454283,
        2.498869227685386,
        6.152242439057601,
        2.470222667362776,
        6.176150247162352,
        1.1905890939976511,
        5.042114634106771,
        3.2441388536238334,
        5.018288136695493,
        4.116103408907496,
        2.7607165034432644,
        1.0025032272600807,
        0.09602438622620287,
        0.8329045023659427,
        5.834269478088114,
        3.171689498975389,
        3.68357466133858,
        2.5865332578803084,
        6.594701984770942,
        3.2088786063272914,
        2.390746065258212,
        2.3883155562602907,
        1.9361639715942074,
        5.714168776524063,
        1.1782051031181122,
        3.671646841485748,
        3.5076290910668115,
        2.565759297936722,
        3.4009731409950423,
        2.010076233539442,
        3.1428478372714044,
        0.8110543152292469,
        3.381456658805865,
        2.6705756601201194,
        3.7638796712105482,
        6.210290617495839,
        6.249944450631979,
        2.8868917507077994,
        2.8341519817148715,
        4.958418727835703,
        1.8951182835666842,
        5.001660207420436,
        0.24300644950378897,
        5.093758915268344,
        0.27105232372547244,
        5.009876255429247,
        5.970416201218606,
        5.587538316304011,
        0.4068481759142646,
        3.9542357923845626,
        5.8126741244056594,
        0.22415367811967904,
        3.4253733135000646,
        2.901410756655857,
        0.6470448989441756,
        3.964098380829,
        6.275832428403704,
        1.9763445495267957,
        1.9834793752805455,
        5.971086240279518,
        2.6045872406935193,
        4.3025657389845495,
        5.006661785304761,
        5.490580383553024,
        2.5193853333075586,
        5.8641496316141835,
        4.2693822998029445,
        0.21097016513066316,
        4.282131609111626,
        2.4251068987820967,
        5.931631773975942,
        4.157341805297403,
        3.6892356838322753,
        2.491933598282258,
        2.1151267572358767,
        4.136704382955004,
        1.420201074882894,
        5.20537944010618,
        2.895988474748382,
        4.261917177080988,
        4.1965459665077045,
        0.8006583336438516,
        4.8521484954138305,
        1.918412946510612,
        3.0227799815522887,
        1.9404107046929526,
        5.833772054154388,
        0.8930814635356147,
        5.841496223517824,
        2.124996482488802,
        2.6464167248787347,
        5.411086708583198,
        1.5734587620444915,
        1.9530835885010849,
        0.33622843662589574,
        4.447907138652739,
        5.910767307241667,
        2.004437752299625,
        5.703399689460687,
        1.9512423268501424,
        5.392475415099809,
        0.216850202502687
      ]
    ],
    "vqe2_time": [
      62.015605211257935,
      47.50276589393616,
      64.21761083602905
    ],
    "solution_vector": [
      0,
      0,
      1,
      0,
      0,
      1,
      0,
      0,
      0,
      1,
      0,
      1
    ],
    "solution_min_energy": -34.2083814693419,
    "solution_time": 0.022493600845336914,
    "matrix_size": 12,
    "qubo_matrix": [
      [
        -14.913665323486375,
        4.241053302473869,
        2.1205266512369345,
        2.1205226823821777,
        4.241045364764355,
        2.1205226823821777,
        2.1205230552159064,
        4.241046110431813,
        2.1205230552159064,
        2.120523611493093,
        4.241047222986186,
        2.120523611493093
      ],
      [
        4.241053302473869,
        -25.586277344498882,
        4.241053302473869,
        4.241045364764355,
        8.48209072952871,
        4.241045364764355,
        4.241046110431813,
        8.482092220863626,
        4.241046110431813,
        4.241047222986186,
        8.482094445972372,
        4.241047222986186
      ],
      [
        2.1205266512369345,
        4.241053302473869,
        -14.913665323486375,
        2.1205226823821777,
        4.241045364764355,
        2.1205226823821777,
        2.1205230552159064,
        4.241046110431813,
        2.1205230552159064,
        2.120523611493093,
        4.241047222986186,
        2.120523611493093
      ],
      [
        2.1205226823821777,
        4.241045364764355,
        2.1205226823821777,
        -14.913671118333124,
        4.241072618629702,
        2.120536309314851,
        2.1205257340146213,
        4.241051468029243,
        2.1205257340146213,
        2.120523723685564,
        4.241047447371128,
        2.120523723685564
      ],
      [
        4.241045364764355,
        8.48209072952871,
        4.241045364764355,
        4.241072618629702,
        -25.586269618036546,
        4.241072618629702,
        4.241051468029243,
        8.482102936058485,
        4.241051468029243,
        4.241047447371128,
        8.482094894742255,
        4.241047447371128
      ],
      [
        2.1205226823821777,
        4.241045364764355,
        2.1205226823821777,
        2.120536309314851,
        4.241072618629702,
        -14.913671118333124,
        2.1205257340146213,
        4.241051468029243,
        2.1205257340146213,
        2.120523723685564,
        4.241047447371128,
        2.120523723685564
      ],
      [
        2.1205230552159064,
        4.241046110431813,
        2.1205230552159064,
        2.1205257340146213,
        4.241051468029243,
        2.1205257340146213,
        -14.913663706051144,
        4.2410479110231,
        2.12052395551155,
        2.1205236149562543,
        4.241047229912509,
        2.1205236149562543
      ],
      [
        4.241046110431813,
        8.482092220863626,
        4.241046110431813,
        4.241051468029243,
        8.482102936058485,
        4.241051468029243,
        4.2410479110231,
        -25.58627950107919,
        4.2410479110231,
        4.241047229912509,
        8.482094459825017,
        4.241047229912509
      ],
      [
        2.1205230552159064,
        4.241046110431813,
        2.1205230552159064,
        2.1205257340146213,
        4.241051468029243,
        2.1205257340146213,
        2.12052395551155,
        4.2410479110231,
        -14.913663706051144,
        2.1205236149562543,
        4.241047229912509,
        2.1205236149562543
      ],
      [
        2.120523611493093,
        4.241047222986186,
        2.120523611493093,
        2.120523723685564,
        4.241047447371128,
        2.120523723685564,
        2.1205236149562543,
        4.241047229912509,
        2.1205236149562543,
        -14.913663532109501,
        4.241047331217619,
        2.1205236656088093
      ],
      [
        4.241047222986186,
        8.482094445972372,
        4.241047222986186,
        4.241047447371128,
        8.482094894742255,
        4.241047447371128,
        4.241047229912509,
        8.482094459825017,
        4.241047229912509,
        4.241047331217619,
        -25.586279733001383,
        4.241047331217619
      ],
      [
        2.120523611493093,
        4.241047222986186,
        2.120523611493093,
        2.120523723685564,
        4.241047447371128,
        2.120523723685564,
        2.1205236149562543,
        4.241047229912509,
        2.1205236149562543,
        2.1205236656088093,
        4.241047331217619,
        -14.913663532109501
      ]
    ],
    "ansatze": [
      "twolocal",
      "alternating_ry_rz",
      "random_circuit"
    ],
    "histories_energy": [
      [
        [
          72.75408785706847,
          76.96296228304365,
          69.6578779471376,
          57.89286450260833,
          55.50674999014534,
          55.30609230996576,
          55.2967210405106,
          41.16151774914949,
          39.044260554757415,
          30.135487376937093,
          31.72066637968959,
          45.601417917351355,
          49.48816002404361,
          30.938955262267708,
          27.941021860760863,
          26.42456034880066,
          24.999957910682237,
          26.82572233117585,
          24.225902505537157,
          26.36257350812756,
          27.557317445661383,
          22.335245729071623,
          22.504834918593673,
          32.41346596973018,
          24.02648020521336,
          21.45151729425798,
          41.240045064092605,
          27.97410304694282,
          27.520802236828278,
          27.720467543036975,
          15.314195226134458,
          18.35189187004162,
          4.607215424450288,
          12.03917128193715,
          14.21849753927831,
          23.33882796937011,
          18.456416869559508,
          7.177263557301993,
          7.202481074938982,
          6.946870997087885,
          7.218219377355297,
          6.399271074738854,
          9.118090213318972,
          6.301349304441814,
          7.493810649737645,
          6.016331839243939,
          8.720758186289812,
          7.307127939096436,
          10.217752870666422,
          -14.654179072774628,
          -16.040039828305208,
          -15.45773950020832,
          -14.301011602186893,
          -20.271783872414638,
          -19.48529365978638,
          -20.16826119523151,
          -19.935647687504584,
          -19.47660699120055,
          -21.75316596193828,
          -22.927296321938407,
          -23.6791198067938,
          -22.865250893083246,
          -25.49943281581468,
          -24.69213356916306,
          -24.646500456166386,
          -24.96938069713255,
          -25.071229949044255,
          -25.512007081287404,
          -25.523856275626102,
          -24.55805075008649,
          -28.123150666300287,
          -27.261270612981264,
          -28.436156649418116,
          -27.83149337022317,
          -27.380872845109607,
          -27.58894334715655,
          -26.171911560086514,
          -27.419594354922218,
          -27.87471117225365,
          -26.585134758650042,
          -27.661358650537007,
          -27.251682503435394,
          -28.08165900706765,
          -27.88259385976129,
          -24.90740781555475,
          -27.689338628226118,
          -27.45581096030861,
          -27.42597267321417,
          -28.21600763539874,
          -27.58867853419807,
          -28.17180402077816,
          -27.532589533786357,
          -27.312000162475698,
          -27.946345178659328,
          -27.98170141756814,
          -27.736982457253454,
          -27.19186862220198,
          -27.62429988974919,
          -28.805813150736633,
          -28.486229209977687,
          -29.055135436998395,
          -28.877944396539178,
          -28.910821754988397,
          -29.041949308716436,
          -28.361170003786246,
          -28.368340907204505,
          -28.284837999286335,
          -28.642603642309723,
          -28.02718947075479,
          -28.422994667288478,
          -28.381985060754154,
          -28.75624873736789,
          -28.90362016614607,
          -28.758792587597462,
          -28.4982449168385,
          -28.722421450612075,
          -28.95574784193128,
          -28.856661168810405,
          -29.270747914907048,
          -29.289396300634646
        ]
      ],
      [
        [
          9.527654632093762,
          12.064449987205085,
          3.0825880830067494,
          1.4269344548594418,
          8.838320500146738,
          5.849769696474127,
          10.315845950116488,
          -1.1146315356244578,
          -3.3343600567071685,
          -5.0990811211003955,
          -3.967623849727259,
          8.049123667524855,
          -6.106674096219284,
          -7.789825336046861,
          -13.639422450624991,
          -16.71987957233705,
          -12.227923586590272,
          -16.926641845622402,
          -14.644370802060752,
          -11.51619266761097,
          -17.252045810432477,
          -15.764527082578052,
          -19.412570973926663,
          -21.093498507059653,
          -18.795542090467976,
          -18.828476301871923,
          -19.501482414492738,
          -19.13585559108355,
          -23.18831184749147,
          -28.22072279375309,
          -26.67601564788015,
          -26.935730682389202,
          -25.010142682260348,
          -27.612277407768573,
          -28.23179285897977,
          -23.432057068087822,
          -27.0286916452676,
          -28.169446294022684,
          -27.737773922170078,
          -27.751917356634735,
          -27.780970222795208,
          -28.345300902331267,
          -27.256663897003047,
          -27.93145146309314,
          -28.47854223024281,
          -27.455200618209155,
          -28.529490341215723,
          -27.322075482165417,
          -28.002134859148526,
          -27.500098121694325,
          -28.286939863990792,
          -27.350037960445032,
          -27.426515520671717,
          -28.036731702072963,
          -28.295433242362545,
          -27.612674218294206,
          -27.403732275649883,
          -28.240494922941572,
          -28.183994491422293,
          -27.776569252301734,
          -28.06587706500889,
          -28.655586912204065,
          -27.934196087123922,
          -27.93000643998606,
          -28.120921831038434,
          -28.657919330257243,
          -27.834617075060617,
          -28.224703791019117,
          -27.82083732634957,
          -27.960815285948655,
          -28.068938599949632,
          -28.498160643309603,
          -28.3486120745803,
          -27.71901058358158,
          -28.755927288354528,
          -27.82368956020055,
          -27.861180096845377,
          -26.465936084316535,
          -28.732504080594406,
          -28.25897750438409,
          -27.501102659918462,
          -27.698193131350326,
          -28.005234569899553,
          -28.571074217180694,
          -28.2087992662579,
          -28.597294216679362,
          -28.190616672474096,
          -27.660611495994083,
          -28.389117578417686,
          -28.46361953758557,
          -28.24917720877802,
          -28.491947292101624,
          -26.52782203703974,
          -28.732260559979245,
          -27.840780656441687,
          -28.544645805769445,
          -28.336844420661023,
          -28.983525454722468,
          -28.791192653702673,
          -28.54206165480786,
          -29.061075518431306,
          -28.35132820787822,
          -28.42632551998423,
          -27.307528792006753,
          -29.032968474886342,
          -29.47194514594165,
          -29.076696961495212,
          -26.439226811540905,
          -29.917856567426682,
          -29.51878750404356,
          -29.37180907572851,
          -29.826410395546926,
          -29.222569718916862,
          -29.064740810036295,
          -28.926329912162355,
          -29.499453107373085,
          -29.104042131321037,
          -29.898594248667422,
          -28.93502134063979,
          -29.29631067739432
        ]
      ],
      [
        [
          4.089931063647361,
          -1.190221325036338,
          14.062197501695179,
          -3.302463598442648,
          0.3978084365422001,
          0.7252275928070779,
          -2.158620510970815,
          1.9821052755376374,
          -4.012818665859268,
          -5.560505672004076,
          -6.51828596111634,
          -10.163910182609628,
          -9.351489213141754,
          -7.941796595101526,
          -18.439281869614003,
          -18.97165044850131,
          -17.646677230888578,
          -20.235619485777832,
          -19.210518903669534,
          -18.86979469795937,
          -19.004014566146328,
          -24.25247465027811,
          -24.4929567182177,
          -22.717647300427373,
          -23.583860867097602,
          -24.989758652880557,
          -17.010149192205862,
          -23.921684076455715,
          -25.140807685262132,
          -24.79711412390414,
          -24.08652130044326,
          -25.128282869342218,
          -24.631373652721102,
          -22.448784915607142,
          -25.765290793558098,
          -19.816802185346084,
          -24.560921359800886,
          -25.9269072254744,
          -25.545579249952603,
          -24.661792559400716,
          -24.632851065386408,
          -26.150451710215673,
          -25.30530707659733,
          -24.531971484253187,
          -25.27144173805352,
          -25.666635195417964,
          -25.503270937281076,
          -25.118051749989867,
          -24.81403916098742,
          -24.846871526597255,
          -24.9702120203219,
          -24.82496523942112,
          -23.87806370830062,
          -25.1181611175063,
          -25.52729793413295,
          -25.33823848337591,
          -25.599170393806002,
          -26.39688173610777,
          -25.812833597520697,
          -24.925315174205828,
          -25.33342640617956,
          -25.58684481069147,
          -25.186309354272986,
          -24.850083172373044,
          -25.800866114040396,
          -24.621980835474858,
          -25.20288090519675,
          -25.763634256326966,
          -25.311823536704047,
          -25.334761967740064,
          -25.785485992749695,
          -24.583961586456393,
          -25.313843214563693,
          -24.73988801715187,
          -24.938938506170228,
          -25.57654296726594,
          -24.994297880861804,
          -25.79081852326301,
          -25.688183442450676,
          -25.646961648419232,
          -25.142968517105615,
          -25.95409261725526,
          -24.533115148525894,
          -25.015057475900164,
          -25.496067918854642,
          -25.87662679306527,
          -25.984743746203545,
          -24.91915698697326,
          -25.589124486798173,
          -24.4052701686192,
          -24.891194872935074,
          -24.340845817014017,
          -24.995898241134576,
          -25.58415488248253,
          -25.85534524068404,
          -24.76479474537559,
          -23.80220109987004,
          -24.82134281367228,
          -25.038516564146537,
          -25.024483243299272,
          -25.968795701184746,
          -24.93431999553809,
          -24.643620883362114,
          -25.45257778846156,
          -24.94055024320175,
          -25.537912714686943,
          -25.958235650190915,
          -25.29582753796292,
          -24.757336681977172,
          -18.507366955178632,
          -26.177069101483873,
          -19.37016904040303,
          -24.612812338958868,
          -23.876838055043677,
          -25.513105821139067,
          -25.52830436569593,
          -25.616106793150944,
          -24.17254544444222,
          -26.571023495024328,
          -24.743049209211296
        ]
      ]
    ]
  },
  {
    "vqe2_energy": [
      -25.719582703167717,
      -34.38751169452457,
      -32.1864123140483
    ],
    "vqe2_vector": [
      [
        0,
        0,
        0,
        0,
        0,
        1,
        0,
        0,
        1,
        0,
        0,
        0
      ],
      [
        0,
        0,
        0,
        1,
        0,
        1,
        1,
        0,
        1,
        0,
        0,
        0
      ],
      [
        1,
        0,
        0,
        0,
        1,
        0,
        0,
        0,
        0,
        0,
        0,
        0
      ]
    ],
    "vqe2_min_error": [
      25.214924707434594,
      0.011105122547072632,
      6.411262729888945
    ],
    "vqe2_params": [
      [
        0.5040252146993549,
        3.419929205823348,
        2.8666900846353527,
        4.613567594177584,
        4.832272705735915,
        3.0592718783324067,
        4.05494163221745,
        3.1169734509335814,
        0.02195538371394068,
        5.933776705621541,
        1.8068755717491884,
        3.3716215398842886,
        6.204941914898293,
        -0.0300122631319489,
        2.2421686332254427,
        1.7002351871909211,
        1.985482539684612,
        3.751152113562612,
        4.404232338820588,
        5.0006776767586105,
        2.697217262007956,
        2.200677883557064,
        2.8271912625793436,
        5.726402192225371,
        1.6913316991395189,
        3.961886739339943,
        4.281857678377875,
        1.0305402842379527,
        4.604196469998265,
        1.9861280730359019,
        6.399642741374443,
        2.8712452030665694,
        0.411801869460961,
        0.12991364796596164,
        4.645679032565543,
        2.4437059945644504,
        3.4933380819687505,
        6.047226018129107,
        1.7772341308904147,
        4.225124271640519,
        2.210795457783598,
        6.143240404347676,
        6.240196205483009,
        4.683406758157535,
        5.885200249208149,
        0.5859571441219473,
        6.154445811238679,
        3.9661297795250823
      ],
      [
        4.146937655350385,
        5.435946387304513,
        3.6509322590160176,
        3.345463366236775,
        1.2533241614800004,
        0.36785909325357624,
        2.938974451550836,
        3.7815452239194958,
        4.168734976279451,
        3.22115122298976,
        1.1999262345501347,
        1.1427656913425286,
        3.0802576865901363,
        3.0971302706881674,
        4.731221497046059,
        6.478182749560915,
        2.2777529964004426,
        2.83539825799338,
        5.4526447010701595,
        4.097986427648012,
        1.1054220067117309,
        4.531967958099431,
        3.6001325872104584,
        7.439658757209642,
        4.506040588042645,
        3.4428019584061,
        2.2950154419852877,
        0.8814583246395991,
        5.379608963517469,
        0.28943589748209075,
        5.698293992728876,
        5.7157977022147755,
        0.046923500454338844,
        5.646805526063187,
        2.6463830853344428,
        2.5977399840852766,
        2.7562372542263245,
        5.3287145955570185,
        3.170206533805908,
        3.1112079396028314,
        4.758954599789664,
        4.832445574984048,
        1.7278509970110136,
        2.107142055844419,
        3.0305990045505125,
        4.671591440223166,
        3.2286120278004846,
        3.1676658649651177,
        1.4751297687337959,
        1.8238799918897102,
        1.9654133691437548,
        0.5050086640835881,
        2.2541550280132223,
        4.2250484005169815,
        3.3798302354359278,
        4.969926652029962,
        0.42116247989783534,
        4.927314196058301,
        4.470792915711985,
        0.8010363243438965,
        5.28172675023467,
        5.712636185989562,
        5.1390953513528315,
        5.516625783414187,
        3.260717583600142,
        5.4441633348715195,
        1.135765509726549,
        5.70799098619696,
        1.4174242988726484,
        3.020868788286432,
        5.743513738974541,
        5.213589647926336
      ],
      [
        3.0778707524386544,
        6.621314807898696,
        5.209730789052868,
        5.970132664225003,
        1.2796153574198357,
        3.555902915839912,
        3.3243105984609658,
        5.5600222575895994,
        5.870218949668542,
        2.4894179151218117,
        7.079449621401705,
        6.681029354236496,
        0.1859764662715445,
        3.4916563453944978,
        4.670193841115219,
        3.4507134112657227,
        5.400577261584028,
        3.66048503993694,
        3.1916204544252738,
        1.323755627871097,
        2.404915413459376,
        6.2086969755197,
        3.4178145730047307,
        0.6521868871606067,
        0.25265059923279093,
        2.8870032918270057,
        2.885849959800552,
        5.565873163741701,
        0.04927748576285413,
        2.839271788228035,
        3.473845143441968,
        1.971817923108509,
        0.06203484802419805,
        4.365519747402828,
        4.000969445894957,
        1.9502162400667817,
        2.2860344654317073,
        3.6117169491040095,
        4.354408024365177,
        2.6171408753227245,
        1.082921316985107,
        0.6419772540896922,
        2.421836871586746,
        3.808704051793215,
        2.2142419684430754,
        1.209262241490636,
        6.117180044567296,
        6.480834558641051,
        3.537874108042708,
        1.0424195498425535,
        5.370877978973485,
        3.9528985740116753,
        3.590427210325169,
        2.914625611737048,
        3.801514959512382,
        6.226810399472418,
        3.5849919636364933,
        0.34870768563310534,
        0.557433375679582,
        1.7441523366200848,
        2.656173934379516,
        4.654598355004556,
        5.079061028252457,
        4.743251709275811,
        1.229043091436533,
        0.1590254817466007,
        1.660572435031729,
        4.307065470484845,
        5.886561195104883,
        1.6572376597382235,
        1.3050802650643174,
        0.9137962696368368,
        0.7900187685049922,
        0.895164183392392,
        3.139588775015268,
        0.16321175464984564,
        1.0788611295591661,
        5.311511083293839,
        6.23558630956525,
        1.7532074810214588,
        3.3679703174904,
        5.9511781074097785,
        0.43706280872110176,
        3.634163312036289,
        2.809266948037849,
        5.198876005992169,
        4.889860424824886,
        4.363437261069898,
        0.0947077225315416,
        5.28256730588498,
        4.847934838868911,
        0.2954700117143393,
        4.2184684030026425,
        6.1732998127834415,
        4.787335902679102,
        4.765507977575732,
        0.5008681489411275,
        1.712204223270617,
        2.1759134270269374,
        2.0319900056165454,
        4.734936779959772,
        3.537770385104133,
        0.9231558767136375,
        6.108963370542671,
        0.10225438091628909,
        2.124454471059596,
        1.0943416697412798,
        2.180887939945649
      ]
    ],
    "vqe2_time": [
      49.32277584075928,
      77.21877002716064,
      47.83795619010925
    ],
    "solution_vector": [
      0,
      0,
      0,
      1,
      1,
      1,
      0,
      0,
      0,
      0,
      0,
      0
    ],
    "solution_min_energy": -34.391330893965915,
    "solution_time": 0.021296977996826172,
    "matrix_size": 12,
    "qubo_matrix": [
      [
        -14.990692359334641,
        4.262910863998764,
        2.131455431999382,
        2.131451463144625,
        4.26290292628925,
        2.131451463144625,
        2.131451835978354,
        4.262903671956708,
        2.131451835978354,
        2.1314523922555404,
        4.262904784511081,
        2.1314523922555404
      ],
      [
        4.262910863998764,
        -25.718473854670517,
        4.262910863998764,
        4.26290292628925,
        8.5258058525785,
        4.26290292628925,
        4.262903671956708,
        8.525807343913415,
        4.262903671956708,
        4.262904784511081,
        8.525809569022162,
        4.262904784511081
      ],
      [
        2.131455431999382,
        4.262910863998764,
        -14.990692359334641,
        2.131451463144625,
        4.26290292628925,
        2.131451463144625,
        2.131451835978354,
        4.262903671956708,
        2.131451835978354,
        2.1314523922555404,
        4.262904784511081,
        2.1314523922555404
      ],
      [
        2.131451463144625,
        4.26290292628925,
        2.131451463144625,
        -14.992227993723375,
        4.262930180154597,
        2.1314650900772985,
        2.1314545147770687,
        4.262909029554137,
        2.1314545147770687,
        2.1314525044480113,
        4.2629050088960225,
        2.1314525044480113
      ],
      [
        4.26290292628925,
        8.5258058525785,
        4.26290292628925,
        4.262930180154597,
        -25.721525807292153,
        4.262930180154597,
        4.262909029554137,
        8.525818059108275,
        4.262909029554137,
        4.2629050088960225,
        8.525810017792045,
        4.2629050088960225
      ],
      [
        2.131451463144625,
        4.26290292628925,
        2.131451463144625,
        2.1314650900772985,
        4.262930180154597,
        -14.992227993723375,
        2.1314545147770687,
        4.262909029554137,
        2.1314545147770687,
        2.1314525044480113,
        4.2629050088960225,
        2.1314525044480113
      ],
      [
        2.131451835978354,
        4.262903671956708,
        2.131451835978354,
        2.1314545147770687,
        4.262909029554137,
        2.1314545147770687,
        -14.99026373899848,
        4.2629054725479945,
        2.1314527362739972,
        2.1314523957187017,
        4.262904791437403,
        2.1314523957187017
      ],
      [
        4.262903671956708,
        8.525807343913415,
        4.262903671956708,
        4.262909029554137,
        8.525818059108275,
        4.262909029554137,
        4.2629054725479945,
        -25.717622005448966,
        4.2629054725479945,
        4.262904791437403,
        8.525809582874807,
        4.262904791437403
      ],
      [
        2.131451835978354,
        4.262903671956708,
        2.131451835978354,
        2.1314545147770687,
        4.262909029554137,
        2.1314545147770687,
        2.1314527362739972,
        4.2629054725479945,
        -14.99026373899848,
        2.1314523957187017,
        4.262904791437403,
        2.1314523957187017
      ],
      [
        2.1314523922555404,
        4.262904784511081,
        2.1314523922555404,
        2.1314525044480113,
        4.2629050088960225,
        2.1314525044480113,
        2.1314523957187017,
        4.262904791437403,
        2.1314523957187017,
        -14.990217644462787,
        4.2629048927425135,
        2.1314524463712567
      ],
      [
        4.262904784511081,
        8.525809569022162,
        4.262904784511081,
        4.2629050088960225,
        8.525810017792045,
        4.2629050088960225,
        4.262904791437403,
        8.525809582874807,
        4.262904791437403,
        4.2629048927425135,
        -25.717530396183058,
        4.2629048927425135
      ],
      [
        2.1314523922555404,
        4.262904784511081,
        2.1314523922555404,
        2.1314525044480113,
        4.2629050088960225,
        2.1314525044480113,
        2.1314523957187017,
        4.262904791437403,
        2.1314523957187017,
        2.1314524463712567,
        4.2629048927425135,
        -14.990217644462787
      ]
    ],
    "ansatze": [
      "twolocal",
      "alternating_ry_rz",
      "random_circuit"
    ],
    "histories_energy": [
      [
        [
          -3.131619508189689,
          -1.2181399295551447,
          9.537683629025864,
          -6.1237349532914545,
          -1.400394908413537,
          -1.4085553502869677,
          -7.741872647331757,
          -10.180946051584597,
          0.17466149382755125,
          -9.615523227914798,
          -17.77786468160687,
          -12.076004645987537,
          -13.466803720959676,
          -16.763298674827315,
          -15.197493940082492,
          -19.235028464474045,
          -19.418916759813676,
          -19.105598199593842,
          -20.10293930774801,
          -16.942308588986375,
          -19.214823600893148,
          -19.47370119787134,
          -20.235269847539612,
          -19.6094884333062,
          -19.898262547549223,
          -18.116603852616986,
          -15.775634738327316,
          -17.19723219637844,
          -18.311175087475174,
          -20.070330448283702,
          -21.65811429711737,
          -22.836423000221394,
          -19.55308354972635,
          -19.406842904527956,
          -21.702396171687937,
          -18.328986132251664,
          -24.89433621861152,
          -25.248512993512215,
          -24.53063330519099,
          -24.419941255855587,
          -24.18800332572339,
          -24.197296238433672,
          -24.819660610120046,
          -23.70819461475911,
          -24.865094239818692,
          -24.381669603015744,
          -25.092644671122628,
          -24.77948704985325,
          -24.2555087945185,
          -27.891272262421516,
          -27.23587069904893,
          -28.808252206708293,
          -28.25720288492431,
          -28.573004646347044,
          -28.20343830177196,
          -28.88989435244668,
          -28.16541154972824,
          -28.446823607988613,
          -29.157057226646472,
          -29.609257972059186,
          -27.702537742454556,
          -28.904173354621243,
          -27.718094890617284,
          -29.569340265756352,
          -29.43382059038825,
          -29.43551395940383,
          -29.37580987543722,
          -29.362748891248753,
          -29.095695301507266,
          -29.655488979392196,
          -29.500658476305826,
          -28.568535340855192,
          -28.23131559347855,
          -29.958689097622585,
          -29.490932690108213,
          -29.029521755627115,
          -27.80129784816661,
          -29.149934452024013,
          -29.438519167669156,
          -28.99246477134579,
          -29.6074346222211,
          -29.66871366679347,
          -29.294116831692108,
          -28.84143594026817,
          -29.713392399793054,
          -28.65472708014358,
          -29.347307358562976,
          -29.62089306534748,
          -29.44123747503383,
          -29.049767388140538,
          -30.09413306829524,
          -29.715757508788926,
          -29.362656628186052,
          -29.791599279529034,
          -29.899630530289194,
          -29.536197839268354,
          -29.682845783685785,
          -29.829687908638643,
          -27.05825834668014,
          -30.077220084816442,
          -29.91581270871397,
          -29.843888723617955,
          -29.63437212226124,
          -29.919011103465117,
          -28.738457113237295,
          -29.899131549065565,
          -29.85144523014626,
          -29.463928467327143,
          -30.34276945139235,
          -30.04586279732533,
          -29.601413850133447,
          -30.170564787080608,
          -29.77268054799083,
          -30.124940327125472,
          -30.20119646964628,
          -29.692328878172162,
          -29.99248496876915,
          -29.81281013426591,
          -30.205217975784397,
          -29.610721071091078
        ]
      ],
      [
        [
          15.831121894809051,
          18.367891351603802,
          1.0605899153915823,
          -1.5166172825052335,
          -7.301682014051696,
          -6.423245736542704,
          -9.847056820688653,
          -11.519254875175598,
          -4.318587444514488,
          -13.597711069783305,
          -14.93428452543819,
          -6.0096471842443755,
          -17.171014522897266,
          -18.63356206703428,
          -13.348221789284533,
          -18.39463466245374,
          -19.450413507751453,
          -17.406018369110743,
          -15.971797056787011,
          -20.599800547571938,
          -10.928839696175789,
          -19.33303727561931,
          -21.5821985346559,
          -24.137889297285497,
          -24.27340506345571,
          -24.443406306126615,
          -19.475633198443713,
          -22.238368723545147,
          -24.41886241044424,
          -27.27223556422358,
          -26.72764392355123,
          -27.296484299905263,
          -24.055518131326522,
          -26.72888321843189,
          -27.586920646677235,
          -26.638934859093197,
          -27.144216541569346,
          -26.936110236871684,
          -26.90230958526908,
          -27.093427391696352,
          -27.218294808340264,
          -28.006156234777542,
          -27.260962757085302,
          -26.87819240374103,
          -27.571154849419198,
          -27.906719386630506,
          -27.509790280131327,
          -27.425449917563714,
          -27.297704747898315,
          -27.222697844822065,
          -27.370496548462974,
          -27.521560299019477,
          -27.448219846305108,
          -27.098382149868122,
          -27.364113703910636,
          -27.85037216288427,
          -26.155140890255026,
          -27.2692003968747,
          -26.88850701462455,
          -27.471459099066593,
          -27.378555078916136,
          -27.706201261448022,
