[
  {
    "vqe2_energy": [
      -95.00948803683757,
      -94.95110572440744,
      -94.94720477062887
    ],
    "vqe2_vector": [
      [
        1,
        0,
        1,
        0,
        1,
        1,
        0,
        1
      ],
      [
        1,
        0,
        0,
        0,
        1,
        0,
        1,
        1
      ],
      [
        0,
        0,
        1,
        0,
        0,
        1,
        0,
        1
      ]
    ],
    "vqe2_min_error": [
      1.5318002428448496,
      1.5923078965691229,
      1.5963508601072762
    ],
    "vqe2_params": [
      [
        5.426684771141035,
        2.98541515823589,
        5.4711414066743025,
        1.1949490444954067,
        4.7813662724909936,
        5.891428313631015,
        6.93890220572147,
        6.488527189811061,
        4.8132769785426275,
        3.675940295751551,
        3.3566973011206254,
        3.164118424360585,
        2.1324881388104493,
        4.6358898599961345,
        3.0238135162784636,
        6.450196086501466,
        2.452645971668962,
        2.8151212471122133,
        4.452659003015618,
        1.7042532523431193,
        4.57702403215187,
        3.033025834158649,
        0.5952690111935819,
        3.9221682772274877,
        5.311363070901546,
        4.632326391442161,
        4.5662916466579295,
        6.007305805030914,
        5.273473756876992,
        1.1677649493232436,
        3.866924068422906,
        4.487076619374273
      ],
      [
        3.171557014570849,
        1.277994661276589,
        3.14249768943217,
        4.023580026349419,
        4.390783938977476,
        6.839997812991387,
        4.500829440240988,
        6.4389566357632475,
        3.4965633363622852,
        4.491947483295962,
        1.621383844740419,
        0.689494341649609,
        5.779562413143697,
        2.8949392691023004,
        3.1182892733243475,
        5.584134942611217,
        3.598225964909392,
        5.409880773673218,
        0.6180606449597437,
        1.865478142375143,
        1.4148802587022409,
        2.6630046679739205,
        4.5852701442637285,
        1.8617620199645832,
        1.7575275068626421,
        4.9933750704020285,
        4.28656590947478,
        0.5595594257034107,
        1.5157982900914466,
        3.1472095018971995,
        2.754165919600332,
        1.933758072879535,
        2.7901883975629262,
        0.7947960093550455,
        5.877614932811417,
        2.640219980166399,
        4.288502840429008,
        0.3695867657832972,
        5.6378759098886535,
        4.205679740186252,
        5.869129189335118,
        0.6259422754177097,
        4.439479729223417,
        5.805603027185828,
        0.16274111974711372,
        2.624403313140451,
        6.160449166926282,
        1.8830957263290047
      ],
      [
        0.6373390646689936,
        2.092232111971934,
        4.317826106974246,
        1.8419018487032215,
        2.4452931734111374,
        4.842420282817351,
        6.16545512670629,
        0.9657893770924114,
        2.416749368402317,
        5.515685144914946,
        1.1800898104586828,
        0.8510858795255851,
        0.2952106599295086,
        1.2589849816160081,
        2.8558159642701297,
        2.939876832157851,
        1.5193950672182994,
        6.156491274757975,
        4.578892815119289,
        1.705754104871524,
        5.141006878850171,
        2.4186439941029167,
        3.580331971523655,
        4.876159147718416,
        7.262531881245694,
        2.892028784346989,
        3.850508164861206,
        3.578485560264415,
        2.9749465232515564,
        5.550682854282375,
        0.6327862388030816,
        4.390540719507258,
        4.422424721396045,
        1.5295264447983616,
        0.8809765390832284,
        3.369008655583458,
        6.246621248096924,
        1.9123662027856958,
        1.4588700896910602,
        2.2784346833323315,
        4.926079223752452,
        2.19852969867227,
        6.034010095708278,
        3.106007268505869,
        0.3517319318475943,
        3.2478666764144197,
        2.1570383197643515,
        6.104049207419889,
        6.121145868170014,
        2.585725654082351,
        3.4895718607497117,
        3.7668859330592093,
        1.7741714631404775,
        0.15764334874595495,
        1.676466657844405,
        2.90538364800258,
        4.011038024793474,
        0.5826094734704527,
        1.0064001487855676,
        4.230199131394347,
        4.727738462338163,
        5.525553347006416,
        5.897584264644409,
        5.132103933175517,
        5.329998683381141,
        2.356116486519742,
        6.202226546796043,
        5.70994726493924,
        3.012217926227508,
        2.934771174449546,
        6.010959636258044,
        4.839562374090088
      ]
    ],
    "vqe2_time": [
      4.477575063705444,
      4.54906702041626,
      6.793722152709961
    ],
    "solution_vector": [
      0,
      0,
      0,
      0,
      1,
      1,
      1,
      1
    ],
    "solution_min_energy": -96.48748354408067,
    "solution_time": 0.021605253219604492,
    "matrix_size": 8,
    "qubo_matrix": [
      [
        -22.58512032064745,
        3.007296288155909,
        6.014592576311818,
        1.5036481440779546,
        1.5036412271311221,
        3.0072824542622443,
        6.0145649085244886,
        1.5036412271311221
      ],
      [
        3.007296288155909,
        -42.16294435313899,
        12.029185152623636,
        3.007296288155909,
        3.0072824542622443,
        6.0145649085244886,
        12.029129817048977,
        3.0072824542622443
      ],
      [
        6.014592576311818,
        12.029185152623636,
        -72.29670355365434,
        6.014592576311818,
        6.0145649085244886,
        12.029129817048977,
        24.058259634097954,
        6.0145649085244886
      ],
      [
        1.5036481440779546,
        3.007296288155909,
        6.014592576311818,
        -22.58512032064745,
        1.5036412271311221,
        3.0072824542622443,
        6.0145649085244886,
        1.5036412271311221
      ],
      [
        1.5036412271311221,
        3.0072824542622443,
        6.0145649085244886,
        1.5036412271311221,
        -22.586641467919307,
        3.0073445785454918,
        6.0146891570909835,
        1.5036722892727459
      ],
      [
        3.0072824542622443,
        6.0145649085244886,
        12.029129817048977,
        3.0072824542622443,
        3.0073445785454918,
        -42.16593835729312,
        12.029378314181967,
        3.0073445785454918
      ],
      [
        6.0145649085244886,
        12.029129817048977,
        24.058259634097954,
        6.0145649085244886,
        6.0146891570909835,
        12.029378314181967,
        -72.30249840040428,
        6.0146891570909835
      ],
      [
        1.5036412271311221,
        3.0072824542622443,
        6.0145649085244886,
        1.5036412271311221,
        1.5036722892727459,
        3.0073445785454918,
        6.0146891570909835,
        -22.586641467919307
      ]
    ],
    "ansatze": [
      "twolocal",
      "alternating_ry_rz",
      "random_circuit"
    ],
    "histories_energy": [
      [
        [
          -79.3997556667187,
          -80.66083412512396,
          -79.48858938736161,
          -82.70772111188036,
          -81.87126465780358,
          -83.38944860919929,
          -86.40251953883316,
          -86.51207739780268,
          -86.94907927812997,
          -88.34027709014848,
          -87.44459347649271,
          -88.73671961977149,
          -88.24393658554473,
          -87.58904548304534,
          -87.73946210964368,
          -88.96653538702138,
          -89.11951299869507,
          -89.56446276315015,
          -83.53635983484227,
          -90.68217462207963,
          -90.24019340861634,
          -89.83741230434967,
          -83.57906774258218,
          -87.55719285450448,
          -89.87590844197558,
          -90.43465271708331,
          -89.6208201078954,
          -90.47016318448017,
          -90.35200175293551,
          -90.11132234893938,
          -90.5814320593235,
          -90.16965535941578,
          -90.04941041376466,
          -90.72249718760185,
          -91.47577161691495,
          -86.28024465674446,
          -89.2359368891951,
          -91.49860694543088,
          -91.25731830107954,
          -89.73921006166077,
          -90.33382937776173,
          -88.5613934253214,
          -90.89809562742536,
          -90.63927958866702,
          -90.70455114746163,
          -91.01281799979967,
          -90.68674979238008,
          -90.75283926409388,
          -90.90936935404801,
          -91.33494247939268,
          -92.06358224359971,
          -90.08506365683435,
          -91.33329109042005,
          -89.32003382800178,
          -91.88984268642031,
          -89.55765009700896,
          -91.60581125250665,
          -88.97832169426239,
          -90.88662472922468,
          -91.89280547775074,
          -91.45693361308113,
          -91.57749731785029,
          -91.65207434262177,
          -91.18064487469354,
          -91.8958943036198,
          -91.63882784308294,
          -92.3560548581618,
          -91.75485177428646,
          -92.94012432945397,
          -93.33796976783395,
          -93.08018405592401,
          -92.62715187407758,
          -91.9535561776453,
          -93.48133200327761,
          -93.00149577532943,
          -92.91876935472544,
          -93.3108521598385,
          -93.13423665381814,
          -92.85196541742717,
          -93.12472332061427
        ]
      ],
      [
        [
          -86.62838508830404,
          -84.73933179968259,
          -84.32392436153124,
          -86.1154939873662,
          -87.47239923982755,
          -86.81020068688596,
          -85.07577929134006,
          -84.7371639747991,
          -87.88540547239069,
          -88.10628903376607,
          -79.7068361797071,
          -87.10586111328607,
          -87.86123085654586,
          -87.0962882124152,
          -82.66296412992145,
          -88.03622714480224,
          -88.1222934039954,
          -87.07846790706785,
          -82.08019532867031,
          -87.04477891137988,
          -87.74615324648681,
          -87.26330397785843,
          -84.77454337046188,
          -87.06224482640175,
          -87.4951152178656,
          -87.85309959143618,
          -88.71254809193253,
          -87.78232316854314,
          -87.32167671097892,
          -87.50660848098424,
          -87.4349229345816,
          -88.0010686111199,
          -87.96039308331302,
          -87.9270029864096,
          -88.10534027756515,
          -87.19640257083825,
          -87.27815893881234,
          -87.87566866902421,
          -87.9136319505433,
          -88.24958386991322,
          -88.21148243973141,
          -87.06561709917031,
          -87.55853657324103,
          -88.09149853658779,
          -87.85163583694322,
          -87.70352313407936,
          -87.89653027830126,
          -87.43850109237923,
          -87.80512058566777,
          -87.87420198265282,
          -87.42201967055469,
          -84.31862362120981,
          -87.74386066993323,
          -88.88548335567725,
          -86.36570994344237,
          -89.06143449636545,
          -89.97636950615602,
          -86.2474641074777,
          -88.98478088768232,
          -86.14257236703558,
          -89.38622907893028,
          -79.88275501696063,
          -89.61876275792497,
          -90.3206744058476,
          -89.7707471408039,
          -89.48022157274804,
          -89.692174530937,
          -91.13223947294688,
          -90.59966546666469,
          -90.0716211144156,
          -89.80151690011391,
          -90.72357502704779,
          -90.77607154175836,
          -90.82102770432198,
          -90.92658441994188,
          -87.59935338884438,
          -90.6592336285963,
          -91.05202440156839,
          -90.25417247664868,
          -90.6378374171185
        ]
      ],
      [
        [
          -78.22251001429662,
          -78.00801890114676,
          -77.6996606321547,
          -77.09004104620405,
          -78.31170655176962,
          -79.52043789833328,
          -84.13592719868716,
          -82.07110827487197,
          -84.03831209318945,
          -85.57589771105359,
          -85.3508970371562,
          -84.53744282025691,
          -85.39696934060366,
          -81.34267956652042,
          -84.25479315370184,
          -85.9967728139228,
          -85.84000126861304,
          -84.68713507606176,
          -84.62946313188519,
          -87.36557899827353,
          -86.58408051462621,
          -87.11761534124274,
          -84.3393467440012,
          -87.53747244744756,
          -87.18119238306463,
          -88.23621188655238,
          -87.75367272881459,
          -87.80933256871822,
          -87.71538150126244,
          -87.74038858498318,
          -87.44748348018776,
          -86.95805541825592,
          -87.69059050025501,
          -87.3099223159713,
          -87.35926784354888,
          -87.29605079511339,
          -88.0319759715937,
          -87.76908811872322,
          -87.28010317685906,
          -87.05777641860016,
          -87.6707974866248,
          -86.74963553225145,
          -87.32773393085814,
          -87.58150874488342,
          -87.68881600121634,
          -88.17077423112659,
          -87.13954326649899,
          -88.34015780324305,
          -88.69452194249916,
          -87.44608546900152,
          -87.78412335100963,
          -87.78522954243267,
          -87.45577625458606,
          -87.83669799535876,
          -87.81813818578323,
          -87.78308810782755,
          -88.21727049442666,
          -88.31672585949607,
          -88.47200211769011,
          -88.29792448797133,
          -87.70312413266248,
          -87.29539181917157,
          -87.49209637064037,
          -87.4261001543745,
          -87.14156681471152,
          -87.74836067768868,
          -87.12375774483208,
          -87.73057705770222,
          -87.96348477131255,
          -87.19298267146092,
          -86.9835599966043,
          -86.96310172016805,
          -88.16362335091146,
          -87.53710750737554,
          -88.03803368830046,
          -84.54661968713972,
          -87.93992205793289,
          -88.36267387923556,
          -87.09863167625292,
          -84.29306533327195
        ]
      ]
    ]
  },
  {
    "vqe2_energy": [
      -115.79068102698636,
      -99.41442606415598,
      -115.7910364442537
    ],
    "vqe2_vector": [
      [
        0,
        1,
        0,
        1,
        1,
        0,
        1,
        0
      ],
      [
        0,
        0,
        1,
        0,
        0,
        0,
        0,
        1
      ],
      [
        1,
        0,
        1,
        0,
        0,
        1,
        0,
        1
      ]
    ],
    "vqe2_min_error": [
      0.00036202146352914966,
      14.143292637318384,
      5.507449896136052e-05
    ],
    "vqe2_params": [
      [
        2.711972321384443,
        -0.17165075834248875,
        1.9913986478757015,
        1.6605708158253365,
        3.807009526428073,
        6.394426707925877,
        2.0459349175475605,
        2.818190138417546,
        2.139162006767198,
        4.803407637442504,
        3.6893433600433743,
        5.67661698357384,
        2.8233981109826685,
        1.8730673656065224,
        0.00958331323738475,
        0.969926098017891,
        2.0644996131297235,
        2.808150334798266,
        2.5810785501482822,
        2.1125047055681727,
        5.857665759612516,
        6.397994332792341,
        5.282471335789943,
        3.2105101490185177,
        2.5299056567654814,
        2.8989200675962072,
        2.8629420586004692,
        4.677883555784058,
        0.7808599733600803,
        1.309198610706962,
        2.857100917872109,
        4.945494053633877
      ],
      [
        2.2569544175753498,
        5.406263458428029,
        3.1398283360091033,
        0.6162811289671407,
        2.9803215907710445,
        3.2751782478336247,
        2.8254784864785263,
        3.063516187847623,
        2.1088330367182047,
        4.065629469897143,
        0.6351952655800945,
        1.4579169647032453,
        3.139164555713285,
        0.14023234391522216,
        2.7132288810594685,
        5.183259528572815,
        2.6661053055889252,
        1.4926653393185123,
        1.961316547188995,
        0.028397544768775557,
        5.928874406061642,
        5.763350123012013,
        0.21861060547609854,
        5.425435904370775,
        4.480773516024455,
        0.6350863209790105,
        5.337293272703398,
        1.3983461027803608,
        6.997208187322671,
        5.243856098753837,
        2.8998082480509644,
        5.340901118871343,
        2.0293209602523294,
        5.052404481783403,
        4.230307599023005,
        3.1904571121854244,
        5.342284565836385,
        1.350056798677353,
        3.599212133597955,
        4.191009200698719,
        5.479781239101344,
        1.4013738652309249,
        5.294012566434741,
        1.9863773474961137,
        0.5545075168307794,
        0.4862058940319889,
        2.2434190309128867,
        0.6570832501859284
      ],
      [
        1.0343155032700344,
        4.229633436913019,
        1.326281079991032,
        3.4513583385156017,
        -0.2921077872712252,
        3.7143136119525586,
        2.9417341631325984,
        5.532182196299311,
        1.5709976988962233,
        2.843552236825646,
        6.749619522883632,
        3.249057076646379,
        4.657492909928611,
        1.1201090806652778,
        3.481047861256772,
        5.524609957196929,
        3.0845058089004294,
        4.236097532926749,
        2.2410771684355346,
        4.162941472507858,
        1.8843862236486577,
        3.5269996493919877,
        5.693226494486043,
        1.2749966633392043,
        6.1691523996770075,
        2.30510482856284,
        2.8339794967096,
        5.7597803597089205,
        4.444485713914583,
        1.2896159701166692,
        1.6024864435540054,
        1.9031161247853146,
        3.7476387865997145,
        1.921641864449121,
        3.5198439864761215,
        5.822437565839428,
        4.871734156726963,
        4.036099914630337,
        1.7884677973997103,
        1.8733885514697879,
        5.00547001351926,
        4.958871799165792,
        1.6862888779313532,
        4.3873397105687175,
        2.4785592331887716,
        1.1685819342306434,
        3.6672241296833334,
        2.670185864537267,
        4.791747471338534,
        5.89303740440906,
        3.2891869130533755,
        4.865064443404634,
        2.069081261544863,
        4.676492332993729,
        0.9178340175373024,
        0.47226038787791264,
        4.278361096669435,
        5.282255228775899,
        1.3527616092960049,
        4.3408429224448275,
        5.446283762780663,
        6.152631809443819,
        4.031525284784982,
        0.5644346107701689,
        3.8203898237590326,
        3.24381595986613,
        3.545032304945329,
        4.348911160329859,
        1.1492996669845599,
        5.872830848232962,
        5.896937934870849,
        2.8986659479762595
      ]
    ],
    "vqe2_time": [
      3.3857009410858154,
      5.1041259765625,
      7.313905954360962
    ],
    "solution_vector": [
      0,
      1,
      1,
      0,
      1,
      0,
      0,
      1
    ],
    "solution_min_energy": -115.791100215622,
    "solution_time": 0.02107405662536621,
    "matrix_size": 8,
    "qubo_matrix": [
      [
        -27.09487708242603,
        3.6060005991278707,
        7.2120011982557415,
        1.8030002995639354,
        1.802993382617103,
        3.605986765234206,
        7.211973530468412,
        1.802993382617103
      ],
      [
        3.6060005991278707,
        -50.58375356572419,
        14.424002396511483,
        3.6060005991278707,
        3.605986765234206,
        7.211973530468412,
        14.423947060936824,
        3.605986765234206
      ],
      [
        7.2120011982557415,
        14.424002396511483,
        -86.74350473493689,
        7.2120011982557415,
        7.211973530468412,
        14.423947060936824,
        28.847894121873647,
        7.211973530468412
      ],
      [
        1.8030002995639354,
        3.6060005991278707,
        7.2120011982557415,
        -27.09487708242603,
        1.802993382617103,
        3.605986765234206,
        7.211973530468412,
        1.802993382617103
      ],
      [
        1.802993382617103,
        3.605986765234206,
        7.211973530468412,
        1.802993382617103,
        -27.094868390155902,
        3.6060488895174534,
        7.212097779034907,
        1.8030244447587267
      ],
      [
        3.605986765234206,
        7.211973530468412,
        14.423947060936824,
        3.605986765234206,
        3.6060488895174534,
        -50.58368789079435,
        14.424195558069814,
        3.6060488895174534
      ],
      [
        7.211973530468412,
        14.423947060936824,
        28.847894121873647,
        7.211973530468412,
        7.212097779034907,
        14.424195558069814,
        -86.74318022351889,
        7.212097779034907
      ],
      [
        1.802993382617103,
        3.605986765234206,
        7.211973530468412,
        1.802993382617103,
        1.8030244447587267,
        3.6060488895174534,
        7.212097779034907,
        -27.094868390155902
      ]
    ],
    "ansatze": [
      "twolocal",
      "alternating_ry_rz",
      "random_circuit"
    ],
    "histories_energy": [
      [
        [
          -107.69653832633185,
          -107.86329959253725,
          -93.1545047451779,
          -106.6536523027247,
          -107.2091898168021,
          -105.014273010088,
          -108.25306706673774,
          -104.08341995180413,
          -107.84084786561468,
          -107.13720417062274,
          -106.582384058966,
          -108.89952131196868,
          -107.94988686132183,
          -107.62501457323468,
          -108.22498532624621,
          -106.46233846908906,
          -108.20657739264195,
          -107.68647389229177,
          -97.0516602714459,
          -105.72967188557294,
          -106.70227195791547,
          -107.27828786462341,
          -105.77243486735473,
          -111.24933627162436,
          -110.639084808309,
          -111.06094581089846,
          -110.20454676270049,
          -111.37072479914757,
          -110.74360742524605,
          -110.77660896110051,
          -111.3343278587707,
          -110.94637328852708,
          -111.38046588510642,
          -111.49836101377254,
          -112.57728901103816,
          -106.07277100735755,
          -112.51996796011741,
          -110.28318219995488,
          -112.93493330731697,
          -111.6955705683932,
          -112.71765743204155,
          -112.81991508058344,
          -112.25856666715853,
          -110.79583471417827,
          -111.23955201580624,
          -112.11742026799752,
          -113.31535587598174,
          -107.97171624466839,
          -113.16630313728938,
          -113.26017502272383,
          -113.35480506137657,
          -113.25455272666936,
          -113.12343584825983,
          -112.80819177034526,
          -113.12160035023771,
          -112.9715188614782,
          -112.99232696065647,
          -112.4346148181212,
          -112.96715276756763,
          -113.06632717064993,
          -113.517091947912,
          -113.19416266801224,
          -113.40766252768654,
          -111.25290652933917,
          -112.85358571318771,
          -109.82969681743305,
          -112.79299772214861,
          -113.14792512803014,
          -112.95001336584232,
          -112.99042706526784,
          -113.50124884064891,
          -113.05710288098933,
          -112.79655891123078,
          -111.90421432443796,
          -113.3596613252202,
          -113.51078039685228,
          -112.43637598814514,
          -113.04839770231673,
          -112.71198733082613,
          -113.19772375612321
        ]
      ],
      [
        [
          -98.44171398873698,
          -98.67964574054822,
          -98.70311922800126,
          -97.34038620745767,
          -99.2944044403248,
          -97.20830216516904,
          -94.0522886975699,
          -98.3763520235755,
          -98.45422471115806,
          -96.5480008634569,
          -98.57011004189941,
          -98.13239328432516,
          -97.09744550205325,
          -97.27610980269614,
          -96.21113065358438,
          -101.13641138060986,
          -100.79004873083665,
          -101.31161589900107,
          -99.91111698660305,
          -98.56097160810593,
          -99.5261423122297,
          -99.58162573681321,
          -97.45958296339336,
          -97.97102945538265,
          -100.19603820857378,
          -100.07834421948424,
          -99.58953450257692,
          -100.26092893406297,
          -100.08713258273673,
          -101.79178683632675,
          -100.69099599738509,
          -99.83233349741435,
          -100.81765757443696,
          -99.87776004102714,
          -100.26283652062247,
          -100.82453429936069,
          -101.06557707827659,
          -100.05080138307635,
          -100.70170668486918,
          -99.43873351864032,
          -100.12961602090763,
          -100.4403385716059,
          -99.8612895970539,
          -100.77416971374238,
          -100.07446012451344,
          -100.49805020345875,
          -99.94839653233355,
          -100.8032827099033,
          -99.76257288799397,
          -103.76907679798197,
          -102.86038234802281,
          -102.68228192264155,
          -101.6090516507218,
          -104.56895356014434,
          -100.95417822475616,
          -103.78473943745355,
          -104.56263680410113,
          -102.96608518647977,
          -105.17716760885342,
          -104.6486354277192,
          -103.2117994804849,
          -104.05578451738369,
          -105.46724288657812,
          -105.75596069217146,
          -104.06912459595164,
          -105.03349130276439,
          -104.89010476212745,
          -104.64386870968661,
          -102.35065920971302,
          -105.32913149403205,
          -104.02053663311065,
          -106.10928614620684,
          -104.12618927873172,
          -106.57877741256678,
          -105.30052649599693,
          -106.37887002964818,
          -106.19207238635262,
          -107.32211011340225,
          -106.7734186093043,
          -106.88260015838756
        ]
      ],
      [
        [
          -96.85815076748565,
          -96.41447530099092,
          -97.19483155632938,
          -97.21171537921374,
          -96.57640322408106,
          -93.07646067360507,
          -97.04882686464788,
          -96.20410205262172,
          -97.32633368091729,
          -97.43138570624735,
          -94.50576549048677,
          -100.9399462498622,
          -95.9369782587211,
          -97.58266490640466,
          -100.02351426175466,
          -99.13509693838485,
          -100.9875898415344,
          -101.74186042797112,
          -101.71057975829083,
          -101.4148944343649,
          -101.0276652700413,
          -100.64663034269,
          -101.56405334428317,
          -101.21593494498508,
          -101.31236441159638,
          -102.29057178989521,
          -101.62793512463944,
          -100.87558876213589,
          -101.43839440573342,
          -101.7257060127993,
          -100.46826226423971,
          -102.45355694317682,
          -102.19241933152534,
          -100.81176587984758,
          -100.30121175386455,
          -102.0683461962999,
          -101.42566281307032,
          -101.37231359827683,
          -101.72866290351665,
          -100.80721119859192,
          -101.2888487427804,
          -100.79847314087252,
          -100.893843966174,
          -101.77175660525415,
          -101.5220293516183,
          -102.09874229374638,
          -101.33411592566297,
          -100.26477922967808,
          -102.2229209642929,
          -101.44500304668871,
          -100.7343823848745,
          -102.10759674733617,
          -102.52005066308132,
          -101.70923017204613,
          -101.64057720537159,
          -100.63081230252791,
          -99.67236096446533,
          -100.65182876938893,
          -100.76253685413619,
          -102.28032897138263,
          -100.86948248788902,
          -102.3248569502833,
          -101.58732359455787,
          -101.34798269442572,
          -100.91396045577093,
          -101.84574494892955,
          -100.05260690987365,
          -102.27232285549663,
          -102.23896250650566,
          -101.66113303685142,
          -101.54593026954102,
          -101.24400024205049,
          -100.76806773919076,
          -102.52547081664736,
          -102.26812091329063,
          -101.91135852137018,
          -102.96961737192402,
          -100.65631929673114,
          -102.64489940188326,
          -100.91881077811642
        ]
      ]
    ]
  },
  {
    "vqe2_energy": [
      -117.12268268586273,
      -117.11828448134168,
      -109.72438227684954
    ],
    "vqe2_vector": [
      [
        0,
        0,
        1,
        0,
        1,
        1,
        0,
        1
      ],
      [
        0,
        1,
        1,
        1,
        1,
        0,
        0,
        0
      ],
      [
        1,
        1,
        0,
        1,
        1,
        0,
        0,
        1
      ]
    ],
    "vqe2_min_error": [
      0.004098831523302593,
      0.007853889164755046,
      6.320550090572896
    ],
    "vqe2_params": [
      [
        6.954750963886065,
        4.509750848392559,
        4.400660245896946,
        6.0662011848931625,
        -0.5404695283555738,
        5.078088186923588,
        3.8544958437894774,
        6.041269810193062,
        5.861681788882284,
        4.347786975130217,
        5.080293204429535,
        6.7390031924546445,
        0.10486006200590317,
        4.411109942798804,
        3.9596757435311605,
        0.2948153955584537,
        2.717971158334621,
        1.096306875769926,
        4.804755800960559,
        3.278458219504145,
        1.818228280244708,
        2.5244526702923595,
        3.9310975738770697,
        4.5640131073379795,
        -0.14142514770354872,
        3.039714162184572,
        1.8372293595627125,
        1.4998968764463103,
        5.272538052650197,
        3.9605087506775316,
        4.364102547984046,
        5.7900985489527645
      ],
      [
        4.183920830176639,
        2.397984309746864,
        5.289397505148864,
        6.5253368139766765,
        7.297403331949752,
        3.520554770690772,
        2.44135625364046,
        1.3458173463522813,
        4.432862049249881,
        2.0190453725014668,
        5.38199305145244,
        4.6102816029465625,
        5.530317679483553,
        5.549303378187285,
        4.172054928262,
        2.210259547585546,
        1.23507655398314,
        0.9246256065747381,
        7.158542300229122,
        5.942271178355221,
        3.56572291439505,
        0.2410450327076343,
        4.226732738748857,
        4.831323562988424,
        7.014781836552429,
        2.7588106980287423,
        0.6515795689538496,
        3.2253384766406596,
        4.775237822279061,
        2.7022163446225784,
        5.819418347700846,
        2.1246425878311475,
        5.619943324168933,
        1.8372449578291228,
        2.6826992993412797,
        3.5767835302843505,
        5.127251524297144,
        1.556209154004885,
        5.730795882223364,
        2.900680445017025,
        5.099868927358403,
        5.4761227667589045,
        2.725862316998745,
        0.22034366525358368,
        5.312898338271128,
        0.6473349685563091,
        0.41401833561362805,
        1.0483792074537461
      ],
      [
        0.4039486291681984,
        2.830613954944429,
        3.4560883195217236,
        1.3961570639167098,
        3.7529984079322807,
        5.431939176537094,
        4.834324134643992,
        3.744176924432732,
        1.6006560877949523,
        4.905622341278335,
        3.3827693005153527,
        2.0819641033264915,
        2.672730004323229,
        2.93169731946154,
        0.7033569311360323,
        4.123596620375198,
        0.6941202464313873,
        2.358144832610266,
        5.789533201067378,
        3.6562410868065447,
        4.694934037479478,
        6.029235505249534,
        6.0626161131693594,
        1.8384467714133685,
        3.174012521211721,
        5.26364925542104,
        0.02650544376379764,
        2.8720058556383123,
        0.3261084387995161,
        3.040430887758331,
        4.763565680105664,
        1.6411203337824487,
        5.160099614090325,
        5.953444494870736,
        5.084490507804611,
        0.6129698521892656,
        2.108905371753047,
        3.758349588387633,
        0.6599340579523166,
        4.446058290554355,
        1.8654019165065538,
        3.641050687791382,
        0.21454996382586877,
        5.353329111918016,
        1.9046606468805882,
        1.7316246108329392,
        0.988070493338332,
        2.6042286465985267,
        6.171760433663216,
        5.857008338955699,
        1.3957341191476424,
        1.5645917014557686,
        3.2650996950472027,
        0.010859500004773415,
        3.9346113170609733,
        5.663223020567327,
        5.983663470802053,
        0.7745780928434026,
        5.944310827077889,
        2.8813705765905664,
        5.580756121725608,
        1.5532711541032225,
        5.416620601533059,
        2.054693617276031,
        0.68958709528336,
        6.166382108818775,
        0.8287697454797841,
        3.7481955433553154,
        0.77216398860608,
        3.3419626900413926,
        3.3676269520702635,
        4.015930431018122
      ]
    ],
    "vqe2_time": [
      6.112221956253052,
      4.948819160461426,
      7.181596994400024
    ],
    "solution_vector": [
      0,
      0,
      0,
      0,
      1,
      1,
      1,
      1
    ],
    "solution_min_energy": -117.12748354408069,
    "solution_time": 0.021780967712402344,
    "matrix_size": 8,
    "qubo_matrix": [
      [
        -27.405120320647452,
        3.6472962881559092,
        7.2945925763118185,
        1.8236481440779546,
        1.8236412271311222,
        3.6472824542622444,
        7.294564908524489,
        1.8236412271311222
      ],
      [
        3.6472962881559092,
        -51.16294435313899,
        14.589185152623637,
        3.6472962881559092,
        3.6472824542622444,
        7.294564908524489,
        14.589129817048978,
        3.6472824542622444
      ],
      [
        7.2945925763118185,
        14.589185152623637,
        -87.73670355365435,
        7.2945925763118185,
        7.294564908524489,
        14.589129817048978,
        29.178259634097955,
        7.294564908524489
      ],
      [
        1.8236481440779546,
        3.6472962881559092,
        7.2945925763118185,
        -27.405120320647452,
        1.8236412271311222,
        3.6472824542622444,
        7.294564908524489,
        1.8236412271311222
      ],
      [
        1.8236412271311222,
        3.6472824542622444,
        7.294564908524489,
        1.8236412271311222,
        -27.40664146791931,
        3.647344578545492,
        7.294689157090984,
        1.823672289272746
      ],
      [
        3.6472824542622444,
        7.294564908524489,
        14.589129817048978,
        3.6472824542622444,
        3.647344578545492,
        -51.16593835729313,
        14.589378314181968,
        3.647344578545492
      ],
      [
        7.294564908524489,
        14.589129817048978,
        29.178259634097955,
        7.294564908524489,
        7.294689157090984,
        14.589378314181968,
        -87.74249840040429,
        7.294689157090984
      ],
      [
        1.8236412271311222,
        3.6472824542622444,
        7.294564908524489,
        1.8236412271311222,
        1.823672289272746,
        3.647344578545492,
        7.294689157090984,
        -27.40664146791931
      ]
    ],
    "ansatze": [
      "twolocal",
      "alternating_ry_rz",
      "random_circuit"
    ],
    "histories_energy": [
      [
        [
          -94.99385210555195,
          -96.16644987888824,
          -99.65743224722434,
          -98.26347352907513,
          -99.2777814726171,
          -97.48071291998109,
          -99.96202858788119,
          -102.48508657874731,
          -101.93735625698022,
          -103.57648073455607,
          -99.30031743854045,
          -96.64950850955192,
          -103.96119071377203,
          -103.83051496650127,
          -102.95886200591876,
          -99.42091582889545,
          -103.11143161929498,
          -103.7200161602291,
          -98.20191606159179,
          -100.63721309721782,
          -104.25856538149729,
          -103.27960338583341,
          -101.13752008724914,
          -102.09108045900646,
          -103.90123415673702,
          -103.73124904684545,
          -103.68445568553526,
          -103.73470003240055,
          -104.25092546336907,
          -103.13065076543279,
          -103.0214258075861,
          -103.4524233852576,
          -103.58564614985417,
          -104.95465907973367,
          -104.81332551699296,
          -104.93118982900934,
          -106.19663280076807,
          -101.1964419043563,
          -104.37176720543485,
          -102.84436496991792,
          -105.9753663891528,
          -104.36323061072746,
          -105.51037396886261,
          -104.86020185175278,
          -106.41605763655633,
          -106.07325469825861,
          -105.89105511464778,
          -102.84407463859345,
          -105.44509181056694,
          -106.06310911053791,
          -105.70521052955047,
          -105.98520337809208,
          -104.87746839741581,
          -106.21578586536315,
          -105.50123205057326,
          -105.3631808732826,
          -106.78130928966027,
          -106.70561636310012,
          -107.04847147857267,
          -106.84136159047326,
          -106.50603023891281,
          -107.63243976696278,
          -106.96158396155847,
          -106.98568299789844,
          -107.08115367326866,
          -107.6706629968927,
          -107.54889735095787,
          -106.85612090131939,
          -107.17467070798287,
          -107.18158475027158,
          -107.56228307253436,
          -106.79661643626116,
          -107.23290489871943,
          -107.38125865320976,
          -106.68505260700255,
          -107.50182130132883,
          -105.64259351181602,
          -106.83106824621267,
          -107.50166968576822,
          -107.33042155951837
        ]
      ],
      [
        [
          -98.43974456267064,
          -97.9520425370984,
          -98.76397963318483,
          -95.25791161783629,
          -99.93058848285314,
          -101.6265123794523,
          -97.61411214534844,
          -96.16087036607726,
          -100.44949813639008,
          -100.92514880650626,
          -96.42987852198526,
          -98.43921540848052,
          -95.46923809041573,
          -103.29074106571449,
          -107.61500317202398,
          -107.18907515913344,
          -105.83321450273141,
          -108.24380781486168,
          -93.0220819720897,
          -110.61703604364969,
          -109.33075420307992,
          -110.16252660676281,
          -98.27047256066085,
          -108.4131544200592,
          -110.71639057848815,
          -110.88803794980643,
          -109.68348065229095,
          -110.64346979835278,
          -110.64518088655866,
          -111.39096754416282,
          -110.67339661956619,
          -110.03389978831005,
          -110.22761210490899,
          -110.48023673307725,
          -110.9494430216971,
          -110.0329031910273,
          -109.99785318765214,
          -109.40985559751107,
          -110.28149546418001,
          -109.70051112047227,
