[
  {
    "vqe2_energy": [
      -551.210108757019,
      -573.4837856292725,
      -477.4047565460205
    ],
    "vqe2_vector": [
      [
        1,
        0,
        1,
        0,
        1,
        1,
        0,
        0,
        1,
        1,
        1,
        0
      ],
      [
        1,
        0,
        1,
        1,
        0,
        1,
        0,
        0,
        1,
        1,
        0,
        1
      ],
      [
        1,
        1,
        0,
        1,
        1,
        1,
        0,
        0,
        1,
        0,
        0,
        1
      ]
    ],
    "vqe2_min_error": [
      7.169437054077832,
      3.4182758723834805,
      19.599166272250145
    ],
    "vqe2_params": [
      [
        2.919678772630009,
        4.578139184196175,
        6.184028650383956,
        2.4659852804567,
        0.6990404665739136,
        3.227264762755758,
        1.1357277524925644,
        0.7368537729013743,
        4.2347030283354625,
        1.2401198314589896,
        7.537394903632897,
        4.359128830296042,
        0.7451147781760276,
        -0.14442045067443926,
        2.0406007604580396,
        2.5044148363987335,
        0.2155854945289091,
        0.04907129197339293,
        5.958713952076313,
        3.9704676498423077,
        0.38505874912215754,
        6.041868801552639,
        6.430299266213573,
        6.036303368991286,
        3.24974512379807,
        1.645634831475442,
        3.4523792791228094,
        5.7596229160056716,
        5.468738345324337,
        3.1909770551223757,
        3.474586208537582,
        4.5226158755331625,
        1.423786352041327,
        3.220711470073732,
        6.47567025825549,
        4.975943706475977,
        3.4200666762554635,
        7.3228603973490145,
        3.7105421752744867,
        -0.11611880228567707,
        2.912694135989408,
        2.8413224658132235,
        3.635508461150665,
        3.1394092043107866,
        1.405750719198723,
        1.530357742636467,
        3.750328826600024,
        5.220358710063414
      ],
      [
        5.141932551295904,
        2.2821771285262917,
        5.384672206090159,
        0.9060312471423358,
        0.4946111657154023,
        3.8600387645977188,
        5.599209836120445,
        2.075412135357503,
        5.916170137619416,
        2.6172910020074918,
        2.624732067110123,
        5.8974958491545415,
        3.336712743332871,
        3.5978731485168,
        2.349913382523039,
        5.9077343685455315,
        3.4657608008314993,
        3.465192935044331,
        2.650267145165652,
        1.8135607093835728,
        6.671546589030907,
        4.890868605137873,
        6.63510158649331,
        2.1356815765131376,
        2.8530485549153273,
        0.07065409227375828,
        6.871904878376489,
        3.099727952812965,
        2.8850989664291795,
        6.400066341053831,
        5.557387005657762,
        4.603501882095523,
        3.0604035803556684,
        3.3782486564353795,
        2.5942480982478977,
        6.438482091080485,
        2.337397219204303,
        2.0045465231947817,
        0.45792531982521584,
        1.7742243004295961,
        4.524104367032939,
        0.7414186164147758,
        3.643588337844966,
        6.778682486101973,
        2.4272290151380504,
        1.9059452031037023,
        0.8973347201080286,
        2.352965314765588,
        5.574107847245257,
        4.181336363394623,
        5.856507440233837,
        6.20214517323964,
        4.170628188071172,
        3.5355129926483153,
        2.338386392910874,
        1.6527726838010997,
        4.119979932180627,
        6.017311104472474,
        2.9335912557452493,
        0.7277933756647338,
        3.4403088073885324,
        2.030799892254202,
        0.3202397399541394,
        5.392672018306171,
        4.264296993905259,
        4.084234669121569,
        0.8016898792681616,
        0.1352130600344648,
        4.148557008196607,
        5.273693788706343,
        0.4485969131025879,
        5.4520952098464
      ],
      [
        5.664765959646792,
        5.001519227824045,
        4.882237777085738,
        5.991898157982765,
        5.189310991954449,
        2.1918019342020854,
        1.9200981976213154,
        4.474438269246093,
        3.630071664211728,
        3.2212980853638657,
        2.4446786909918945,
        2.001803591329089,
        1.6270311169570735,
        2.677121423992348,
        6.959730334673324,
        4.434955831025387,
        2.7287124424386358,
        2.8899136925426028,
        0.8326746703013763,
        3.7125283652576324,
        5.342525153358916,
        5.09910198940189,
        6.92546141094931,
        7.249289638330518,
        6.287036228736189,
        1.5205518067239174,
        2.3045282057904295,
        3.171699267107097,
        2.727731351638384,
        3.8213556985264683,
        1.4711356219575396,
        1.8739795211058958,
        4.419478434623745,
        2.378803528709109,
        3.955035427154436,
        3.257888902697142,
        1.342058708515386,
        1.585144294229496,
        2.440814193726934,
        2.667153865471935,
        5.490948446652076,
        2.3453526526024886,
        5.059324004468092,
        3.046366925118084,
        1.03979111407125,
        5.978358010332267,
        3.9148375399102546,
        2.2134193096606816,
        6.036981468390489,
        6.0267060144126035,
        3.374980215860454,
        2.7577579099378937,
        0.7428605184113044,
        2.2213516773397552,
        4.223870352283891,
        0.043866687639248204,
        4.580701620221567,
        0.8604936521052433,
        3.65508001589137,
        1.3511716775203237,
        1.3179605773671184,
        1.113814482353169,
        0.40220692714047307,
        2.0983196000394773,
        6.231438122026829,
        5.281981540088309,
        1.4677782650516926,
        5.354112632490507,
        3.98939067887318,
        4.374943426951163,
        2.0996838635321127,
        3.9032845833257555,
        2.3981455501070097,
        6.061104810826089,
        2.752932405646038,
        3.3812182115441365,
        2.3955831121787847,
        3.1589083940318483,
        0.2056256435519678,
        3.4123917401092645,
        5.3955351131308795,
        0.023628933338472546,
        1.9851460709656463,
        4.163011780681867,
        3.9509707645794867,
        5.617840281216907,
        3.107651776010688,
        3.775495446867437,
        0.1902699595509408,
        2.5958160358977054,
        1.9175018197786635,
        4.334636335909341,
        2.5131449453248553,
        3.401569643991425,
        5.576896270679997,
        2.487166513254917,
        1.2354609539286667,
        4.681690645813623,
        0.699926417970331,
        1.4793980444971913,
        5.067148375667897,
        2.7281808886345176,
        5.596451340808283,
        0.8807838915675337,
        3.5175412012652916,
        1.5213571807417245,
        3.2120946033242577,
        5.447298134317792
      ]
    ],
    "vqe2_time": [
      38.395493268966675,
      44.552178621292114,
      112.00388407707214
    ],
    "solution_vector": [
      0,
      1,
      0,
      1,
      0,
      0,
      0,
      0,
      1,
      1,
      1,
      1
    ],
    "solution_min_energy": -593.7808532714844,
    "solution_time": 0.02374887466430664,
    "matrix_size": 12,
    "qubo_matrix": [
      [
        -158.9918975830078,
        32.031253814697266,
        16.01563262939453,
        32.03126525878906,
        6.250001907348633,
        12.500003814697266,
        0.0,
        0.0,
        7.8125,
        15.625,
        0.0,
        0.0
      ],
      [
        32.031253814697266,
        -285.9525451660156,
        32.03126525878906,
        64.06253051757812,
        12.500003814697266,
        25.00000762939453,
        0.0,
        0.0,
        15.625,
        31.25,
        0.0,
        0.0
      ],
      [
        16.01563262939453,
        32.03126525878906,
        -158.9923553466797,
        32.03132629394531,
        6.250009059906006,
        12.500018119812012,
        0.0,
        0.0,
        7.8125,
        15.625,
        0.0,
        0.0
      ],
      [
        32.03126525878906,
        64.06253051757812,
        32.03132629394531,
        -285.953369140625,
        12.500018119812012,
        25.000036239624023,
        0.0,
        0.0,
        15.625,
        31.25,
        0.0,
        0.0
      ],
      [
        6.250001907348633,
        12.500003814697266,
        6.250009059906006,
        12.500018119812012,
        -96.49199676513672,
        32.03126907348633,
        0.0,
        0.0,
        0.0,
        0.0,
        7.8125,
        15.625
      ],
      [
        12.500003814697266,
        25.00000762939453,
        12.500018119812012,
        25.000036239624023,
        32.03126907348633,
        -160.95272827148438,
        0.0,
        0.0,
        0.0,
        0.0,
        15.625,
        31.25
      ],
      [
        0.0,
        0.0,
        0.0,
        0.0,
        0.0,
        0.0,
        6.25,
        12.5,
        0.0,
        0.0,
        0.0,
        0.0
      ],
      [
        0.0,
        0.0,
        0.0,
        0.0,
        0.0,
        0.0,
        12.5,
        25.0,
        0.0,
        0.0,
        0.0,
        0.0
      ],
      [
        7.8125,
        15.625,
        7.8125,
        15.625,
        0.0,
        0.0,
        0.0,
        0.0,
        -93.75,
        12.5,
        0.0,
        0.0
      ],
      [
        15.625,
        31.25,
        15.625,
        31.25,
        0.0,
        0.0,
        0.0,
        0.0,
        12.5,
        -175.0,
        0.0,
        0.0
      ],
      [
        0.0,
        0.0,
        0.0,
        0.0,
        7.8125,
        15.625,
        0.0,
        0.0,
        0.0,
        0.0,
        -43.75,
        12.5
      ],
      [
        0.0,
        0.0,
        0.0,
        0.0,
        15.625,
        31.25,
        0.0,
        0.0,
        0.0,
        0.0,
        12.5,
        -75.0
      ]
    ],
    "ansatze": [
      "twolocal",
      "alternating_ry_rz",
      "random_circuit"
    ],
    "histories_energy": [
      [
        [
          -459.0628193346659,
          -465.2652573659686,
          -464.9010217105018,
          -475.67939057350156,
          -495.13590465651623,
          -485.1954261578455,
          -484.36800641695663,
          -493.17121581819316,
          -491.3266255876753,
          -492.1065968153211,
          -500.25645529641054,
          -501.22290707800124,
          -490.01505829281285,
          -503.1508846833971,
          -501.28575254758204,
          -501.3440649816725,
          -498.85410402827785,
          -501.7918921099769,
          -499.90376824802826,
          -502.4539637480841,
          -499.441451710595,
          -492.40445253796054,
          -502.35144372834105,
          -499.6591672166189,
          -507.8779054503971,
          -503.724558494356,
          -503.76773662673105,
          -512.7876507112716,
          -502.71978456179295,
          -502.88861443625564,
          -515.1717198234134,
          -514.1241185877058,
          -515.7528895197975,
          -512.8894567627376,
          -508.33526902198787,
          -517.4086880376602,
          -503.1632500288221,
          -514.3328335963355,
          -522.983912463718,
          -515.892956460317,
          -516.9433955118392,
          -519.5518511962891,
          -517.3917658795251,
          -519.0300661828784,
          -518.7146552922991,
          -515.8356854438781,
          -516.0791942691802,
          -514.2358532290989,
          -516.223784046173,
          -530.0504863346948,
          -516.1683451186287,
          -531.6113290829129,
          -527.4583126788668,
          -531.4585521199969,
          -536.750656985177,
          -537.6411062399548,
          -525.1525705305736,
          -538.3733666112688,
          -538.5194259113736,
          -536.9991210100387,
          -535.052542822096,
          -538.5954207060073,
          -533.7083041678535,
          -536.8646366903517,
          -538.761764006085,
          -540.3006089549594,
          -540.0891284857855,
          -541.5188490104674,
          -539.304766081704,
          -539.5210316891141,
          -539.1263306903838,
          -537.2378132576413,
          -539.6424722692701,
          -536.7761591890123,
          -531.2166341749828,
          -537.7734815777673,
          -534.3427716816797,
          -528.7047870169747,
          -539.8424436251322,
          -539.4585734960767,
          -537.7197927824656,
          -541.5444584136538,
          -537.5211779785157,
          -542.0914803536733,
          -540.2293281131319,
          -544.2412661711376,
          -544.6573186832004,
          -544.1783201588524,
          -547.7161409685345,
          -550.1398591952852,
          -548.8438565572103,
          -547.4875658543906,
          -548.4518726995257,
          -550.0877568287319,
          -549.7777676921421,
          -548.8543839147358,
          -547.0466629452176,
          -548.6897555277081,
          -534.8294485494827,
          -547.3796930450864,
          -539.7403156736162,
          -545.0504831367069,
          -546.9655514653522,
          -548.5217057058547,
          -548.0448094187842,
          -547.7545197094811,
          -544.819084526698,
          -549.5355145517985,
          -547.8774812931485,
          -549.1049093935226,
          -541.9362428983052,
          -548.5285208914016,
          -550.0929905255636,
          -547.6891550403171,
          -542.7897536404928,
          -548.2569478289287,
          -548.2614193428886,
          -545.0295925235748,
          -548.8362942748599,
          -548.9235195827484
        ]
      ],
      [
        [
          -483.84686318291557,
          -485.3192642211915,
          -480.1418974272411,
          -466.72597607930487,
          -481.3239601834615,
          -471.122591205173,
          -477.10942708121416,
          -494.60598698298145,
          -488.86085805998897,
          -485.2225324355232,
          -492.3028133720822,
          -496.6728776200613,
          -484.581322347853,
          -494.98494652112316,
          -499.0674769793617,
          -494.98220659997736,
          -487.2873719045852,
          -509.93382829878067,
          -515.3964427598318,
          -497.52605740547176,
          -505.5344213358561,
          -522.9574371369679,
          -528.5704444313048,
          -538.1688921038309,
          -537.1948088052538,
          -538.3824768776365,
          -537.974374674691,
          -546.2234021631875,
          -549.9719215933483,
          -538.085458363427,
          -551.8219361612532,
          -545.4604464085896,
          -550.7346572526296,
          -529.1105739445156,
          -552.1403253459931,
          -529.5361596700882,
          -552.768821062512,
          -553.0144500170813,
          -550.0709726895227,
          -551.9823229143354,
          -552.3536038960351,
          -551.937386390898,
          -551.8174715858034,
          -551.7536342758602,
          -551.7492516973285,
          -552.3652676275042,
          -553.2429519430797,
          -552.4971304512025,
          -550.7606705326504,
          -551.6813916767968,
          -552.9518931463031,
          -552.9647709295484,
          -551.0828552140131,
          -551.1246296575335,
          -551.5572685962252,
          -551.8594948906368,
          -552.894990313848,
          -551.3522252400717,
          -552.0963040012783,
          -551.6464305528006,
          -549.7941721990375,
          -551.6714321570926,
          -550.7706830713483,
          -553.0703670491113,
          -551.7245199553172,
          -551.5999003103044,
          -551.6068391132357,
          -551.6668915028043,
          -552.8146512063345,
          -552.0749428187476,
          -552.854490530226,
          -552.0877645577324,
          -552.5316014999812,
          -555.3430157534282,
          -554.6881888029311,
          -552.1996850034925,
          -555.1784951708055,
          -556.2308560148875,
          -554.3565309535132,
          -548.5254405519697,
          -556.4377136421203,
          -543.2958966233995,
          -553.0550796095529,
          -539.7941429011028,
          -540.2896299701267,
          -556.5520201471116,
          -558.908551937739,
          -550.0833210468293,
          -554.5398522970412,
          -540.686595445209,
          -554.8296462260353,
          -556.8058403682709,
          -555.5840965260398,
          -548.4657690842946,
          -560.8963009834289,
          -555.6290643660228,
          -558.4563054243724,
          -545.379252243042,
          -558.9997590457069,
          -557.4561679214901,
          -557.0428660202026,
          -555.3622432359059,
          -555.8317672877841,
          -554.9310892984602,
          -559.3263884215885,
          -559.5955762661829,
          -559.4939171324835,
          -555.6570593939888,
          -556.9354883289337,
          -558.9765334712134,
          -559.5105185731251,
          -561.0808544582791,
          -558.2023951307931,
          -558.0193563185798,
          -558.0407919300927,
          -558.1018296813966,
          -560.9076924472384,
          -560.3176385868919,
          -559.71085258166,
          -561.2594955031076
        ]
      ],
      [
        [
          -399.4622105132209,
          -403.3626791010962,
          -406.2250126775106,
          -401.2188362598419,
          -403.22714723692997,
          -407.4736860646143,
          -402.4664406723447,
          -400.69585647053185,
          -412.97775320265026,
          -424.0764290237427,
          -430.1216212283241,
          -429.4639596822526,
          -438.8670248582629,
          -435.6344269911448,
          -429.04296917067643,
          -439.8322487375472,
          -432.83192853821646,
          -439.40978887769916,
          -431.0781135294173,
          -428.6345814047919,
          -429.9440035502116,
          -426.25853786998323,
          -443.14476565043134,
          -444.38679732958485,
          -457.0715895260705,
          -463.6602821826935,
          -468.62039126926,
          -462.5507095570035,
          -462.70661734686956,
          -463.3346858649784,
          -461.6410499191284,
          -465.1883460818397,
          -467.000479566786,
          -464.26955594274716,
          -462.2041475200653,
          -468.23343631320523,
          -455.69420470661595,
          -462.44759985182037,
          -462.6368630080753,
          -463.8640623940363,
          -461.38028232044644,
          -455.8974045191871,
          -464.62623293240864,
          -466.6516508992514,
          -458.9233000045352,
          -465.98490544637025,
          -465.39505655394646,
          -461.8847962262895,
          -461.4530409738753,
          -460.7660850641462,
          -467.7686690351697,
          -465.11726074960495,
          -465.4875027974446,
          -461.72350296126467,
          -461.93315798017704,
          -462.8364826732211,
          -463.15831410831873,
          -457.5715103562672,
          -462.33365500874,
          -461.8606059498256,
          -469.7969443681506,
          -465.29334581375116,
          -464.19378529972494,
          -459.6780909315745,
          -462.272609562344,
          -460.50928217993834,
          -466.7409094884661,
          -464.2660999033185,
          -461.5767894236247,
          -456.58393319977654,
          -462.6957912699382,
          -464.1589886389838,
          -465.06170389175423,
          -464.48557262632573,
          -463.29849266476106,
          -465.40045500225494,
          -458.9784765508439,
          -463.1373959456549,
          -465.0298117457496,
          -462.4237575827705,
          -464.85285929573917,
          -466.14303083949625,
          -459.08835004276693,
          -462.62649662865545,
          -465.4477900801765,
          -463.8665270604027,
          -464.40280682775716,
          -463.2885792636871,
          -463.95289729542213,
          -464.9593763340844,
          -459.0237996355692,
          -470.3857800738017,
          -457.50405622588255,
          -463.09586399714146,
          -464.6834855069054,
          -463.41887833383345,
          -465.69521811167397,
          -460.35766638331944,
          -460.9662202114527,
          -464.352048418257,
          -464.71772633976394,
          -466.81653723504814,
          -466.1730411985186,
          -463.1570215437148,
          -465.5864463138581,
          -461.3224269209966,
          -460.35689103126526,
          -458.2524925846523,
          -463.9652033996582,
          -467.6043768374125,
          -462.7422121079761,
          -465.5638971508873,
          -469.8974877315097,
          -468.6715705945757,
          -465.6300620513491,
          -460.4612689314948,
          -468.18226655854113,
          -458.06943013615086,
          -469.6083210637834,
          -469.1512790150112
        ]
      ]
    ]
  },
  {
    "vqe2_energy": [
      -110.03281554531911,
      -110.02530079807832,
      -104.88834655868013
    ],
    "vqe2_vector": [
      [
        0,
        0,
        0,
        0,
        0,
        0,
        1,
        1,
        0,
        1,
        0,
        0
      ],
      [
        1,
        0,
        1,
        0,
        0,
        0,
        0,
        0,
        1,
        0,
        0,
        1
      ],
      [
        0,
        0,
        1,
        1,
        0,
        0,
        0,
        1,
        1,
        1,
        0,
        1
      ]
    ],
    "vqe2_min_error": [
      1.5895823317807256,
      1.5963033214325129,
      6.19065828487062
    ],
    "vqe2_params": [
      [
        5.783982362408642,
        -0.04973109120251061,
        3.524062634529844,
        6.457701937601166,
        6.573767821809333,
        5.461742155400577,
        6.580815698608794,
        6.21039430595646,
        2.3905569060211045,
        2.731523113178181,
        2.2929089152398263,
        4.362261228160179,
        1.7040066089919137,
        1.4596333756152384,
        2.89484308759809,
        5.353412870856602,
        4.068690872604166,
        3.2392606947299405,
        0.0499917017581363,
        0.6383959561637025,
        2.6378471728089266,
        2.8997734935362924,
        5.683246166029283,
        2.456672671438303,
        1.0625767257561596,
        -0.012146290702276658,
        5.645097926232921,
        1.4691163716990587,
        2.8773519658328914,
        2.5739471456894654,
        6.091090016501685,
        6.7044823947892604,
        3.4447220157191385,
        3.326570116790577,
        3.2532990407443094,
        1.905814411652191,
        5.640668034088356,
        1.367388534347264,
        0.7173186276843323,
        4.660786256196215,
        2.4946575481358924,
        5.3512744069627916,
        1.515210262035511,
        5.2025149568066595,
        0.5278699327874131,
        2.0070247671251447,
        2.2389716092392358,
        0.8271828911951867
      ],
      [
        5.1533885977986325,
        3.0494851961919123,
        4.837621299168821,
        4.9627823594191405,
        1.9565082163520873,
        5.4351953343136215,
        2.298367777020966,
        6.706556213412873,
        2.599922029500204,
        3.4100105599999475,
        6.290097854808855,
        2.7353279989522967,
        4.813473985617302,
        6.170696451479449,
        6.059089188757178,
        7.243992518540884,
        1.408006781522502,
        2.2800792295736874,
        2.3797754272367917,
        2.976590880269239,
        1.9284167886554473,
        1.1472724237813925,
        2.2325485959904827,
        4.286494015303078,
        5.888051568305907,
        2.5259015771706252,
        1.2083494067524534,
        5.439655903694619,
        4.180413713538211,
        3.1236109076461682,
        0.612942744890005,
        2.839421830990885,
        3.855132985856432,
        5.328802228359014,
        3.169008380045045,
        4.493758808515641,
        5.303902709197216,
        4.231959593500601,
        1.052228064442397,
        1.0726193678776885,
        0.872074329365487,
        3.3483835516089613,
        5.80118149375179,
        4.60511648057605,
        2.089974073062384,
        2.570255921662939,
        2.707581452337061,
        4.2663049238438795,
        2.751280002687412,
        2.925718663628865,
        0.934966245629845,
        2.9587047407870464,
        4.005561831368432,
        3.9150691553042702,
        0.4432120981401339,
        0.5211405124367219,
        1.877567631689211,
        3.411948754671626,
        0.6226590512286175,
        2.20402197451355,
        0.6310226577760774,
        2.3024376454254813,
        1.311609560816801,
        4.37441830236483,
        3.995874110521759,
        0.6097869583716592,
        3.933232776228631,
        4.994869261278738,
        1.2392017725559827,
        3.2333924769304567,
        1.899769644473534,
        4.756068145611475
      ],
      [
        3.9250661820711645,
        4.83936378073609,
        3.5600139793910186,
        4.920912666570689,
        5.6201005451898265,
        5.804229875291742,
        5.883458101620338,
        3.4947640243305162,
        1.0155998642720716,
        3.998030790645777,
        1.9008440019096784,
        1.9038929791714585,
        1.038542328287805,
        4.578028492412067,
        0.5008787268989287,
        0.9091149293311098,
        5.918372530994514,
        3.8168659088267725,
        2.816566323618597,
        4.499401532676182,
        1.3136372842014858,
        4.431118690506596,
        1.5794229191357505,
        5.209387220204647,
        2.0348529596427034,
        3.1429899012809313,
        5.127466571517403,
        0.5449292732167447,
        1.5693107336435288,
        0.9983684523177911,
        2.6539602179490855,
        0.9903559841103677,
        2.959705139168409,
        5.0985169628821385,
        4.292184250197621,
        2.3424126071772022,
        4.078979244761947,
        5.744788651291362,
        5.767253260962689,
        4.665819186656309,
        4.56757425869464,
        3.1833249983592715,
        5.620260154880326,
        1.234616002589248,
        5.012888226243986,
        3.029567338692693,
        4.984111109693553,
        1.3923889480123626,
        3.7970368484442454,
        2.433978947141693,
        3.6200311897777744,
        0.6714255151654713,
        5.878864367235029,
        4.141577774896726,
        2.127751097609199,
        5.3477117145357385,
        2.8775085620385545,
        4.1965067234983024,
        2.4216660938104027,
        1.0781506001094268,
        5.829206285714636,
        5.202792474285373,
        0.5308406299773752,
        4.4414747672222195,
        3.3719522911592863,
        5.345421924321777,
        0.7786784310663377,
        1.565063125685441,
        5.340033981491335,
        4.479197056327864,
        5.29785342087137,
        3.7381288404220054,
        5.056597599840371,
        4.621836748033761,
        3.760099056691555,
        2.6987437667909258,
        0.9858825843150071,
        3.8970041818943773,
        5.195544848722559,
        1.2967137521696883,
        1.6150570494577023,
        2.584087436833284,
        4.523844898727867,
        0.3953931849046097,
        3.9850817641726635,
        5.71775805245157,
        5.171678966089775,
        1.5276788777107042,
        0.8184988691258929,
        3.866825019829462,
        5.630699244903302,
        5.976604692104009,
        6.257203247275127,
        3.5501068932770417,
        4.059107571359965,
        5.392536136245244,
        4.662180163987609,
        4.2399949012874885,
        1.8271448369472412,
        1.2892833001018211,
        3.937190528607771,
        1.5849446985640656,
        5.365468607900672,
        3.8902342160272503,
        2.24455409497813,
        5.634404187489497,
        3.5916416392724293,
        1.7741889296945872
      ]
    ],
    "vqe2_time": [
      41.09521007537842,
      50.19979286193848,
      116.04618287086487
    ],
    "solution_vector": [
      1,
      0,
      0,
      0,
      0,
      1,
      1,
      1,
      0,
      0,
      0,
      0
    ],
    "solution_min_energy": -111.81012961075277,
    "solution_time": 0.02155160903930664,
    "matrix_size": 12,
    "qubo_matrix": [
      [
        -26.176366496970083,
        3.486116724481829,
        6.972233448963658,
        1.7430583622409146,
        1.7430580902709005,
        3.486116180541801,
        6.972232361083602,
        1.7430580902709005,
        1.7430563083232598,
        3.4861126166465195,
        6.972225233293039,
        1.7430563083232598
      ],
      [
        3.486116724481829,
        -48.86661626945834,
        13.944466897927317,
        3.486116724481829,
        3.486116180541801,
        6.972232361083602,
        13.944464722167204,
        3.486116180541801,
        3.4861126166465195,
        6.972225233293039,
        13.944450466586078,
        3.4861126166465195
      ],
      [
        6.972233448963658,
        13.944466897927317,
        -83.78876564098937,
        6.972233448963658,
        6.972232361083602,
        13.944464722167204,
        27.88892944433441,
        6.972232361083602,
        6.972225233293039,
        13.944450466586078,
        27.888900933172156,
        6.972225233293039
      ],
      [
        1.7430583622409146,
        3.486116724481829,
        6.972233448963658,
        -26.176366496970083,
        1.7430580902709005,
        3.486116180541801,
        6.972232361083602,
        1.7430580902709005,
        1.7430563083232598,
        3.4861126166465195,
        6.972225233293039,
        1.7430563083232598
      ],
      [
        1.7430580902709005,
        3.486116180541801,
        6.972232361083602,
        1.7430580902709005,
        -26.177904545878295,
        3.486131211598704,
        6.972262423197408,
        1.743065605799352,
        1.7430578396298362,
        3.4861156792596724,
        6.972231358519345,
        1.7430578396298362
      ],
      [
        3.486116180541801,
        6.972232361083602,
        13.944464722167204,
        3.486116180541801,
        3.486131211598704,
        -48.86967788015789,
        13.944524846394817,
        3.486131211598704,
        3.4861156792596724,
        6.972231358519345,
        13.94446271703869,
        3.4861156792596724
      ],
      [
        6.972232361083602,
        13.944464722167204,
        27.88892944433441,
        6.972232361083602,
        6.972262423197408,
        13.944524846394817,
        -83.79483091392095,
        6.972262423197408,
        6.972231358519345,
        13.94446271703869,
        27.88892543407738,
        6.972231358519345
      ],
      [
        1.7430580902709005,
        3.486116180541801,
        6.972232361083602,
        1.7430580902709005,
        1.743065605799352,
        3.486131211598704,
        6.972262423197408,
        -26.177904545878295,
        1.7430578396298362,
        3.4861156792596724,
        6.972231358519345,
        1.7430578396298362
      ],
      [
        1.7430563083232598,
        3.4861126166465195,
        6.972225233293039,
        1.7430563083232598,
        1.7430578396298362,
        3.4861156792596724,
        6.972231358519345,
        1.7430578396298362,
        -26.175937202702578,
        3.4861126808937524,
        6.972225361787505,
        1.7430563404468762
      ],
      [
        3.4861126166465195,
        6.972225233293039,
        13.944450466586078,
        3.4861126166465195,
        3.4861156792596724,
        6.972231358519345,
        13.94446271703869,
        3.4861156792596724,
        3.4861126808937524,
        -48.8657617245114,
        13.94445072357501,
        3.4861126808937524
      ],
      [
        6.972225233293039,
        13.944450466586078,
        27.888900933172156,
        6.972225233293039,
        6.972231358519345,
        13.94446271703869,
        27.88892543407738,
        6.972231358519345,
        6.972225361787505,
        13.94445072357501,
        -83.7870727254478,
        6.972225361787505
      ],
      [
        1.7430563083232598,
        3.4861126166465195,
        6.972225233293039,
        1.7430563083232598,
        1.7430578396298362,
        3.4861156792596724,
        6.972231358519345,
        1.7430578396298362,
        1.7430563404468762,
        3.4861126808937524,
        6.972225361787505,
        -26.175937202702578
      ]
    ],
    "ansatze": [
      "twolocal",
      "alternating_ry_rz",
      "random_circuit"
    ],
    "histories_energy": [
      [
        [
          -23.39777983280955,
          -23.399751021260375,
          2.673492121973572,
          -23.542294120765042,
          -27.085843756787618,
          -27.961981120483472,
          -21.566551288430755,
          -37.61037946566761,
          -44.235628622335405,
          -53.773193716931,
          -49.98428587671768,
          -53.90819014098919,
          -62.091410602562185,
          -65.93889268914447,
          -46.922010770777554,
          -62.56877640936123,
          -66.54352174916806,
          -60.376578329754715,
          -66.41982905658078,
          -60.98933573398273,
          -61.449141681880015,
          -64.53532104806214,
          -63.999692692900766,
          -64.99983915441913,
          -61.55405590514433,
          -56.33176951347619,
          -48.184838061736244,
          -53.67460101589593,
          -54.79650454146429,
          -60.819488271327664,
          -56.11602836238065,
          -65.27389412927225,
          -59.74581523455886,
          -67.86488626656826,
          -43.66298380351739,
          -69.65601883055811,
          -74.08236072105365,
          -68.57685354416964,
          -72.18285932975807,
          -73.18135331785983,
          -67.18860671506715,
          -71.95025886375325,
          -69.48958876369545,
          -66.58704454901034,
          -72.18444581564738,
          -72.59655374539783,
          -68.88315682286927,
          -71.26342351374981,
          -68.06511500022663,
          -94.81694203965552,
          -87.57488481732793,
          -93.0776978394482,
          -91.50644253540592,
          -94.66560776351372,
          -91.57937755848825,
          -91.14640433924022,
          -94.66127538784994,
          -94.3530744083724,
          -92.9033627431833,
          -95.37092621343186,
          -90.44747810835926,
          -95.07670841821461,
          -95.39332033811314,
          -95.22148694191102,
          -94.45634461313657,
          -96.42578067108843,
          -99.80574521731008,
          -98.43091001592003,
          -103.13326330085101,
          -102.11739647695194,
          -97.0750944255646,
          -102.69753833230885,
          -103.55639092772499,
          -104.23931939800603,
          -102.28586401122014,
          -104.01531529051059,
          -102.77967885390868,
          -103.75118597918762,
          -103.5371108351944,
          -103.01913733425225,
          -102.66000170770019,
          -103.71688528401248,
          -102.68259451357756,
          -103.25655794253449,
          -103.44325186796009,
          -103.79121649383336,
          -102.97321736938001,
          -103.29897811749998,
          -102.76486084888504,
          -104.31539938736887,
          -103.7837117353109,
          -103.79941689681009,
          -103.65294499962192,
          -103.96352327333086,
          -102.9762661428732,
          -103.65002511192627,
          -103.37123995483313,
          -103.14466360455103,
          -98.40570891224456,
          -103.28864516180722,
          -101.00457944509874,
          -102.4831280725302,
          -101.71827746385219,
          -104.68132786451257,
          -104.32889350267018,
          -102.9821655180182,
          -101.7159120575288,
          -103.35380283640754,
          -100.98730259947942,
          -102.94092639511071,
          -97.02437770222217,
          -102.56393246114199,
          -100.8231208920878,
          -103.88129874374752,
          -102.88623746321188,
          -102.97462382717,
          -104.28450889454034,
          -103.42744453436151,
          -105.059685237085,
          -104.39357492594243
        ]
      ],
      [
        [
          -42.56299660037075,
          -35.98997598161555,
          -53.78508947097846,
          -58.141615613801335,
          -65.61744290577754,
          -70.44611462211378,
          -73.58892860815476,
          -73.12291206807916,
          -75.63605771030136,
          -72.16162585375396,
          -71.18600483234711,
          -76.06242857535193,
          -77.92239668140255,
          -72.88443261529038,
          -51.91621606767081,
          -79.77238634138122,
          -82.45975036593427,
          -83.61743776206922,
          -95.46858089849286,
          -88.19644181178654,
          -94.15431931437477,
          -92.50505035156813,
          -93.3844460543631,
          -96.14171488891543,
          -95.13188285787052,
          -96.93860980305249,
          -95.8554875482404,
          -98.08118266744572,
          -97.1994192568222,
          -96.31202047429542,
          -93.40770232040262,
          -96.59471362423278,
          -96.19105991060849,
          -96.40497188610556,
          -93.99003497853965,
          -94.73699833720964,
          -96.17277341329569,
          -97.45433310575548,
          -96.45999922854801,
          -97.18646670009994,
          -96.85451751319656,
          -95.84047287385928,
          -97.20542016864921,
          -96.76082022634108,
          -96.35182237322633,
          -96.19035235879763,
          -96.7485525435593,
          -97.12987213434245,
          -96.80020050390553,
          -96.85437781653992,
          -97.86936804868179,
          -96.24821912952558,
          -96.54843592921236,
          -96.65603396151458,
          -97.29138533833252,
          -96.13323861974068,
          -96.36131560359782,
          -98.28624352492645,
          -94.80266833824003,
          -97.56848481170574,
          -96.5518579143782,
          -95.98521980000305,
          -96.43453733404715,
          -97.5416434461311,
          -94.71352481790316,
          -96.25776698037103,
          -94.51444003647224,
          -96.00008592793752,
          -97.22058749874344,
          -97.42492317675067,
          -97.89754592483061,
          -95.74807698475409,
          -96.94270722020055,
          -96.1646427384324,
          -96.47576677931717,
          -92.40159498315103,
          -97.73790958196219,
          -95.69115422673349,
          -96.68074825493443,
          -95.96311113262394,
          -95.77296903434623,
          -99.38190865369305,
          -101.00233819652156,
          -100.0817017709232,
          -100.08718839622694,
          -100.38492604390434,
          -100.24563897629328,
          -100.2740083230883,
          -100.52045309957835,
          -100.18599064881013,
          -99.55045427186914,
          -93.28472751177128,
          -100.59099402679752,
          -98.91975586067652,
          -99.06088007476,
          -95.04698478795646,
          -99.98364547067949,
          -99.81019439570012,
          -100.1791371034503,
          -98.23339315978511,
          -97.8271860143572,
          -100.82199322385453,
          -99.04322203710332,
          -98.97737640714794,
          -100.59506789612057,
          -100.16180913001892,
          -100.76370172257262,
          -99.28722539517936,
          -99.96865014107092,
          -99.97856255793602,
          -100.73355681148468,
          -101.05581823989789,
          -100.01298101356542,
          -100.43355568330301,
          -99.67526058522314,
