[
  {
    "vqe2_energy": [
      -27.214138194291365,
      -21.751409261398294,
      -29.06830514302083
    ],
    "vqe2_vector": [
      [
        0,
        1,
        0,
        0,
        0,
        0,
        0,
        0,
        0,
        0,
        0,
        1
      ],
      [
        0,
        0,
        0,
        0,
        0,
        0,
        1,
        0,
        0,
        1,
        0,
        0
      ],
      [
        0,
        0,
        0,
        1,
        0,
        0,
        0,
        1,
        0,
        0,
        0,
        1
      ]
    ],
    "vqe2_min_error": [
      6.379297821227004,
      25.171901682444574,
      0.0006864370480696991
    ],
    "vqe2_params": [
      [
        5.46820426048981,
        1.5998716607505123,
        5.943738519681292,
        0.8536171099041029,
        3.49459187464001,
        3.6363801697447116,
        -0.17497035401500674,
        0.6680569387688747,
        -0.0527809282299085,
        5.658325981054183,
        0.863920476032669,
        4.165432117584259,
        3.977422715521922,
        5.243675339002636,
        -0.33794621352216647,
        6.1721865273632135,
        4.508792784536832,
        6.149375058008308,
        2.8548682690446507,
        3.0366283832874155,
        1.4719930319424317,
        2.5489806694047705,
        3.8012073413795737,
        6.002954807392211,
        3.376727886583439,
        4.418021786445207,
        0.292067498547033,
        0.9360572324831312,
        3.3225234046436913,
        3.9928647843706284,
        6.105423569285233,
        0.7607586688678134,
        -0.20789571226107773,
        5.8469713722887855,
        2.8092812687182556,
        1.7644943476539794,
        1.7466229918235279,
        5.492235620604579,
        -0.36241772007868317,
        2.3548456779550433,
        6.404920146134107,
        5.713489868007727,
        3.272114962360081,
        5.296918093593806,
        0.8295318542241511,
        1.0952891896770764,
        4.024146507513602,
        3.7584003529868317
      ],
      [
        2.694890938984816,
        1.559722380882993,
        5.585312950041999,
        3.447278895768887,
        3.4524865298358267,
        2.554131503071012,
        4.400700174821343,
        5.183877339720703,
        0.2339992738859868,
        1.8851003110013016,
        4.401291399340703,
        3.5859845634042373,
        6.778094351329765,
        1.8348385308808282,
        6.20513750288773,
        1.010424751921304,
        5.330382075307405,
        5.582196278187073,
        5.253736433802463,
        2.2299736641483707,
        2.7504500853706224,
        1.8017549788505975,
        4.464680729177452,
        3.915304151650809,
        3.958480807472932,
        1.5520120202052752,
        3.4540015330639533,
        3.317600758933029,
        4.8494098200862314,
        6.450892623833797,
        1.7233863816595045,
        3.191824756290828,
        2.414546968933771,
        3.9254323110709475,
        5.151504874142677,
        4.567974544164848,
        3.5995668846562126,
        3.0933707421068144,
        2.8135316622507247,
        6.159780540558,
        4.6859653551444715,
        0.32584312387515346,
        2.9524516676157972,
        4.91783091066706,
        0.9172342309398165,
        1.0863304460343683,
        3.5612838045177546,
        0.8912250548132682,
        3.8910355534009544,
        2.4706395005960844,
        2.6059092811429747,
        0.9989561083217822,
        0.12084978541821517,
        3.080194489064427,
        5.689065245841961,
        3.410643226654643,
        0.38102115849824025,
        4.732616670384029,
        5.464898450810341,
        2.8400573194813736,
        0.9522660071325657,
        2.3625075796210617,
        3.6800028589348766,
        5.038620470914632,
        1.1216192045645845,
        2.1049491885256066,
        2.082113220556987,
        6.100378102610144,
        4.631839695684839,
        3.0020601516097885,
        1.116947769166925,
        5.202784946655602
      ],
      [
        3.2774367253815133,
        6.215520345438024,
        2.047284171807992,
        0.5446728330619692,
        5.078215179456749,
        0.42271785991671,
        5.2966856176507,
        2.048681185288184,
        6.164677844293192,
        0.17654808003594852,
        6.016953723886076,
        3.8716983498031383,
        0.4520076482965793,
        2.408867606929986,
        6.18149633658649,
        2.207123840946629,
        5.386796013536323,
        5.281717864577509,
        1.5050515317382829,
        5.802848299840116,
        3.840153893716011,
        5.574537407023498,
        5.954384778274161,
        2.192553549000439,
        0.8846795615810579,
        3.3797553533057703,
        5.636614364732204,
        2.825312129002397,
        1.5657622382731704,
        0.3176570251799488,
        3.3139075109641936,
        4.465555310983835,
        1.8395413610791758,
        6.144685837883119,
        0.4324740495383644,
        0.25519900793547157,
        5.762979386452131,
        0.7716968635515193,
        5.942484653579818,
        0.9500215439976449,
        4.245992121059522,
        2.9926123989918674,
        5.902930144394143,
        5.074758893307014,
        1.1492833271050613,
        4.071147058278746,
        2.4502578611771364,
        4.720853991500061,
        0.46435780861067094,
        4.832873815344352,
        2.316261377087459,
        4.606659722848878,
        2.271433476525177,
        4.086996817873178,
        5.23531834582126,
        2.021707751507684,
        4.695440540220332,
        3.773076669459053,
        5.495634873904438,
        5.620784908772491,
        5.369162544425273,
        2.2744565057205763,
        4.341973383035494,
        1.5954951792968581,
        5.993194103469799,
        1.0016569320855297,
        0.26285770386370816,
        0.2160347606884732,
        6.143918784906823,
        2.104454359856291,
        2.4533127766738567,
        0.5658049798500844,
        2.6961883490015293,
        3.4005853708013096,
        2.8741317098775725,
        1.208525345878463,
        4.550115382558695,
        5.470691379806953,
        6.262272469269061,
        6.087000056832604,
        6.13822923793603,
        3.480545104779106,
        1.0635568665448651,
        4.993839425345797,
        3.424396446178052,
        4.004266952486084,
        4.275407640608143,
        3.896417339279994,
        1.6229235738262553,
        4.790231688945686,
        0.6071886715584407,
        0.29532737815630744,
        2.192355893406986,
        0.13940785341086462,
        0.7877461124362849,
        2.5260434484418566,
        5.295690924971663,
        3.429651792972643,
        1.067115998438402,
        1.897337628539933,
        0.0121700352732427,
        3.3702911660373682,
        1.9360930377262708,
        1.2838705079412274,
        4.36031244945142,
        1.9800646233794128,
        1.1887986962013195,
        0.11201429145685587
      ]
    ],
    "vqe2_time": [
      39.437248945236206,
      72.32239985466003,
      120.77624320983887
    ],
    "solution_vector": [
      0,
      0,
      0,
      0,
      0,
      0,
      0,
      1,
      0,
      1,
      0,
      1
    ],
    "solution_min_energy": -29.068504680006274,
    "solution_time": 0.02328038215637207,
    "matrix_size": 12,
    "qubo_matrix": [
      [
        -12.679969165562209,
        3.6086369418346447,
        1.8043184709173223,
        1.8042908031299927,
        3.6085816062599854,
        1.8042908031299927,
        1.8042853689208918,
        3.6085707378417835,
        1.8042853689208918,
        1.8042893599592165,
        3.608578719918433,
        1.8042893599592165
      ],
      [
        3.6086369418346447,
        -21.751301389289775,
        3.6086369418346447,
        3.6085816062599854,
        7.217163212519971,
        3.6085816062599854,
        3.6085707378417835,
        7.217141475683567,
        3.6085707378417835,
        3.608578719918433,
        7.217157439836866,
        3.608578719918433
      ],
      [
        1.8043184709173223,
        3.6086369418346447,
        -12.679969165562209,
        1.8042908031299927,
        3.6085816062599854,
        1.8042908031299927,
        1.8042853689208918,
        3.6085707378417835,
        1.8042853689208918,
        1.8042893599592165,
        3.608578719918433,
        1.8042893599592165
      ],
      [
        1.8042908031299927,
        3.6085816062599854,
        1.8042908031299927,
        -12.67988803770771,
        3.608830103392976,
        1.804415051696488,
        1.804310033385999,
        3.608620066771998,
        1.804310033385999,
        1.8042920058870304,
        3.608584011774061,
        1.8042920058870304
      ],
      [
        3.6085816062599854,
        7.217163212519971,
        3.6085816062599854,
        3.608830103392976,
        -21.750945972022443,
        3.608830103392976,
        3.608620066771998,
        7.217240133543996,
        3.608620066771998,
        3.608584011774061,
        7.217168023548122,
        3.608584011774061
      ],
      [
        1.8042908031299927,
        3.6085816062599854,
        1.8042908031299927,
        1.804415051696488,
        3.608830103392976,
        -12.67988803770771,
        1.804310033385999,
        3.608620066771998,
        1.804310033385999,
        1.8042920058870304,
        3.608584011774061,
        1.8042920058870304
      ],
      [
        1.8042853689208918,
        3.6085707378417835,
        1.8042853689208918,
        1.804310033385999,
        3.608620066771998,
        1.804310033385999,
        -12.679991809655442,
        3.6085830273269517,
        1.8042915136634758,
        1.8042883965478036,
        3.608576793095607,
        1.8042883965478036
      ],
      [
        3.6085707378417835,
        7.217141475683567,
        3.6085707378417835,
        3.608620066771998,
        7.217240133543996,
        3.608620066771998,
        3.6085830273269517,
        -21.75140059198393,
        3.6085830273269517,
        3.608576793095607,
        7.217153586191214,
        3.608576793095607
      ],
      [
        1.8042853689208918,
        3.6085707378417835,
        1.8042853689208918,
        1.804310033385999,
        3.608620066771998,
        1.804310033385999,
        1.8042915136634758,
        3.6085830273269517,
        -12.679991809655442,
        1.8042883965478036,
        3.608576793095607,
        1.8042883965478036
      ],
      [
        1.8042893599592165,
        3.608578719918433,
        1.8042893599592165,
        1.8042920058870304,
        3.608584011774061,
        1.8042920058870304,
        1.8042883965478036,
        3.608576793095607,
        1.8042883965478036,
        -12.67999424483846,
        3.6085772292721474,
        1.8042886146360737
      ],
      [
        3.608578719918433,
        7.217157439836866,
        3.608578719918433,
        3.608584011774061,
        7.217168023548122,
        3.608584011774061,
        3.608576793095607,
        7.217153586191214,
        3.608576793095607,
        3.6085772292721474,
        -21.751411260404772,
        3.6085772292721474
      ],
      [
        1.8042893599592165,
        3.608578719918433,
        1.8042893599592165,
        1.8042920058870304,
        3.608584011774061,
        1.8042920058870304,
        1.8042883965478036,
        3.608576793095607,
        1.8042883965478036,
        1.8042886146360737,
        3.6085772292721474,
        -12.67999424483846
      ]
    ],
    "ansatze": [
      "twolocal",
      "alternating_ry_rz",
      "random_circuit"
    ],
    "histories_energy": [
      [
        [
          2.157203978982732,
          3.9016900602441886,
          -0.3103195352878316,
          -2.620485830137376,
          0.6288852888356953,
          -5.722267486234665,
          0.788662732014842,
          12.346177229164146,
          -3.077989344098331,
          -0.12084954778178414,
          -5.615511622918834,
          -11.320823302601493,
          -9.32529347891019,
          -11.189414976889568,
          -12.548754641086404,
          -12.107874244700055,
          -13.30261846233103,
          -11.908694147022985,
          -12.714217246013524,
          -12.915516430209149,
          -12.35912631747507,
          -14.50932377037003,
          -13.01765310282691,
          -12.574798005850447,
          -15.532518412761025,
          -15.41658390019564,
          -13.228872214207218,
          -13.874168210677194,
          -12.515654771695525,
          -19.510271796371818,
          -17.714055230347547,
          -18.276722103812705,
          -15.184384160630856,
          -16.288832740254392,
          -17.599184195322003,
          -18.425793941466637,
          -18.427815295370465,
          -18.690676033652032,
          -19.076817692350605,
          -19.087992469936093,
          -18.730688740638996,
          -18.011483164092116,
          -19.783621957721103,
          -18.186873062469527,
          -19.30435655121118,
          -17.588729649627368,
          -18.19302536874687,
          -18.68025454470485,
          -18.91067983834833,
          -24.33440467596249,
          -24.00796837991237,
          -24.401333795751178,
          -23.63614394918473,
          -24.634777860952497,
          -23.053987786327156,
          -24.38196984594968,
          -24.0925148981926,
          -24.334517581351456,
          -24.53732125151923,
          -24.248802215570347,
          -25.580787993943993,
          -25.4133886958343,
          -25.513776594726124,
          -25.650354056760065,
          -25.033344478576428,
          -25.690561445630383,
          -25.320173975281847,
          -25.194631980683262,
          -25.601391346010807,
          -25.555188717132168,
          -25.86750249980221,
          -25.417147080964305,
          -25.66018848633026,
          -25.672649384674333,
          -26.02653519722218,
          -25.745960993769977,
          -24.94527608278822,
          -25.4943261247233,
          -23.501560271825582,
          -26.13307246182807,
          -25.925367639525707,
          -26.12839614006368,
          -25.426193492511047,
          -26.093940397485063,
          -26.285256726803,
          -25.944043147812113,
          -24.729213853313944,
          -26.13177732401274,
          -25.99204680139514,
          -26.696633550067595,
          -26.10358994840002,
          -26.085201171016706,
          -26.32271060205584,
          -26.387725765735983,
          -26.21452105712659,
          -26.26554208758676,
          -26.30373843499209,
          -26.44659701620858,
          -26.0934878142643,
          -25.779886179368976,
          -24.67451236895438,
          -26.28557391765501,
          -25.761310001701837,
          -24.903901891355904,
          -26.536858811419343,
          -26.366228749565355,
          -26.027717045203975,
          -26.418890984587364,
          -24.704116321229193,
          -26.031232264357826,
          -25.733827261313508,
          -26.094383061396268,
          -25.862524094522627,
          -26.333919566388953,
          -26.07711072698079,
          -26.407660103806844,
          -26.0681107706608,
          -26.306465134547338,
          -26.238313006831216,
          -26.507299718391472
        ]
      ],
      [
        [
          54.75845845679986,
          47.53611243272433,
          31.81550773449257,
          34.34482859794085,
          33.85887237063474,
          14.29602039830743,
          7.760130815919788,
          9.966539806129017,
          6.653819100166132,
          7.908511108561376,
          0.15056539827878357,
          1.8284635711954547,
          -4.37157361392298,
          -5.5113889798761475,
          1.358757953986594,
          -1.8629715363548962,
          -3.848804085663959,
          -1.449382463769361,
          -7.684280448514173,
          -1.1833869688107206,
          -11.168485869149695,
          -6.73582363408368,
          -11.71706498594823,
          -18.578820535447214,
          -18.438137859025876,
          -14.812474901122933,
          -21.42710175786279,
          -21.466040093851532,
          -21.727983303521995,
          -21.357540410495726,
          -22.433835634765718,
          -22.285991832295206,
          -23.163836818295888,
          -22.437157284115287,
          -22.76927008397908,
          -22.156512292908953,
          -22.07906407399928,
          -22.357703542519417,
          -22.856703491158136,
          -22.713435598738187,
          -22.46854195045844,
          -22.894248494773535,
          -22.59111377895045,
          -22.923014205609114,
          -22.540435412244072,
          -22.87499062166674,
          -22.649084536598608,
          -22.833261990770858,
          -22.766447318596438,
          -22.400524625519086,
          -22.67389594630275,
          -22.462377974286802,
          -21.986660659951518,
          -22.748766017559397,
          -22.60259966384154,
          -23.145739839751695,
          -22.140981704413377,
          -22.634460218757134,
          -21.83356288244937,
          -22.733246293643507,
          -22.457617314953247,
          -22.591651176019948,
          -22.196868479535027,
          -22.5421822564403,
          -22.506664521847274,
          -22.231609376301996,
          -22.582568769997103,
          -22.466161338754123,
          -22.210448176191466,
          -22.5890819265136,
          -22.365855834191073,
          -22.393296242705567,
          -22.195804840001152,
          -22.615659237405833,
          -22.03323736255362,
          -22.278028189178432,
          -22.443487502254193,
          -22.454009281765355,
          -23.08097059104985,
          -23.22026637515271,
          -22.764445470076865,
          -22.280531734818133,
          -22.912843080420792,
          -22.4627897114025,
          -23.480875425724122,
          -22.883093800089963,
          -23.242397723275538,
          -23.05914418653929,
          -23.213248681464837,
          -23.81391696042451,
          -23.685519784371092,
          -24.097262205591942,
          -23.872768899333987,
          -23.50114658629514,
          -23.972403401909162,
          -20.26777893361747,
          -24.07902417753843,
          -22.063780353930472,
          -23.79447339190938,
          -23.211862336517015,
          -23.49185242786343,
          -22.602301042297718,
          -23.87246362327662,
          -24.260929587497632,
          -24.49892870759232,
          -24.447633655980813,
          -23.382474582848566,
          -23.662526450975953,
          -23.93681181955649,
          -23.92017923034605,
          -23.701407674611925,
          -22.3699823322258,
          -23.967106967391615,
          -24.246551532975936,
          -24.200233777236217,
          -23.65094245750853,
          -24.274948803164293,
          -23.80640043140251,
          -24.083828922722873,
          -24.17741758501147
        ]
      ],
      [
        [
          -3.989865001709992,
          -6.783196736531363,
          -7.0958144040242805,
          -7.248935406834893,
          -2.547440094783598,
          -7.568865446188691,
          -6.6445223826161754,
          -7.521180797131676,
          -7.093516465790129,
          -3.8246934228733696,
          -6.660217007862526,
          -6.411376980626359,
          -9.224882164236885,
          -6.927478558234206,
          -11.375892610186423,
          -11.64117321897032,
          -11.794997395524787,
          -12.770580234474114,
          -13.541511763113864,
          -12.335591095491496,
          -13.990378160896007,
          -16.147028770527363,
          -15.688124873650633,
          -14.955891251089529,
          -15.729361684743552,
          -15.532196684066122,
          -11.28132136934247,
          -14.689670993844699,
          -12.234559478488627,
          -15.12700475102166,
          -14.499162772723164,
          -14.96140841909726,
          -14.137685841235534,
          -15.633670506917182,
          -13.853974577086024,
          -9.181130635008513,
          -13.999119881225077,
          -16.046688937388048,
          -15.517325502824985,
          -14.69288105055705,
          -14.004832673729926,
          -14.744025722637362,
          -14.931602386351404,
          -15.305369134999761,
          -14.306697374050223,
          -14.803236585951167,
          -13.941492834468498,
          -14.418106950126464,
          -14.510552179161355,
          -15.208446210237678,
          -14.879269796260523,
          -14.743878398107636,
          -14.863924944798601,
          -15.290848061903617,
          -14.250946155477642,
          -14.003271029048436,
          -14.91422031869223,
          -14.770379518856839,
          -14.197891292831988,
          -14.477798406043469,
          -14.66884666064962,
          -13.936019028491227,
          -15.381636494385114,
          -14.633087180591248,
          -16.28940410837788,
          -16.106889509044336,
          -14.937918156823606,
          -14.541122258925945,
          -14.953821714569987,
          -14.967644621596598,
          -15.499297862751602,
          -14.06689819493107,
          -15.103931790314535,
          -15.153001314885241,
          -15.392485439721632,
          -15.495994159346273,
          -14.662096561581325,
          -15.781207450961572,
          -15.755279276371208,
          -14.91007865290846,
          -16.023589613545756,
          -13.776528647723152,
          -14.361143005757626,
          -14.999350571618322,
          -15.3733810667412,
          -13.883415996490012,
          -14.389294117024686,
          -14.871812706733415,
          -14.97588192789256,
          -14.883643993313553,
          -15.45068917451562,
          -16.281751940590446,
          -14.442350426477098,
          -15.060339589957419,
          -13.8123609444057,
          -15.249213456033413,
          -14.58875027626501,
          -14.37872483839355,
          -14.77972693907881,
          -13.820090643218604,
          -14.347087648669476,
          -15.044307241623343,
          -15.585360582196563,
          -14.117618735263264,
          -14.596200454766471,
          -14.222230277282357,
          -13.878569322742155,
          -15.195762506528668,
          -15.99947850424121,
          -15.644007833318813,
          -13.603023363694431,
          -14.80710246559995,
          -14.675109163025908,
          -17.88684229589217,
          -17.777697671815616,
          -14.651418052438576,
          -13.261933405297583,
          -13.185306855946981,
          -16.255856879252715,
          -13.321178963759596
        ]
      ]
    ]
  },
  {
    "vqe2_energy": [
      -27.378385056948225,
      -29.248430702252374,
      -21.882705845174023
    ],
    "vqe2_vector": [
      [
        0,
        0,
        0,
        0,
        0,
        0,
        0,
        0,
        1,
        1,
        0,
        1
      ],
      [
        0,
        0,
        0,
        1,
        1,
        0,
        1,
        0,
        0,
        0,
        0,
        0
      ],
      [
        0,
        0,
        0,
        0,
        0,
        0,
        1,
        0,
        0,
        0,
        0,
        1
      ]
    ],
    "vqe2_min_error": [
      6.395324814540082,
      0.0017769538252276895,
      25.18464589653926
    ],
    "vqe2_params": [
      [
        3.2327317609178072,
        4.9567424737937875,
        2.562222399904241,
        2.0015571121570166,
        1.8586458101996168,
        3.1254079359173255,
        7.520815456076344,
        6.6186962864308745,
        5.0345193696310915,
        3.6132598893060033,
        6.771542694104386,
        7.238285853045237,
        4.3237114206211045,
        6.285160375924309,
        5.953173055076856,
        3.944629285241116,
        0.6809783912002358,
        3.1679473024037583,
        0.7742602728047494,
        3.980342615175401,
        0.35505051957010814,
        0.4178586732573962,
        3.2227652992427798,
        3.4646749993566446,
        5.606590370867578,
        1.2738885301587957,
        6.379491893359646,
        4.878353619373073,
        3.924386092367495,
        2.849925702318154,
        6.689132478677894,
        6.003250092534775,
        5.661527976721399,
        3.632335255748095,
        6.052649291315978,
        0.4575453452977436,
        0.259039028755035,
        4.617323653674882,
        6.684636994214506,
        3.3616286114603797,
        3.584431148239885,
        1.2798685397141085,
        5.317221583300644,
        0.8479220678371537,
        3.684911676035102,
        5.348623782866339,
        6.915343432582723,
        5.041237066167929
      ],
      [
        3.177159054575115,
        4.256299023947699,
        3.491157749944444,
        3.466875653968863,
        3.275851426502659,
        1.3486366746726592,
        3.190372114780925,
        1.7948271312936075,
        4.677702476045687,
        3.6467591586064234,
        0.44474104351899174,
        5.299702599362028,
        4.580989099955863,
        5.823987259089944,
        6.077216291697823,
        2.55084422903051,
        3.720105452267254,
        3.320689522322509,
        3.8707879366341142,
        2.918812061512397,
        0.9659290161083741,
        6.06795343839736,
        1.2379883719218927,
        4.332096267421612,
        0.14280202478438925,
        3.8240683936044366,
        2.646380546523296,
        6.0738224435285995,
        -0.000522078013522189,
        6.012962340165093,
        6.008126113521313,
        2.61193796978196,
        0.7619936332949718,
        3.3112955140048976,
        2.132762534721592,
        5.5375418050538485,
        1.2682647323987686,
        5.430074889694096,
        2.5846733749129926,
        2.26129930701471,
        2.565057709500483,
        0.32356942714616305,
        4.980546106245372,
        1.84161541889423,
        0.3725002790700853,
        4.072331303227573,
        3.5982735206504786,
        1.9108389174388043,
        2.7261734158314743,
        4.363336035501045,
        3.0253284129233604,
        2.4393193223671474,
        3.874694303176742,
        2.932146952590903,
        0.1354929491315217,
        4.490534823003364,
        2.8003711760419847,
        4.895751503268973,
        5.088521765166848,
        3.1783909864295414,
        3.1630659589361723,
        4.272356057600723,
        3.1369588954486134,
        0.3384556000523788,
        4.333458750788449,
        3.176795296518358,
        2.943088022993696,
        2.5488501950825846,
        3.040394624702436,
        3.7580986110664436,
        4.4117778759726285,
        1.1917836803837112
      ],
      [
        2.3473036875430657,
        5.291765633501021,
        5.399691331344663,
        0.3401403447259645,
        0.5851405730659016,
        0.571294016919978,
        3.6941414772439893,
        3.0626353261258084,
        2.1613414078755837,
        0.8460795026741826,
        5.822705788875937,
        2.8562288240676637,
        0.8885684089665211,
        6.186150209434705,
        0.9826257177173482,
        3.4950255987607446,
        6.012824471964699,
        4.823684184721842,
        6.75854600724582,
        3.1945452299064647,
        3.566316557499711,
        3.425262198516746,
        6.060310092232393,
        3.668018227441316,
        5.772082223146592,
        1.9559099421669266,
        3.6958781013058295,
        1.9990681976744238,
        3.043786913163837,
        2.0467114926183543,
        6.037513220466176,
        2.442795781828683,
        4.041371304584908,
        3.5273023149415903,
        2.744411237963359,
        0.42897078185143644,
        4.819998248016485,
        4.248637656904433,
        1.7454635482649834,
        3.526033799726735,
        5.678131181578737,
        4.338414279586365,
        0.6025875095025722,
        4.961262554638465,
        2.748518979493629,
        5.743744579694147,
        5.962615180012201,
        5.489398926279678,
        2.003256483433198,
        0.9676739059171249,
        4.568923788842483,
        4.491530216042089,
        6.109220421427689,
        3.563362123870639,
        1.7729181533960372,
        2.1450243967301885,
        3.57072932536397,
        5.397596043673428,
        2.7826986759509347,
        5.432707329465345,
        0.9952321191056185,
        4.116007912847623,
        5.362051538845281,
        2.722529587884241,
        2.59860700006185,
        3.686482090536508,
        3.523474704178189,
        5.926963424248305,
        5.879488774257693,
        2.0296301957355576,
        1.1707189877449855,
        0.11367876767922636,
        4.523548198511004,
        1.824982501518226,
        5.136874080407766,
        5.265377470246079,
        0.36703633834903443,
        0.06737981960502949,
        0.031829131634450725,
        1.4258841563799567,
        1.1952253008891986,
        4.66056012734025,
        1.083331282161565,
        1.3947851672874538,
        6.1988058047301475,
        0.586174783756043,
        0.550566200538311,
        2.020735689961663,
        2.313672249619737,
        4.940509628954127,
        2.050982778346447,
        5.982348181276879,
        2.1322593327819246,
        6.140657702380959,
        3.0838168601317615,
        2.995889626529836,
        3.1604271988534167,
        5.483910550844286,
        5.982303368072348,
        5.469750372876249,
        5.415320038934656,
        5.1340494104975525,
        4.414797367602899,
        0.010239343214090653,
        3.797716036328546,
        0.47061892490172985,
        2.408100936927981,
        5.4700115061288495
      ]
    ],
    "vqe2_time": [
      46.346089363098145,
      51.13225173950195,
      84.39566946029663
    ],
    "solution_vector": [
      1,
      0,
      0,
      0,
      1,
      1,
      0,
      0,
      0,
      0,
      0,
      0
    ],
    "solution_min_energy": -29.248950442596104,
    "solution_time": 0.02144169807434082,
    "matrix_size": 12,
    "qubo_matrix": [
      [
        -12.756996201410479,
        3.63049450335954,
        1.81524725167977,
        1.8152195838924405,
        3.630439167784881,
        1.8152195838924405,
        1.8152141496833392,
        3.6304282993666783,
        1.8152141496833392,
        1.8152181407216643,
        3.6304362814433286,
        1.8152181407216643
      ],
      [
        3.63049450335954,
        -21.883497899461418,
        3.63049450335954,
        3.630439167784881,
        7.260878335569762,
        3.630439167784881,
        3.6304282993666783,
        7.260856598733357,
        3.6304282993666783,
        3.6304362814433286,
        7.260872562886657,
        3.6304362814433286
      ],
      [
        1.81524725167977,
        3.63049450335954,
        -12.756996201410479,
        1.8152195838924405,
        3.630439167784881,
        1.8152195838924405,
        1.8152141496833392,
        3.6304282993666783,
        1.8152141496833392,
        1.8152181407216643,
        3.6304362814433286,
        1.8152181407216643
      ],
      [
        1.8152195838924405,
        3.630439167784881,
        1.8152195838924405,
        -12.758444913097962,
        3.630687664917871,
        1.8153438324589355,
        1.8152388141484466,
        3.630477628296893,
        1.8152388141484466,
        1.815220786649478,
        3.630441573298956,
        1.815220786649478
      ],
      [
        3.630439167784881,
        7.260878335569762,
        3.630439167784881,
        3.630687664917871,
        -21.886202161278053,
        3.630687664917871,
        3.630477628296893,
        7.260955256593786,
        3.630477628296893,
        3.630441573298956,
        7.260883146597912,
        3.630441573298956
      ],
      [
        1.8152195838924405,
        3.630439167784881,
        1.8152195838924405,
        1.8153438324589355,
        3.630687664917871,
        -12.758444913097962,
        1.8152388141484466,
        3.630477628296893,
        1.8152388141484466,
        1.815220786649478,
        3.630441573298956,
        1.815220786649478
      ],
      [
        1.8152141496833392,
        3.6304282993666783,
        1.8152141496833392,
        1.8152388141484466,
        3.630477628296893,
        1.8152388141484466,
        -12.75659184260278,
        3.630440588851847,
        1.8152202944259235,
        1.8152171773102515,
        3.630434354620503,
        1.8152171773102515
      ],
      [
        3.6304282993666783,
        7.260856598733357,
        3.6304282993666783,
        3.630477628296893,
        7.260955256593786,
        3.630477628296893,
        3.630440588851847,
        -21.882743096353714,
        3.630440588851847,
        3.630434354620503,
        7.260868709241006,
        3.630434354620503
      ],
      [
        1.8152141496833392,
        3.6304282993666783,
        1.8152141496833392,
        1.8152388141484466,
        3.630477628296893,
        1.8152388141484466,
        1.8152202944259235,
        3.630440588851847,
        -12.75659184260278,
        1.8152171773102515,
        3.630434354620503,
        1.8152171773102515
      ],
      [
        1.8152181407216643,
        3.6304362814433286,
        1.8152181407216643,
        1.815220786649478,
        3.630441573298956,
        1.815220786649478,
        1.8152171773102515,
        3.630434354620503,
        1.8152171773102515,
        -12.756548357191747,
        3.6304347907970422,
        1.8152173953985211
      ],
      [
        3.6304362814433286,
        7.260872562886657,
        3.6304362814433286,
        3.630441573298956,
        7.260883146597912,
        3.630441573298956,
        3.630434354620503,
        7.260868709241006,
        3.630434354620503,
        3.6304347907970422,
        -21.88266192358645,
        3.6304347907970422
      ],
      [
        1.8152181407216643,
        3.6304362814433286,
        1.8152181407216643,
        1.815220786649478,
        3.630441573298956,
        1.815220786649478,
        1.8152171773102515,
        3.630434354620503,
        1.8152171773102515,
        1.8152173953985211,
        3.6304347907970422,
        -12.756548357191747
      ]
    ],
    "ansatze": [
      "twolocal",
      "alternating_ry_rz",
      "random_circuit"
    ],
    "histories_energy": [
      [
        [
          21.421662965835708,
          11.052935575495022,
          8.80256846635876,
          7.976081464971977,
          5.405314632961504,
          3.123572959825686,
          1.3423384018353541,
          -0.8001564364063132,
          -6.49188060671644,
          -7.725413233757991,
          -10.961805469323199,
          -11.09716992987093,
          -13.118494999806776,
          -12.662779757525888,
          -14.469587412652675,
          -12.417497231466584,
          -14.501290768878324,
          -7.506066553373753,
          -12.625806922554435,
          -13.083617694902184,
          -13.40412231950014,
          -11.309404143966793,
          -13.898037660999222,
          -15.935145576935593,
          -16.987096120656965,
          -14.823938933896894,
          -12.070007712695368,
          -17.013432386704764,
          -13.370399128473743,
          -16.264677419781744,
          -18.195974457646113,
          -19.672622747164024,
          -22.652302393261408,
          -21.83659720657721,
          -20.095276681438925,
          -20.621112829773633,
          -20.587989428167127,
          -22.184678382010627,
          -21.95396841225476,
          -21.936890119822614,
          -22.13453796533282,
          -22.24377417239519,
          -22.43345251353931,
          -22.401020963478164,
          -22.32018540410011,
          -21.64376160915252,
          -21.4975818364376,
          -21.732112944498517,
          -21.70447400538304,
          -22.633553729876418,
          -22.013889947533528,
          -22.9326692016597,
          -23.959334088625482,
          -23.971531953050352,
          -24.065159087667332,
          -22.473194011520505,
          -24.449665203724507,
          -23.429617044770506,
          -24.21325007412394,
          -23.12841040299459,
          -23.93405372268928,
          -24.073223892059154,
          -24.30713144560944,
          -23.904603282327223,
          -24.91276596570105,
          -24.150052408150017,
          -24.43567691778956,
          -24.680196103862805,
          -24.20512686671305,
          -24.700144189829434,
          -24.080936715374314,
          -24.581436093037674,
          -24.530160574114166,
          -23.75111291077185,
          -24.276945914912574,
          -24.099630302332926,
          -24.9698969333433,
          -25.15469988582482,
          -25.34122668242729,
          -23.533312006522586,
          -25.175256243283837,
          -23.612437013603834,
          -24.740469963358507,
          -25.33172230269536,
          -25.197402797081335,
          -25.70068091684242,
          -25.226781372787432,
          -25.800322635160995,
          -25.819518184013603,
          -25.840896264109105,
          -25.781179432615374,
          -25.94850218668646,
          -26.120657179765715,
          -25.66480699258717,
          -25.612545581196073,
          -25.852538329323036,
          -25.253138162404493,
          -26.04199856620753,
          -26.22913923529444,
          -25.383617985931416,
          -26.29705001485623,
          -25.691172368000565,
          -26.16213564182026,
          -26.408557849863417,
          -25.704471575718905,
          -26.267675872172745,
          -26.469687579040535,
          -26.307264771065704,
          -26.29808484221848,
          -26.129628469352877,
          -26.3391287237571,
          -25.49859024919714,
          -26.06433455432293,
          -26.16299247023483,
          -26.372751453467657,
          -23.461648794838844,
          -26.388689348429118,
          -26.15736715967515,
          -26.06594683317166,
          -25.797522302875066
        ]
      ],
      [
        [
          5.611727157135045,
          2.130268878294336,
          -2.2570087691437406,
          -5.057166351798297,
          -3.0076606971827253,
          -11.48744633522158,
          -11.962074553969464,
          -8.187327043605265,
          -9.001612428159246,
          -13.498889297350896,
          -9.759719913597518,
          -12.637951431677319,
          -13.117837751572232,
          -9.4890279616872,
          -4.368714606817081,
          -11.558690976146558,
          -15.368402607265015,
          -4.417825114984504,
          -11.91182875206018,
          -16.576671986996317,
          -16.605376136603628,
          -14.8054508050434,
          -13.306686307169812,
          -14.35049999325108,
          -20.339963153747657,
          -20.17784584268205,
          -12.907967862227014,
          -21.196599335728212,
          -21.672110861025146,
          -18.887910860247306,
          -21.95451434206679,
          -21.72863588966929,
          -20.204357817802578,
          -20.486613333551556,
          -22.210164568293703,
          -22.48072539026954,
          -23.57254210679222,
          -22.6441517524405,
          -23.17266711142883,
          -22.77489335967693,
          -22.701139896266625,
          -23.31165711037735,
          -22.86682000893937,
          -23.096087265255477,
          -22.41032804205971,
          -22.83090901449073,
          -22.90358174024759,
          -23.257562899759794,
          -22.66611768772224,
          -22.900029874544472,
          -23.04434486832807,
          -23.724207295179276,
          -23.473393993746672,
          -23.158576926313454,
          -22.747756817681037,
          -22.161345361972487,
          -23.09901051043774,
          -22.73151054702955,
