[
  {
    "vqe2_energy": [
      -137.59575084807852,
      -129.1697436606133,
      -137.59421741316325
    ],
    "vqe2_vector": [
      [
        0,
        1,
        0,
        1,
        0,
        0,
        1,
        1
      ],
      [
        0,
        1,
        1,
        1,
        1,
        1,
        0,
        0
      ],
      [
        0,
        0,
        1,
        0,
        1,
        1,
        0,
        1
      ]
    ],
    "vqe2_min_error": [
      0.0033240554284885704,
      6.126861337927025,
      0.004438467707634786
    ],
    "vqe2_params": [
      [
        2.9430767521601644,
        4.866706735637641,
        1.7926258202061092,
        4.832058756951979,
        3.321117962262751,
        2.8380583612458428,
        6.505037923464273,
        1.4186892849212946,
        5.6060411593752,
        3.4202281073881737,
        3.178995772721754,
        2.629315203474629,
        6.074998416171383,
        4.70201896174631,
        2.3020396886967633,
        6.000853078907651,
        6.382748751270787,
        1.806165823838621,
        2.763623223154553,
        4.904128066030976,
        1.3902033567551029,
        3.232900184097068,
        3.2488829631562135,
        5.336018399761353,
        2.0599860961886143,
        5.843848306563062,
        6.192549218531566,
        4.370383929766425,
        3.141921597517254,
        4.1295461401417715,
        -0.02858343629353138,
        6.924793727942378
      ],
      [
        0.6849135066591492,
        2.9447038305230433,
        4.308438122786811,
        0.361941327729198,
        3.265686729739037,
        3.6930189519985626,
        2.621923425999012,
        2.707638108881184,
        3.2932123309247667,
        2.7067651897924705,
        3.149275040085553,
        5.788543301297869,
        2.1922694712458717,
        6.297509941606581,
        0.3878314684688281,
        0.6333113598417434,
        3.38652225962872,
        0.2531757105404352,
        2.436154588153398,
        3.26322981467612,
        5.276132735172553,
        1.388556702088823,
        0.019925242811144703,
        1.5018058702974304,
        4.30789733819344,
        3.9432621616487094,
        0.439092652623044,
        5.914844168862471,
        5.59426886953667,
        6.045554732780987,
        0.30608863472382847,
        4.66757730210145,
        1.5481022604262877,
        4.927514779400112,
        2.808957931745175,
        4.448092725234779,
        2.726001445579957,
        5.0338810610389135,
        3.1795805216590725,
        1.2593013847662906,
        5.822998227501482,
        3.350738428482485,
        0.35731454392678336,
        5.088680484033679,
        1.2310170050970284,
        2.263080020302943,
        6.060369113897236,
        0.8773259362290078
      ],
      [
        4.728407094510735,
        5.418621005319203,
        6.625932989027645,
        2.3516004499948195,
        6.0906680372628985,
        1.9991656285009594,
        5.634226739470933,
        1.744824610483367,
        2.1411311834104927,
        3.171923064459204,
        1.7929354567301627,
        1.537877797312925,
        1.1401943960589231,
        2.5474874363440247,
        4.6918349007586055,
        4.6020983640379445,
        3.421703225728641,
        6.138836961353761,
        4.582280538323712,
        2.088540112089385,
        5.579588243243685,
        3.0574648997120253,
        1.0597142734809695,
        5.796776125483051,
        3.10186410722725,
        4.640089815613469,
        5.275251477111067,
        5.517383186819089,
        6.518715081775018,
        4.523631177114185,
        6.706577417211386,
        4.499361187968831,
        5.446105215544771,
        5.9949262094713935,
        2.2805652720723955,
        1.6122069875895637,
        0.6666181103182918,
        2.522713529707145,
        1.4297383358874025,
        2.8674426053166564,
        4.628846848187569,
        1.64388523695678,
        1.5532655215935471,
        0.35689007371586307,
        1.7264531729946806,
        1.4571328601565399,
        0.45893773162985985,
        5.562760573726452,
        5.123403957970098,
        0.195832691986947,
        0.3904968000198204,
        5.303313673751741,
        4.610888429754864,
        5.7640908751117825,
        4.554264104524396,
        0.5759289847520214,
        4.980657274628749,
        4.571593634216284,
        5.898839947886694,
        5.861921437586893,
        1.4780086473041463,
        0.2733508814641206,
        7.106679885967385,
        0.3436402822241158,
        5.341089850829858,
        5.8144927226013845,
        5.5003026453553465,
        5.395408540708005,
        0.09821392337994564,
        5.921303232425804,
        5.227013902506465,
        0.04778261146700028
      ]
    ],
    "vqe2_time": [
      4.382763862609863,
      3.6219310760498047,
      6.761115789413452
    ],
    "solution_vector": [
      0,
      0,
      0,
      0,
      1,
      1,
      1,
      1
    ],
    "solution_min_energy": -137.6003247591433,
    "solution_time": 0.021086931228637695,
    "matrix_size": 8,
    "qubo_matrix": [
      [
        -32.185488088046576,
        4.281995179297827,
        8.563990358595653,
        2.1409975896489133,
        2.140997093542069,
        4.281994187084138,
        8.563988374168275,
        2.140997093542069
      ],
      [
        4.281995179297827,
        -60.08898099679532,
        17.127980717191306,
        4.281995179297827,
        4.281994187084138,
        8.563988374168275,
        17.12797674833655,
        4.281994187084138
      ],
      [
        8.563990358595653,
        17.127980717191306,
        -103.04998127639934,
        8.563990358595653,
        8.563988374168275,
        17.12797674833655,
        34.2559534966731,
        8.563988374168275
      ],
      [
        2.1409975896489133,
        4.281995179297827,
        8.563990358595653,
        -32.185488088046576,
        2.140997093542069,
        4.281994187084138,
        8.563988374168275,
        2.140997093542069
      ],
      [
        2.140997093542069,
        4.281994187084138,
        8.563988374168275,
        2.140997093542069,
        -32.187032173253485,
        4.281997593817307,
        8.563995187634614,
        2.1409987969086535
      ],
      [
        4.281994187084138,
        8.563988374168275,
        17.12797674833655,
        4.281994187084138,
        4.281997593817307,
        -60.09206675268967,
        17.127990375269228,
        4.281997593817307
      ],
      [
        8.563988374168275,
        17.12797674833655,
        34.2559534966731,
        8.563988374168275,
        8.563995187634614,
        17.127990375269228,
        -103.05614313011012,
        8.563995187634614
      ],
      [
        2.140997093542069,
        4.281994187084138,
        8.563988374168275,
        2.140997093542069,
        2.1409987969086535,
        4.281997593817307,
        8.563995187634614,
        -32.187032173253485
      ]
    ],
    "ansatze": [
      "twolocal",
      "alternating_ry_rz",
      "random_circuit"
    ],
    "histories_energy": [
      [
        [
          -117.30387184804277,
          -110.70509060903119,
          -115.1217209586182,
          -115.72054153121178,
          -116.37888862726797,
          -117.85949719094494,
          -117.2345469831815,
          -118.99942606395999,
          -120.73209962961535,
          -120.46147952933963,
          -119.82898498246763,
          -124.50013422899133,
          -123.29105592517,
          -124.43002323725597,
          -124.98192060077669,
          -124.81484980062108,
          -123.94026345619464,
          -123.58941246375394,
          -123.81592785922817,
          -119.3176262188604,
          -123.08796731166454,
          -124.76555112285344,
          -123.09549354530411,
          -120.5999555920071,
          -124.96838250587037,
          -124.85247269204433,
          -125.12346804994633,
          -125.2220136670223,
          -124.25087774230354,
          -124.50684308579322,
          -124.13546218374448,
          -125.00474693438295,
          -125.45419303102337,
          -127.2277479054355,
          -124.07301864614385,
          -125.48242767933513,
          -120.49861934433767,
          -124.58720622964802,
          -126.80715820116355,
          -124.83702941790479,
          -126.49879794402683,
          -124.67610782512,
          -127.32742787085115,
          -127.71099878754907,
          -126.37221974468346,
          -127.72563442657474,
          -124.76227089310134,
          -127.7168001907053,
          -128.32396847573696,
          -126.87029270481688,
          -128.44109084381256,
          -127.11843469312217,
          -129.84807796237064,
          -129.1530180122115,
          -129.87938569308457,
          -130.774130958684,
          -130.5621276528877,
          -130.97080797808255,
          -131.29357595999906,
          -130.90243076523285,
          -131.743283607235,
          -130.69630177464535,
          -131.4421449696595,
          -131.43330396790464,
          -131.4736932042233,
          -131.3238718718261,
          -132.58794259115191,
          -132.12068799884176,
          -129.81837745673073,
          -133.17642970672043,
          -131.65810111362995,
          -130.39985462333993,
          -129.18889214990844,
          -133.3280448163953,
          -131.14999636978587,
          -133.4143675039665,
          -131.2862907124046,
          -133.12186891900723,
          -131.8874565254485,
          -132.68152995764962
        ]
      ],
      [
        [
          -124.4369366031265,
          -124.03512391224629,
          -112.71500249011191,
          -119.09054804057496,
          -122.37765346623202,
          -124.19577757457549,
          -122.90971259096735,
          -125.81296780066316,
          -124.65158564651196,
          -124.46143454128192,
          -123.70116957038915,
          -123.82001643233512,
          -124.68489737326085,
          -125.17813549072417,
          -125.30484615997383,
          -122.139525775027,
          -125.18206123831864,
          -124.53501068721165,
          -119.42832117614701,
          -122.91919162108749,
          -123.88780586673849,
          -124.83917912425034,
          -124.49794016032786,
          -122.58169332229743,
          -124.52144909005408,
          -124.71710907107973,
          -125.7958103447642,
          -124.78689985515257,
          -124.93450874353424,
          -124.5117942418658,
          -124.98157793998357,
          -125.17193188032253,
          -125.73431140391632,
          -124.42175033835737,
          -124.17415383530157,
          -124.80932736776349,
          -125.0119130822293,
          -125.48497985111295,
          -124.77923537767334,
          -125.62215821569255,
          -125.29741907117644,
          -125.28025621069942,
          -123.71575953248689,
          -124.63692429394271,
          -124.56635011565346,
          -124.71446692656255,
          -125.50298169716568,
          -125.15399025512457,
          -125.24317222709365,
          -125.32237833437176,
          -121.21923766650028,
          -125.84013844242901,
          -123.31554893049322,
          -124.89022984127,
          -125.64211915292155,
          -124.95994897020188,
          -126.19479718259194,
          -126.89571202076874,
          -125.81568218239384,
          -126.88659425885102,
          -126.26763265640292,
          -126.73158759874975,
          -126.4384689102538,
          -126.73709960341817,
          -126.92778074674521,
          -127.01383319422159,
          -126.83446044855991,
          -127.16361588631287,
          -126.46327195583056,
          -126.11038188375487,
          -126.574073352852,
          -126.72075612010676,
          -126.29505861913779,
          -126.92255123647395,
          -126.79177285822821,
          -126.70343391269033,
          -126.9990595407451,
          -126.67780380224734,
          -126.62914424756723,
          -126.3503491685204
        ]
      ],
      [
        [
          -121.20268488615906,
          -118.52027816205072,
          -119.25807765968747,
          -122.0421452963025,
          -122.1335165463454,
          -119.3222212083119,
          -120.46368238628874,
          -122.55368273590162,
          -125.76611234351637,
          -126.72770284595191,
          -126.97890451466618,
          -125.52022053629463,
          -128.91638408485844,
          -129.28741940822525,
          -126.612040527228,
          -122.38147094905752,
          -127.79616828345694,
          -127.57624641716528,
          -128.21599440801225,
          -131.56057770514514,
          -132.05469938788428,
          -129.78092180013832,
          -124.56396124154551,
          -131.9094260534123,
          -131.4677358257181,
          -131.63305441069122,
          -131.72701553827252,
          -131.52878337926654,
          -131.45097420002958,
          -132.11635919172693,
          -132.09750391029434,
          -132.75370590633608,
          -131.804869803528,
          -132.26747277034153,
          -132.09048134829703,
          -131.7307541701343,
          -131.8162263919596,
          -132.27064929382786,
          -132.6708703697562,
          -131.96525653857987,
          -132.02069826753626,
          -132.05567536240852,
          -131.63921569789684,
          -131.97095294626567,
          -132.09353554760602,
          -131.60448170355468,
          -131.93393151395986,
          -131.52795836590076,
          -131.86827099247478,
          -131.77224912900584,
          -131.77719196171384,
          -131.44971198557676,
          -131.77605947089094,
          -131.95603509873825,
          -131.8282065510734,
          -132.46983057823437,
          -132.08495147924035,
          -131.6542818140868,
          -132.14532998490984,
          -132.0067025487296,
          -132.11807849869552,
          -131.5576501732094,
          -131.8750595474798,
          -132.75829311614984,
          -132.367864987416,
          -131.25752499137053,
          -131.94867067340311,
          -131.84046984766258,
          -132.21016366186447,
          -131.6609209717569,
          -131.74453519546046,
          -131.81757669973828,
          -131.94549892612986,
          -126.9793466181916,
          -128.73758591190352,
          -126.54794724889908,
          -130.98044836415903,
          -132.18308497861972,
          -128.08039597975883,
          -129.20088331973363
        ]
      ]
    ]
  },
  {
    "vqe2_energy": [
      -93.54089819541215,
      -93.54091954880718,
      -93.48092104847896
    ],
    "vqe2_vector": [
      [
        0,
        1,
        0,
        1,
        1,
        0,
        1,
        1
      ],
      [
        1,
        0,
        1,
        0,
        0,
        0,
        1,
        0
      ],
      [
        0,
        0,
        1,
        0,
        0,
        1,
        0,
        1
      ]
    ],
    "vqe2_min_error": [
      1.5269668718776441,
      1.526944392581242,
      1.590106436397798
    ],
    "vqe2_params": [
      [
        0.12271846626539971,
        5.519440149910935,
        1.5880148139493901,
        3.386498418958948,
        5.288836698687393,
        0.1716455551016994,
        1.6637866845062312,
        3.861831997591108,
        0.25694111286654553,
        7.084444179222154,
        -0.24721036553727843,
        2.8631944545289167,
        1.0814885086461723,
        6.994295114866966,
        3.1481597758658504,
        4.4668537886023785,
        3.156080770085517,
        2.725508932186528,
        1.3460562792431507,
        0.6370104650305464,
        1.5032221355133453,
        0.02513934234299159,
        1.8223674327709243,
        3.033025685075631,
        2.368107513624716,
        5.125383246486445,
        1.5279134598148483,
        1.9173294003107852,
        3.7600137160157923,
        4.139689564093149,
        0.20466454766518058,
        5.321331771660405
      ],
      [
        5.8569483387710815,
        3.366893167579516,
        0.5618738875894522,
        0.7625315339541449,
        6.3731005026988985,
        6.799721716047854,
        5.362834871491069,
        2.1983713126945195,
        4.844686628856358,
        5.748864738389082,
        5.4507379701027645,
        3.335153433698744,
        0.1521258136746083,
        5.680068424310436,
        3.1349690427105767,
        0.8933379254569167,
        0.8904449236376734,
        0.01071976454964671,
        6.824618801475069,
        2.792765969268284,
        1.3288616833177354,
        1.6234839930450868,
        3.6171865786210673,
        0.20070587228415465,
        1.2181198229661012,
        3.1148044224456535,
        2.0823059439277696,
        6.038943337043643,
        4.947720355731922,
        3.587700474483898,
        6.186504879002526,
        1.0108029321167225,
        0.7902588873161199,
        1.599691410948952,
        3.633068759031534,
        3.2460896901054794,
        5.486259386907156,
        6.32211783954668,
        -0.06895606056600635,
        3.3947334316013147,
        0.7295673243557955,
        0.5464448419078951,
        4.481705808658079,
        2.5631840295680073,
        1.4872145406082908,
        3.64989850016625,
        1.607797584531427,
        6.070945364026965
      ],
      [
        3.9128773122090936,
        1.7217735420270321,
        5.997447636753246,
        3.018257952228288,
        2.576324187222165,
        3.3668275042183895,
        3.0216382056694004,
        1.257288195123672,
        1.5223412955394569,
        5.742282875650889,
        5.406711752152022,
        6.598421020623542,
        3.4198625818762345,
        5.210046498703285,
        4.801623344360001,
        1.5778233692718544,
        1.9969896377455247,
        5.305826405770647,
        5.685732116292034,
        0.8646794241273204,
        2.0488222090802632,
        2.2057108619529227,
        3.2712360333386212,
        4.689459534186181,
        1.4907085677294944,
        5.441428933320199,
        1.7327305345055863,
        5.760110282386199,
        0.08733235700465074,
        0.9074713707546536,
        5.858286469050058,
        2.806322046179505,
        3.759086086884365,
        5.99652692175009,
        3.670748460720885,
        1.1926282273968456,
        5.832360779270267,
        5.106902170042077,
        5.940422035151977,
        3.9626359335398798,
        3.361081549492587,
        3.717688631161869,
        1.859685106366414,
        2.631978090471757,
        0.6184937766580457,
        5.335665813823042,
        3.5921106368111713,
        3.942411555561758,
        0.5598014405245411,
        1.3410119993144796,
        5.561260294129074,
        3.265590619376882,
        6.159282414605484,
        4.670843527928015,
        2.9661258790460576,
        6.151410265301818,
        3.8338770388819117,
        5.4349557768916625,
        0.6981443515691254,
        4.187923264621318,
        4.613597276509482,
        3.8526198341867715,
        5.980350927222424,
        5.201471500212665,
        2.2765849180560056,
        4.71788325128165,
        5.64088053862905,
        0.5207330046763428,
        3.7211417369353295,
        4.90581535633364,
        1.2439602920013981,
        1.157896448548919
      ]
    ],
    "vqe2_time": [
      4.734241008758545,
      5.31522798538208,
      9.078446626663208
    ],
    "solution_vector": [
      1,
      0,
      0,
      1,
      0,
      1,
      1,
      0
    ],
    "solution_min_energy": -94.99138517822128,
    "solution_time": 0.022076845169067383,
    "matrix_size": 8,
    "qubo_matrix": [
      [
        -22.237355929567265,
        2.960981852367577,
        5.921963704735154,
        1.4804909261837884,
        1.4804899339700994,
        2.960979867940199,
        5.921959735880398,
        1.4804899339700994
      ],
      [
        2.960981852367577,
        -41.51373000676695,
        11.843927409470307,
        2.960981852367577,
        2.960979867940199,
        5.921959735880398,
        11.843919471760795,
        2.960979867940199
      ],
      [
        5.921963704735154,
        11.843927409470307,
        -71.1835326040636,
        5.921963704735154,
        5.921959735880398,
        11.843919471760795,
        23.68783894352159,
        5.921959735880398
      ],
      [
        1.4804909261837884,
        2.960981852367577,
        5.921963704735154,
        -22.237355929567265,
        1.4804899339700994,
        2.960979867940199,
        5.921959735880398,
        1.4804899339700994
      ],
      [
        1.4804899339700994,
        2.960979867940199,
        5.921959735880398,
        1.4804899339700994,
        -22.23736896797245,
        2.9609866814065353,
        5.921973362813071,
        1.4804933407032677
      ],
      [
        2.960979867940199,
        5.921959735880398,
        11.843919471760795,
        2.960979867940199,
        2.9609866814065353,
        -41.51375125453837,
        11.843946725626141,
        2.9609866814065353
      ],
      [
        5.921959735880398,
        11.843919471760795,
        23.68783894352159,
        5.921959735880398,
        5.921973362813071,
        11.843946725626141,
        -71.1835557834506,
        5.921973362813071
      ],
      [
        1.4804899339700994,
        2.960979867940199,
        5.921959735880398,
        1.4804899339700994,
        1.4804933407032677,
        2.9609866814065353,
        5.921973362813071,
        -22.23736896797245
      ]
    ],
    "ansatze": [
      "twolocal",
      "alternating_ry_rz",
      "random_circuit"
    ],
    "histories_energy": [
      [
        [
          -81.5655988465827,
          -79.68421866530961,
          -81.756223857346,
          -79.06472889659443,
          -83.48570823008228,
          -82.34753215534437,
          -83.07967373444853,
          -79.76457477011421,
          -80.9086779410069,
          -82.64355120168493,
          -83.60088864932165,
          -82.2026258383454,
          -83.47364911646692,
          -81.78296511634979,
          -84.00245363067856,
          -84.88487809984473,
          -85.02317186641761,
          -83.50572632896372,
          -82.42697350084956,
          -82.31714490841263,
          -83.36529230075902,
          -85.00313833534447,
          -80.786334546139,
          -80.21653488331802,
          -85.07884593545819,
          -83.85351934951402,
          -84.00861867341192,
          -85.00923447311843,
          -84.75840772901759,
          -85.32935550148764,
          -84.76228603736882,
          -84.31709570217976,
          -84.56133047062595,
          -87.52073017232019,
          -82.24190584425986,
          -88.7862144454165,
          -88.42138988169812,
          -89.53170667452123,
          -90.2610192563435,
          -90.10652325069967,
          -88.72927377107968,
          -91.54138058003782,
          -89.67592480506946,
          -91.18709624709942,
          -91.05634902555721,
          -91.71998425882752,
          -91.74590183813697,
          -91.71295952088741,
          -90.75954055935509,
          -91.84092381834267,
          -90.55484587281262,
          -92.07737909638408,
          -90.79751167276257,
          -91.70441333920188,
          -90.68929564304534,
          -92.1353204695611,
          -91.78125723390542,
          -91.5209403837709,
          -91.86184106908512,
          -91.80713400719719,
          -91.45723983334659,
          -91.68115867506992,
          -91.6398002288315,
          -91.71346967385733,
          -91.80698928351345,
          -91.52728602140583,
          -87.77832685513332,
          -91.74520287072534,
          -90.33977013320823,
          -91.35244439570917,
          -89.69643457077464,
          -92.31579067870487,
          -91.48558292441588,
          -91.79744098670497,
          -92.2103669239915,
          -91.23733343935751,
          -91.71690498891219,
          -91.3507259418541,
          -91.52887436554596,
          -92.65629394584982
        ]
      ],
      [
        [
          -82.35475716618912,
          -81.1597243968655,
          -83.47643223895572,
          -80.89673042049986,
          -81.87037743082598,
          -82.20257591550192,
          -81.79761339494155,
          -82.03593224948135,
          -82.90599925071226,
          -82.07552156096675,
          -84.39638257803283,
          -84.91472700291455,
          -84.42380202215088,
          -84.00554528998647,
          -83.63859075192153,
          -83.93464501706136,
          -84.90761952624446,
          -83.70635157657655,
          -82.36871545716063,
          -85.06709133136867,
          -84.5605859850982,
          -84.7031570058953,
          -84.91343342201415,
          -84.14567984103681,
          -84.47453305306685,
          -84.29661347870989,
          -85.1249110437179,
          -84.411118457542,
          -84.88175134134016,
          -84.22271119439047,
          -85.35570769390365,
          -84.67974027075988,
          -84.31512032825766,
          -83.57575442262579,
          -84.43570506135246,
          -84.51020651294185,
          -84.24606346344012,
          -84.30722803087748,
          -83.42831714485739,
          -84.08573253926909,
          -83.81362085518943,
          -85.23194448091404,
          -84.49206723564313,
          -84.76902417178685,
          -85.55943254785522,
          -85.09366614950822,
          -85.29786854310115,
          -83.59116944259547,
          -85.11170591820759,
          -83.22123336649857,
          -84.55245485610294,
          -84.48762213158183,
          -81.74432890091411,
          -82.53376097027157,
          -84.98785670902785,
          -86.16988089870777,
          -85.59209093884004,
          -85.96504829537716,
          -85.35542114470863,
          -80.80025699703344,
          -85.62105235480946,
          -81.22220700779468,
          -84.2156328205085,
          -82.62850854616357,
          -86.33467544644584,
          -85.07956442734036,
          -86.04457802664558,
          -86.98499580167612,
          -86.52397503021001,
          -85.20029888552575,
          -86.58909918056077,
          -86.2718488418441,
          -85.54211508107488,
          -86.80494757575516,
          -86.67628306032752,
          -86.70897166310634,
          -86.852474741287,
          -87.17128987559222,
          -86.83585643292413,
          -87.27766724352166
        ]
      ],
      [
        [
          -75.00932045669123,
          -75.67268316784757,
          -78.87999840708707,
          -79.79408496604438,
          -78.21809889060727,
          -79.14700272577414,
          -81.02795479779971,
          -80.19080790006866,
          -80.59135627043442,
          -82.59119013912523,
          -81.5752379072461,
          -84.49028700145091,
          -84.79534388314187,
          -83.31795380070218,
          -86.14634110007408,
          -86.61265384953455,
          -86.95236393141327,
          -87.13828690958036,
          -87.17606167730543,
          -82.57381613143006,
          -86.63732455049508,
          -87.22440029851444,
          -83.54112324986666,
          -86.02180847213045,
          -87.10484326275468,
          -86.85123988666604,
          -87.35966562702814,
          -86.91117355135574,
          -87.01624141752187,
          -86.57310607018282,
          -87.29292077962347,
          -87.50561238119641,
          -86.24322930401729,
          -87.1419274008829,
          -86.93230187554595,
          -86.60371548098561,
          -86.97413860950712,
          -86.83190048330586,
          -87.20515808709008,
          -87.29762239936574,
          -87.09585535424802,
          -87.07759440585936,
          -87.281796748043,
          -87.1602988963499,
          -86.5328141761803,
          -87.32547585692575,
          -86.50612642028698,
          -86.96943575363258,
          -86.70770429021108,
          -86.77148075282629,
          -86.6891098977212,
          -87.35416395168521,
          -87.38128326083834,
          -87.62479754917901,
          -87.2087815836047,
          -86.27759514628636,
          -87.04513787169212,
          -86.78639753959568,
          -86.61488663500363,
          -86.90530342887055,
          -86.487475519157,
          -86.99566589011033,
          -87.11305033033722,
          -87.0909545479155,
          -85.97034962984758,
          -87.07799413568108,
          -87.32385228138028,
          -87.39706690930709,
          -87.34866273518459,
          -86.99086699856124,
          -86.8681799619092,
          -86.3174978791984,
          -86.85142050938634,
          -80.61237693545331,
          -86.15802685861439,
          -82.41561250439155,
          -86.29502524142819,
          -86.9405550564886,
          -84.29762788778609,
          -84.11415368672107
        ]
      ]
    ]
  },
  {
    "vqe2_energy": [
      -82.9075704338367,
      -90.38121802511489,
      -96.32166609636758
    ],
    "vqe2_vector": [
      [
        1,
        0,
        1,
        0,
        0,
        1,
        1,
        0
      ],
      [
        1,
        0,
        1,
        0,
        0,
        0,
        1,
        1
      ],
      [
        0,
        0,
        1,
        1,
        0,
        1,
        0,
        1
      ]
    ],
    "vqe2_min_error": [
      13.93311205825819,
      6.174669899252539,
      0.007852131021612863
    ],
    "vqe2_params": [
      [
        -0.06481220061206257,
        3.195626386756191,
        4.408458836736578,
        6.067325475892067,
        5.399208733325535,
        5.328923247101518,
        5.374357045925738,
        2.688640811725979,
        6.855996621238724,
        2.158551395749813,
        2.609340187370338,
        3.438257173641376,
        7.011159545843643,
        3.895455587735379,
        3.7725529190173446,
        2.3318259475004766,
        5.869513582872245,
        1.1271539354370852,
        5.429231987964965,
        6.422770562103972,
        6.543472121409288,
        1.515916060023385,
        0.20860599308740457,
        6.069532351284279,
        2.4602333592660726,
        5.5987308622378045,
        5.390558057814401,
        2.0228485586541405,
        2.144920044446934,
        5.960490544155003,
        1.0272171663284835,
        2.6615587921438926
      ],
      [
        5.898819869042817,
        2.7281730515151117,
        3.616983160762008,
        6.883465618918555,
        2.323551941315903,
        3.828268719999789,
        3.107389117884966,
        5.312879465466329,
        3.502687019341764,
        0.028219852798715812,
        1.4916825182920768,
        2.5908733255350653,
        0.8585224464826207,
        4.31663267233673,
        3.50855950004452,
        3.0563928855483256,
        6.014964466661188,
        1.3726105021771995,
        3.243106792520561,
        1.6225751385419493,
        4.172556861959832,
        4.279496705984092,
        6.198631005610538,
        5.283597457652127,
        2.786396233467384,
        0.4985133539783835,
        2.882984595837861,
        2.470359811720341,
        1.5159955718366243,
        5.149221020222472,
        5.371906059151991,
        0.31298849336582385,
        1.9235399606061645,
        2.439900768157969,
        1.6289715129506372,
        4.645077284889576,
        0.9450278983904734,
        4.324581033204641,
        3.591442511809129,
        2.260126974675079,
        3.4707492732643073,
        1.8976583711397996,
        2.2682261208242447,
        3.5703462032443745,
        2.9090065966238594,
        6.257065533680356,
        0.7783901125507803,
        0.9349661980201749
      ],
      [
        3.9769950050223866,
        3.402200679014972,
        1.546728437261305,
        5.552941559120911,
        4.22264843650857,
        0.2053279015991807,
        2.7026606419189814,
        5.020155585111178,
        5.514516696639825,
        3.1185254666353206,
        4.008306390997573,
        3.5533231152114233,
        0.8614092664992259,
        4.700736411080822,
        3.419038341188397,
        2.4157851206365786,
        4.974937990322067,
        5.298835654638031,
        2.3984916591529513,
        1.8419502926908469,
        3.6115474916197887,
        6.01892883186533,
        2.449077930637811,
        4.575192467328726,
        5.97485710613343,
        1.759535830014075,
        2.914582745700767,
        4.559293248703404,
        3.8370345937468873,
        0.013564479764069593,
        3.136212932658882,
        3.507155111207105,
        2.645559287317004,
        1.507185277247147,
        1.9747181514870846,
        3.0235125502485767,
        2.4834789773710306,
        1.1111390936488064,
        6.075889898700378,
        1.3421570427807554,
        4.2775242059635055,
        0.3038829846687358,
        0.09485709984485653,
        4.552078506569003,
        5.911190452397045,
        2.8654452822142527,
        2.1175871157626496,
        4.282540448550487,
        0.852597896654766,
        1.6201864821654421,
        0.6570524571256597,
        6.186930406612088,
        3.2750400087873754,
        5.216496221813774,
        4.67681890863195,
        5.74291803593898,
        4.9341751087196,
        4.480586959782827,
        4.01536345022011,
        4.226477396396194,
        6.119391360989779,
        5.516717963157543,
        3.1948291729897895,
        2.3972967731182666,
        4.969058290744346,
        4.823589928165729,
        1.3955786841124713,
        5.899937428502976,
        2.7289758885733337,
        1.9818369698756577,
        4.721328999233171,
        2.9593328286122134
      ]
    ],
    "vqe2_time": [
      5.552298307418823,
      5.051545858383179,
      8.733250856399536
    ],
    "solution_vector": [
      0,
      0,
      0,
      0,
      1,
      1,
      1,
      1
    ],
    "solution_min_energy": -96.3292299937188,
    "solution_time": 0.020833969116210938,
    "matrix_size": 8,
    "qubo_matrix": [
      [
        -22.547599167788686,
        3.002277541395615,
        6.00455508279123,
        1.5011387706978074,
        1.5011377784841184,
        3.002275556968237,
        6.004551113936474,
        1.5011377784841184
      ],
      [
        3.002277541395615,
        -42.09292079418176,
        12.00911016558246,
        3.002277541395615,
        3.002275556968237,
        6.004551113936474,
        12.009102227872948,
        3.002275556968237
      ],
      [
        6.00455508279123,
        12.00911016558246,
        -72.17673142278105,
        6.00455508279123,
        6.004551113936474,
        12.009102227872948,
        24.018204455745895,
        6.004551113936474
      ],
      [
        1.5011387706978074,
        3.002277541395615,
        6.00455508279123,
        -22.547599167788686,
        1.5011377784841184,
        3.002275556968237,
        6.004551113936474,
        1.5011377784841184
      ],
      [
        1.5011377784841184,
        3.002275556968237,
        6.004551113936474,
        1.5011377784841184,
        -22.549142045735856,
        3.0022823704345734,
        6.004564740869147,
        1.5011411852172867
      ],
      [
        3.002275556968237,
        6.004551113936474,
        12.009102227872948,
        3.002275556968237,
        3.0022823704345734,
        -42.09600172103713,
        12.009129481738293,
        3.0022823704345734
      ],
      [
        6.004551113936474,
        12.009102227872948,
        24.018204455745895,
        6.004551113936474,
        6.004564740869147,
        12.009129481738293,
        -72.18287396033598,
        6.004564740869147
      ],
      [
        1.5011377784841184,
        3.002275556968237,
        6.004551113936474,
        1.5011377784841184,
        1.5011411852172867,
        3.0022823704345734,
        6.004564740869147,
        -22.549142045735856
      ]
    ],
    "ansatze": [
      "twolocal",
      "alternating_ry_rz",
      "random_circuit"
    ],
    "histories_energy": [
      [
        [
          -78.9939232457237,
          -78.61750884241899,
          -74.60765389856134,
          -79.56915055182463,
          -79.12518022250912,
          -79.73639945630202,
          -81.7187058049339,
          -80.51385639372367,
          -80.37063585345967,
          -79.77184588245665,
          -81.4562928867222,
          -80.55715625898773,
          -80.98121122419059,
          -79.6595363362076,
          -80.58324244117004,
          -79.86531064592225,
          -81.23180511062307,
          -81.72147192129519,
          -80.86168138169114,
          -81.86022430055316,
          -82.33370857114566,
          -82.36884684900375,
          -82.13244282804912,
          -80.90374414434856,
          -82.79619299893392,
          -81.94115635301522,
          -82.95736291301397,
          -83.16332610538491,
          -82.40376400200914,
          -81.5510782941671,
          -82.33513916791462,
          -82.63346772429988,
          -82.46292113125988,
          -81.10275730605765,
          -82.60177997186898,
          -82.77669635757452,
          -81.87572733903212,
          -84.1157078229184,
          -84.26018161358706,
          -82.59537918751417,
          -84.18755134332868,
          -84.72227513597024,
          -83.25977451036543,
          -83.31716298509879,
          -84.45999286505943,
          -84.17288176734752,
          -82.7970228349994,
          -82.42822959885731,
          -84.18223251502214,
          -83.80078506989476,
          -84.2706840480782,
          -83.00913464834815,
          -84.17164295357387,
          -83.18320811679267,
          -84.3385686939708,
          -82.08139363879114,
          -85.15441532747113,
          -85.43140910381037,
          -84.53174321925357,
          -85.25495138217163,
          -85.10793620187897,
          -84.45060024899753,
          -84.58890104057367,
          -84.1562279578903,
          -84.71379163234982,
          -84.88477811459225,
          -84.44244465170355,
          -82.74131061045743,
          -85.58718110735498,
          -84.93163040099671,
          -85.67558438527021,
          -86.00893164180629,
          -86.28166601241215,
          -85.79145822974299,
          -86.06366292335103,
          -85.67837445246016,
          -85.2198664713334,
          -85.0775214022437,
          -85.7447732687232,
          -86.17951539068052
        ]
      ],
      [
        [
          -80.42712816027772,
          -82.06241870341228,
          -82.17585387785594,
          -81.06516312386792,
          -82.57035281488186,
          -82.1313233450685,
          -77.53095665883832,
          -81.10334324019504,
          -80.45883872694827,
          -80.51274474537567,
          -76.36200405934983,
          -83.11176319758665,
          -81.64283560964654,
          -82.82024155350697,
          -80.60219642831376,
          -80.56755466838858,
          -81.65357190341587,
          -81.85499004117548,
          -75.38037776042614,
          -82.8146777187507,
          -81.18877676651928,
          -81.55442800487899,
          -79.73858909113379,
          -81.4085502471314,
          -82.75521430213193,
          -83.71231125287173,
          -82.38012267661738,
          -80.65003745360117,
          -82.40981536757583,
          -82.41422689353108,
          -82.31210892133777,
          -81.95421844131772,
          -82.44691655630757,
          -82.1387593628292,
          -82.13121315909834,
          -82.59977980008193,
          -82.067444050685,
          -82.53793342410226,
          -82.7693052947543,
          -82.62250870078036,
          -82.13642265135582,
          -81.06197846222372,
          -82.11005242717955,
          -81.25798623063554,
