[
  {
    "vqe2_energy": [
      -296.9258575439453,
      -294.97314500808716,
      -214.8692398071289
    ],
    "vqe2_vector": [
      [
        0,
        1,
        0,
        1,
        0,
        0,
        0,
        0,
        1,
        1,
        1,
        1
      ],
      [
        0,
        0,
        1,
        1,
        1,
        0,
        0,
        0,
        1,
        1,
        1,
        1
      ],
      [
        1,
        0,
        1,
        0,
        0,
        0,
        1,
        0,
        1,
        1,
        0,
        0
      ]
    ],
    "vqe2_min_error": [
      0.0,
      0.6576431409545225,
      27.635389661094756
    ],
    "vqe2_params": [
      [
        0.9574257272655456,
        6.154474698661607,
        1.607154509666827,
        3.135043528182307,
        -0.17648678578760668,
        4.481944331743247,
        5.769123715888394,
        7.245282561565348,
        1.375750181333141,
        4.714113233263177,
        2.853843500584921,
        5.539775637944858,
        0.0894954120546211,
        1.0485312090407837,
        3.0184099112816347,
        5.513670091313694,
        2.7480525421170627,
        2.9900869023409156,
        2.537475549827302,
        -0.003066716793443447,
        3.215725992025417,
        3.377516969892095,
        4.75323743903759,
        4.709109723003343,
        2.140559927608662,
        4.1068030453460445,
        1.1763314845080208,
        5.356106801242285,
        6.156618661830251,
        5.4913652872838705,
        0.5077140514716066,
        4.520370280625484,
        2.9563450271643843,
        1.4778882347369633,
        5.913603700155919,
        -0.09140124822691165,
        6.052250847511314,
        7.02571622548548,
        5.9031273159570805,
        1.7334316477881289,
        5.885557961308153,
        1.7386470768443567,
        1.072746534675388,
        4.586890280664916,
        0.7943878518776427,
        2.478084653995314,
        5.330397853979737,
        -0.45738361963892
      ],
      [
        3.0360707648361425,
        4.245426303862899,
        3.6524805771662963,
        3.4978452055112554,
        5.924203676496457,
        3.7763587848447426,
        2.8119904905838915,
        3.1462105014849477,
        3.6089685249855368,
        6.894889536961766,
        3.2952900624988395,
        3.096457978776468,
        1.5795038518591444,
        2.7241618758263253,
        3.3609372114272382,
        1.7269726194863078,
        4.162072641724711,
        4.571127379320328,
        1.1651818869975064,
        3.084222620556366,
        2.9493860857412244,
        6.2403592157608365,
        5.998607191539908,
        6.232616568848173,
        2.5009403718683823,
        5.804102339035784,
        2.952800440106722,
        5.102733493044499,
        1.2354754806388188,
        5.235377865167806,
        3.699005242797247,
        4.429942471980648,
        2.5062947887542735,
        3.650749429650597,
        1.872451968836405,
        3.9471460455150007,
        3.9693941182418944,
        1.4170204693151878,
        5.454809286476275,
        0.05620482950554676,
        6.061377552784582,
        0.12502302347293692,
        5.475260856987531,
        3.8095502820277303,
        0.6399289113908335,
        5.357958464279344,
        5.734363742086503,
        1.0935373226624545,
        1.1884162151345987,
        5.858301814140594,
        1.6711307578305945,
        4.260834084707094,
        3.509521917259708,
        4.260464546403369,
        3.059100359602603,
        6.078875833056003,
        5.5407323608253725,
        3.4864818408713503,
        4.16374491982062,
        4.542827810930704,
        2.460957531685187,
        0.7602060271841188,
        0.5936089102244178,
        3.3306325010082793,
        2.4107632189348025,
        1.9434646822868777,
        3.350854003173735,
        -0.1228895376426897,
        4.066278315015948,
        4.271783010851735,
        6.017992734946817,
        1.5003525710096777
      ],
      [
        5.723395399000683,
        2.4374207546432043,
        1.978036342086557,
        5.164759960171267,
        6.2560032826709735,
        5.434474155020014,
        1.8234366882460415,
        4.612736079901231,
        3.070534937892767,
        4.7092445923913555,
        4.320874514093669,
        3.690479530632738,
        4.463867244140159,
        3.588777101324584,
        4.682020161439736,
        5.057795931560525,
        4.133505087671721,
        2.0541919467485195,
        3.6166033051790016,
        4.87146047362281,
        4.475441888965739,
        0.624967470164492,
        2.0627498819603103,
        5.568736998102364,
        5.012958977933659,
        1.6748663742092753,
        1.6442179296778583,
        2.230444592385106,
        0.15823015596932244,
        5.27088117573285,
        2.0190306691347195,
        4.082164018262413,
        3.931389979886608,
        0.0014612882441330877,
        5.9125048294658775,
        4.555942389208681,
        2.88977402714946,
        1.390357436293486,
        6.738613027546428,
        5.566279762563656,
        1.1785442060780653,
        2.1212954449676626,
        4.108615144478072,
        4.411991848447785,
        5.894516950520322,
        0.5193604012587725,
        4.983299217093748,
        5.903739358519559,
        6.51638130400965,
        1.1839429091859521,
        3.6783709863682317,
        5.702353022596863,
        1.0289316434470743,
        5.908585623606555,
        4.702074493631225,
        5.159308609459269,
        0.04631780919813626,
        3.6811252180559717,
        2.1843835666881124,
        3.8599882153692078,
        2.1750588113502447,
        6.059346432348756,
        0.8579344111146089,
        3.5360134467452426,
        2.2041559329814135,
        2.3639388585684347,
        0.38564378375095987,
        4.698957826544155,
        0.9328248765798268,
        3.4916264841225955,
        5.050966012590323,
        2.6880945767054016,
        3.5129791408233215,
        6.008179502084847,
        5.520332197995807,
        1.4859570054211897,
        5.865548302513607,
        0.4075269776029213,
        3.749163264346084,
        5.840374778228197,
        3.4974572720314048,
        1.3799158808995124,
        0.6832444638144899,
        3.289536797978215,
        0.9311061813444818,
        5.226094361486526,
        4.384661955284078,
        3.715646145923829,
        5.801597885480858,
        1.954317174985861,
        4.41691591410908,
        3.4630367414053556,
        4.545742410641839,
        4.351146280532328,
        6.135793042351635,
        1.3451526958410749,
        0.8057858493216604,
        3.064091744182773,
        5.361836522551018,
        1.8294957816596975,
        5.654613516607067,
        6.094678832517035,
        1.4124607325845702,
        5.239819369918627,
        3.4769448198451918,
        1.99331062455223,
        1.8729503737206168,
        3.621319955935387
      ]
    ],
    "vqe2_time": [
      57.9171199798584,
      81.63769912719727,
      115.48397541046143
    ],
    "solution_vector": [
      0,
      1,
      0,
      1,
      0,
      0,
      0,
      0,
      1,
      1,
      1,
      1
    ],
    "solution_min_energy": -296.9258575439453,
    "solution_time": 0.02358388900756836,
    "matrix_size": 12,
    "qubo_matrix": [
      [
        -79.50471496582031,
        16.015628814697266,
        8.007820129394531,
        16.015640258789062,
        3.1250016689300537,
        6.250003337860107,
        0.0,
        0.0,
        3.90625,
        7.8125,
        0.0,
        0.0
      ],
      [
        16.015628814697266,
        -142.99378967285156,
        16.015640258789062,
        32.031280517578125,
        6.250003337860107,
        12.500006675720215,
        0.0,
        0.0,
        7.8125,
        15.625,
        0.0,
        0.0
      ],
      [
        8.007820129394531,
        16.015640258789062,
        -79.50516510009766,
        16.015703201293945,
        3.1250088214874268,
        6.2500176429748535,
        0.0,
        0.0,
        3.90625,
        7.8125,
        0.0,
        0.0
      ],
      [
        16.015640258789062,
        32.031280517578125,
        16.015703201293945,
        -142.99462890625,
        6.2500176429748535,
        12.500035285949707,
        0.0,
        0.0,
        7.8125,
        15.625,
        0.0,
        0.0
      ],
      [
        3.1250016689300537,
        6.250003337860107,
        3.1250088214874268,
        6.2500176429748535,
        -48.25481033325195,
        16.015644073486328,
        0.0,
        0.0,
        0.0,
        0.0,
        3.90625,
        7.8125
      ],
      [
        6.250003337860107,
        12.500006675720215,
        6.2500176429748535,
        12.500035285949707,
        16.015644073486328,
        -80.49397277832031,
        0.0,
        0.0,
        0.0,
        0.0,
        7.8125,
        15.625
      ],
      [
        0.0,
        0.0,
        0.0,
        0.0,
        0.0,
        0.0,
        3.125,
        6.25,
        0.0,
        0.0,
        0.0,
        0.0
      ],
      [
        0.0,
        0.0,
        0.0,
        0.0,
        0.0,
        0.0,
        6.25,
        12.5,
        0.0,
        0.0,
        0.0,
        0.0
      ],
      [
        3.90625,
        7.8125,
        3.90625,
        7.8125,
        0.0,
        0.0,
        0.0,
        0.0,
        -46.875,
        6.25,
        0.0,
        0.0
      ],
      [
        7.8125,
        15.625,
        7.8125,
        15.625,
        0.0,
        0.0,
        0.0,
        0.0,
        6.25,
        -87.5,
        0.0,
        0.0
      ],
      [
        0.0,
        0.0,
        0.0,
        0.0,
        3.90625,
        7.8125,
        0.0,
        0.0,
        0.0,
        0.0,
        -21.875,
        6.25
      ],
      [
        0.0,
        0.0,
        0.0,
        0.0,
        7.8125,
        15.625,
        0.0,
        0.0,
        0.0,
        0.0,
        6.25,
        -37.5
      ]
    ],
    "ansatze": [
      "twolocal",
      "alternating_ry_rz",
      "random_circuit"
    ],
    "histories_energy": [
      [
        [
          -252.02691438357039,
          -253.42786575953173,
          -249.7374597422282,
          -245.73168254905283,
          -254.1425908835729,
          -244.7717508935929,
          -256.0960337787204,
          -254.3197188827727,
          -258.5072650787565,
          -253.0672555208206,
          -260.6385453669229,
          -261.1193090640174,
          -258.4002536869049,
          -251.19541545073187,
          -259.25017343839005,
          -250.11599469714693,
          -260.1036218049791,
          -258.220234893163,
          -258.7001324303945,
          -260.4564045996136,
          -256.3520994101631,
          -258.6247509972255,
          -260.32540488772923,
          -258.06341461234626,
          -260.80917040348055,
          -255.64802160527975,
          -256.92649606598746,
          -247.32882724550035,
          -264.6275727669398,
          -265.1166093153424,
          -265.0405484951867,
          -259.6951812558704,
          -263.870882797771,
          -263.153436080085,
          -263.5165837521024,
          -261.0224086427689,
          -266.3292594385147,
          -266.3525790770849,
          -267.7854606056214,
          -268.0363308233685,
          -265.79588304519655,
          -267.4401959519916,
          -265.2660356373257,
          -266.2686835988363,
          -267.25967473295,
          -265.5758992449442,
          -266.26214622603527,
          -264.56987715933053,
          -267.1908341275321,
          -272.6176686498854,
          -271.0741361618041,
          -271.813583328459,
          -274.0975261380937,
          -276.8297679991192,
          -273.76579619036784,
          -276.5428227090835,
          -270.63599851131437,
          -276.0646306037902,
          -274.8014780876372,
          -273.48757767412405,
          -270.8458815410402,
          -273.9604842943616,
          -270.99490869151225,
          -275.2008204878701,
          -275.0747976403767,
          -274.6812217394511,
          -274.12605127652495,
          -275.522673037317,
          -275.6755759255092,
          -276.33037529733446,
          -275.68926350752514,
          -275.9738382768631,
          -275.2718968921238,
          -274.9906989192962,
          -276.4570523399777,
          -276.56295637183723,
          -279.2665289449691,
          -278.5018848138385,
          -271.3475309705733,
          -279.31951036506223,
          -277.595207672649,
          -279.7812607913547,
          -277.73178782833946,
          -276.99411816755924,
          -280.79657357533773,
          -281.2987302674187,
          -281.6933284907871,
          -280.48928634219703,
          -280.1832618580924,
          -281.73295215288795,
          -281.5557359049056,
          -281.84830751525027,
          -281.93232989682093,
          -282.0126323885388,
          -281.2870055468877,
          -280.9152439435323,
          -281.6576890362633,
          -281.31991475635107,
          -274.6193642155329,
          -280.71290609306755,
          -278.8571401929856,
          -283.0083976459503,
          -282.4492917802599,
          -282.8639705774519,
          -280.385934674475,
          -282.7897902615865,
          -280.061536591318,
          -282.77463054286113,
          -281.7889797205395,
          -282.8180296956168,
          -284.144418492847,
          -281.77005992942384,
          -284.1968928077486,
          -283.1941262012058,
          -280.46700876659816,
          -284.4265577443441,
          -278.8401353438695,
          -284.87536865393315,
          -286.2994196727541,
          -285.72957475980127
        ]
      ],
      [
        [
          -241.23601842456392,
          -242.9246493445502,
          -243.4167019059923,
          -242.35661278035911,
          -242.0781943506665,
          -239.17820839616988,
          -245.14578932709165,
          -239.5902674267027,
          -245.58464503129335,
          -244.92286762131587,
          -243.53154865529805,
          -251.2118950197432,
          -251.22659963448842,
          -250.39191020753648,
          -246.9118070687188,
          -249.2677064387004,
          -254.09084147135417,
          -251.62550363116785,
          -246.52145522223572,
          -247.50401982519364,
          -253.8236570501328,
          -246.37502728303267,
          -253.07926764223308,
          -253.97148681163785,
          -254.41277203877766,
          -255.80539655738406,
          -256.6818942022324,
          -245.41715008417765,
          -260.10218953821396,
          -255.90274785412686,
          -254.01778669198353,
          -253.2256349362267,
          -259.1302095720503,
          -244.07353209495545,
          -255.73517908785075,
          -258.2204397408168,
          -257.6056655078464,
          -257.78384930875563,
          -257.3292322105831,
          -255.91682105276317,
          -258.32125232855475,
          -256.19110890282525,
          -257.7965911621518,
          -257.31663610988187,
          -257.24077621936806,
          -257.4455610042148,
          -258.34154800309074,
          -258.1788835991753,
          -257.7983565547731,
          -256.7717118151983,
          -256.0219561682807,
          -258.8350392728382,
          -257.8347680722343,
          -258.5351685857772,
          -255.23578447288938,
          -258.39768533176846,
          -258.0124623754289,
          -257.73880281130477,
          -258.11336448881366,
          -258.85484648969435,
          -258.0863893779119,
          -255.59163052611885,
          -256.7788097879622,
          -257.6818569119772,
          -256.333676923116,
          -256.9041982120937,
          -258.8967098723517,
          -257.6588493760428,
          -257.4041587935553,
          -255.72973630799186,
          -256.73378472487127,
          -257.1091823620267,
          -258.2839938709471,
          -264.7856330129835,
          -260.43803238709773,
          -264.24027575174966,
          -259.02083994388585,
          -267.6113059547212,
          -267.14844329039255,
          -267.95684173531004,
          -266.8581415865156,
          -266.64670061111445,
          -268.4859532573488,
          -264.2674122603734,
          -265.1027452611923,
          -266.30430900732676,
          -264.8733566591475,
          -265.65093070560033,
          -264.35509680271156,
          -269.3158099518882,
          -256.4465970044666,
          -270.42428405178913,
          -265.02129383352064,
          -271.08471378803256,
          -270.9242015462452,
          -269.77931729475654,
          -268.5036480898327,
          -272.05007689211106,
          -266.1737730328242,
          -269.5907023297416,
          -267.5004139810139,
          -268.05109644571945,
          -268.59223746299745,
          -271.0734459824033,
          -270.10724824004706,
          -271.457750910653,
          -273.0368906699286,
          -275.07512274371254,
          -269.28413043287065,
          -273.9922543440925,
          -274.2433266544342,
          -273.3358324040306,
          -275.3591596301397,
          -274.500082716412,
          -273.5502455525928,
          -274.878549495803,
          -276.13758935716413,
          -274.65799940321176,
          -276.07855910460154,
          -275.62531023396383
        ]
      ],
      [
        [
          -180.99973940478432,
          -188.9541205448575,
          -189.84725371413762,
          -181.62819644610084,
          -185.03599814679885,
          -193.9522820880678,
          -191.05031294133929,
          -193.77015699227653,
          -196.8352369403839,
          -202.39929324467977,
          -224.9266040240394,
          -226.7881547869576,
          -233.57619520240362,
          -228.04387381977506,
          -235.3099411503474,
          -231.48583480411102,
          -230.77903962983024,
          -232.82999516381156,
          -231.93835724777642,
          -234.509503748152,
          -235.24393577257788,
          -226.78723181724553,
          -232.37614842467846,
          -228.1609137280782,
          -228.8785242589314,
          -232.69684366385138,
          -232.7605057594511,
          -230.20313012546958,
          -234.8650321859784,
          -231.79239583333333,
          -235.46678043577398,
          -232.01846751425003,
          -234.02964677757683,
          -234.70063358253904,
          -234.02003494050768,
          -229.13199332078295,
          -239.92198702865184,
          -238.0534421380361,
          -238.7681093025207,
          -240.14140722804603,
          -239.20442292054489,
          -236.36123722765183,
          -239.3817588477664,
          -240.1202322604921,
          -239.7293129364649,
          -239.4190676228205,
          -238.96059527715053,
          -239.42595245626242,
          -240.16223728232916,
          -240.24939394632972,
          -239.40772976822322,
          -239.86719663408067,
          -237.07052870326575,
          -239.73187295224935,
          -238.04571386761134,
          -239.70528653038866,
          -236.43137428283688,
          -237.5381390402052,
          -241.3254130644268,
          -236.8077977413601,
          -236.99120599163902,
          -240.1358855289883,
          -239.05642410013408,
          -239.77316154850854,
          -237.47656679630285,
          -239.96372721831003,
          -241.59915089660225,
          -238.39438772307503,
          -240.48375709109837,
          -239.99401582347016,
          -239.11914286719426,
          -238.1674875402451,
          -238.51567490153838,
          -241.0001087469525,
          -238.10132276535035,
          -239.45063558048668,
          -240.14704536226054,
          -237.67707111358644,
          -238.8404068581263,
          -238.35172758579256,
          -238.76670368724405,
          -238.42552558210164,
          -241.6039440186818,
          -239.78050018999312,
          -237.99722535239326,
          -239.68236741913685,
          -237.7270772324668,
          -235.79222284740877,
          -238.91712293201022,
          -238.491191324128,
          -238.77602263609566,
          -242.24064395109815,
          -239.55157928466792,
          -239.68059650368158,
          -241.87429227617054,
          -237.76305206139884,
          -239.70031344572692,
          -237.72788606060885,
          -238.56820231278735,
          -240.3164504056507,
          -237.97132969485384,
          -239.20124110963604,
          -241.51958223978676,
          -243.33203315469956,
          -238.65227136929832,
          -239.84370896922218,
          -238.43127151171367,
          -239.5588838831584,
          -240.19114942709606,
          -235.94455857276915,
          -237.7879320118162,
          -235.40314022858934,
          -242.46581983248396,
          -240.393193693161,
          -235.25718414995413,
          -244.3075243674384,
          -244.0452365096411,
          -240.57841605239443,
          -240.72433371596858,
          -237.3127899948756
        ]
      ]
    ]
  },
  {
    "vqe2_energy": [
      -140.40918131477198,
      -140.40724732341172,
      -140.41176699141573
    ],
    "vqe2_vector": [
      [
        1,
        0,
        1,
        0,
        0,
        1,
        0,
        0,
        0,
        0,
        0,
        0
      ],
      [
        0,
        0,
        1,
        1,
        1,
        0,
        0,
        0,
        0,
        0,
        0,
        1
      ],
      [
        1,
        0,
        0,
        1,
        0,
        0,
        1,
        0,
        0,
        0,
        0,
        1
      ]
    ],
    "vqe2_min_error": [
      1.5975337849054916,
      1.5988891771790414,
      1.5957216743569091
    ],
    "vqe2_params": [
      [
        6.288519080295201,
        5.20244269578079,
        3.51507439868431,
        2.653451534175905,
        3.030294694285375,
        1.0029611561546055,
        2.863763062033078,
        2.0374691596394587,
        6.984157632093374,
        2.560868700791911,
        3.748704292773022,
        6.059154715315046,
        4.4701426302204155,
        2.778061541498423,
        0.26944623054106365,
        4.8289989352478,
        5.7277068328295355,
        -0.18500386540622288,
        6.7227530186780795,
        1.2217875567248548,
        4.42513509833111,
        3.8352150878267652,
        3.691416109004451,
        5.84174811898631,
        5.0117622988007,
        7.642060948869471,
        3.6115330717559475,
        3.6299352499972084,
        2.452229534803687,
        5.39579846811239,
        5.2393037663439905,
        2.9997908837388403,
        6.389692562564186,
        0.4236743363277606,
        2.400162282087573,
        3.9082829217952098,
        1.9382843683146715,
        4.358516719542265,
        4.894623269308465,
        3.7077438917524264,
        4.998472901821888,
        2.0312375345663187,
        0.5519635775774149,
        6.180952850318041,
        5.877777229526376,
        5.270300253628574,
        4.879273728145432,
        5.801376381722457
      ],
      [
        5.89659687563194,
        5.842415994025134,
        2.312316077248169,
        3.3562768950057964,
        3.21615908849043,
        6.231846836511168,
        2.409608747380314,
        6.126142311178962,
        3.5556410295160177,
        1.3426133464202563,
        2.5106540164288105,
        0.9086738589788108,
        2.0145706100333904,
        -0.23119396504175688,
        2.0813222077498374,
        6.720590972940593,
        0.669584591557716,
        2.047320554466359,
        0.7720211787577793,
        2.9391761835948347,
        2.883544454733445,
        4.009074666839795,
        4.222459794322005,
        4.706765338325966,
        6.407398485095182,
        0.681924884415908,
        7.1433002779332435,
        3.611183839549615,
        2.622537977351402,
        2.3466624641209983,
        4.1865689390158405,
        4.93097299262905,
        4.2695468068996325,
        5.296764543732751,
        2.538383469625979,
        0.6270427776416826,
        2.8021839548391787,
        5.424604744406188,
        6.4359413252689714,
        5.045071641213431,
        0.8920987537585198,
        2.5649213609452652,
        6.081362440387437,
        6.140496301775431,
        3.7532571042345877,
        1.5969453192351462,
        -0.10279210833237311,
        4.341260575048362,
        4.220618461348361,
        1.3239726041224416,
        1.9845459194525503,
        4.591076230333848,
        1.9542439326140613,
        4.261040646513032,
        0.7632372748438038,
        -0.04708055295362555,
        4.906707971669638,
        5.097763393125794,
        4.756274063401563,
        6.098862992884654,
        0.5993614511690915,
        4.4671428264477795,
        4.1011982690795685,
        2.2544445422671133,
        1.7598158692096457,
        0.468102943562345,
        3.9791898107603263,
        3.880887980484368,
        4.2088421357753125,
        2.4582273150228255,
        5.025308062442906,
        0.40323611265189113
      ],
      [
        1.232200084106272,
        2.5407707592553646,
        0.7413498983321181,
        2.969194692312291,
        1.1733994942773682,
        1.3136241686327361,
        0.8632279783718871,
        1.8484948018490068,
        1.8803494527328246,
        5.753940761527788,
        1.6226486325486216,
        1.4617504469204878,
        6.141524382167964,
        0.02610485403546188,
        3.4125513066763578,
        3.2717260775102877,
        3.9770757690326293,
        2.9799376122185874,
        2.6356112491255947,
        5.957661687661091,
        2.002791002417606,
        -0.04421061068358197,
        2.3870157616822167,
        2.9955566559730182,
        2.586009272053251,
        4.079299179778686,
        2.6010590297322578,
        5.448656867136429,
        0.6572531861186579,
        1.7817211487671274,
        5.158013620371524,
        5.646257760426649,
        1.3150596267692554,
        -0.022858152824906695,
        5.051792587174908,
        3.4042965691601323,
        3.3885624336579054,
        1.836717892159613,
        2.1169259435526557,
        6.005731482890188,
        0.03739476079861653,
        5.0351801689171225,
        0.28479623086542355,
        2.5848406297938324,
        2.5268184757051877,
        2.4585458920512067,
        3.6529833784883525,
        3.8535636935897464,
        6.09049197894714,
        3.770211875505462,
        1.5593210890308504,
        1.4361847056101686,
        1.93839861083117,
        6.125036429576029,
        1.7352104556389847,
        2.1399458552903248,
        2.698140382486507,
        3.45766820123008,
        5.186498935467628,
        3.756144752870941,
        3.8859841268195088,
        5.403042370468628,
        0.8420770892846666,
        1.4239127062674861,
        4.637584827879211,
        4.48102546262625,
        1.5980867658892572,
        2.930759493757674,
        4.852824444750595,
        5.974985323814955,
        2.7656288847722696,
        4.644767024888974,
        2.266655712049428,
        3.2306983083553984,
        2.8520768126448286,
        1.5065367019016087,
        1.9238602847591493,
        1.7728555708963498,
        6.0137889198276255,
        2.609678471551049,
        0.6158063051792646,
        5.808708753692517,
        1.023722684068076,
        5.927278619763424,
        2.6793327710142507,
        4.369885581746207,
        2.75256243306753,
        0.28272412847909767,
        0.35512710377004936,
        3.6822214043033124,
        2.8843320481341377,
        4.858362149529921,
        5.367740977118555,
        2.7235109212539794,
        4.7983582890838266,
        4.560633752193561,
        4.674665825990061,
        5.920041207533172,
        5.992870692239316,
        4.318900129421188,
        0.5071135123841938,
        2.6761848152555388,
        5.7106854138440495,
        5.666618564594162,
        1.3357498340440963,
        5.547828137944742,
        5.248123128441857,
        4.494396620566809
      ]
    ],
    "vqe2_time": [
      61.44187140464783,
      62.493696451187134,
      90.38489365577698
    ],
    "solution_vector": [
      0,
      1,
      0,
      0,
      1,
      0,
      1,
      1,
      0,
      0,
      0,
      0
    ],
    "solution_min_energy": -142.6886812042459,
    "solution_time": 0.022602558135986328,
    "matrix_size": 12,
    "qubo_matrix": [
      [
        -33.39636649697008,
        4.446116724481829,
        8.892233448963658,
        2.2230583622409146,
        2.2230580902709,
        4.4461161805418,
        8.8922323610836,
        2.2230580902709,
        2.2230563083232595,
        4.446112616646519,
        8.892225233293038,
        2.2230563083232595
      ],
      [
        4.446116724481829,
        -62.34661626945833,
        17.784466897927317,
        4.446116724481829,
        4.4461161805418,
        8.8922323610836,
        17.7844647221672,
        4.4461161805418,
        4.446112616646519,
        8.892225233293038,
        17.784450466586076,
        4.446112616646519
      ],
      [
        8.892233448963658,
        17.784466897927317,
        -106.90876564098934,
        8.892233448963658,
        8.8922323610836,
        17.7844647221672,
        35.5689294443344,
        8.8922323610836,
        8.892225233293038,
        17.784450466586076,
        35.56890093317215,
        8.892225233293038
      ],
      [
        2.2230583622409146,
        4.446116724481829,
        8.892233448963658,
        -33.39636649697008,
        2.2230580902709,
        4.4461161805418,
        8.8922323610836,
        2.2230580902709,
        2.2230563083232595,
        4.446112616646519,
        8.892225233293038,
        2.2230563083232595
      ],
      [
        2.2230580902709,
        4.4461161805418,
        8.8922323610836,
        2.2230580902709,
        -33.39790454587829,
        4.446131211598704,
        8.892262423197408,
        2.223065605799352,
        2.2230578396298357,
        4.446115679259671,
        8.892231358519343,
        2.2230578396298357
      ],
      [
        4.4461161805418,
        8.8922323610836,
        17.7844647221672,
        4.4461161805418,
        4.446131211598704,
        -62.349677880157884,
        17.784524846394817,
        4.446131211598704,
        4.446115679259671,
        8.892231358519343,
        17.784462717038686,
        4.446115679259671
      ],
      [
        8.8922323610836,
        17.7844647221672,
        35.5689294443344,
        8.8922323610836,
        8.892262423197408,
        17.784524846394817,
        -106.91483091392095,
        8.892262423197408,
        8.892231358519343,
        17.784462717038686,
        35.56892543407737,
        8.892231358519343
      ],
      [
        2.2230580902709,
        4.4461161805418,
        8.8922323610836,
        2.2230580902709,
        2.223065605799352,
        4.446131211598704,
        8.892262423197408,
        -33.39790454587829,
        2.2230578396298357,
        4.446115679259671,
        8.892231358519343,
        2.2230578396298357
      ],
      [
        2.2230563083232595,
        4.446112616646519,
        8.892225233293038,
        2.2230563083232595,
        2.2230578396298357,
        4.446115679259671,
        8.892231358519343,
        2.2230578396298357,
        -33.39593720270258,
        4.4461126808937514,
        8.892225361787503,
        2.2230563404468757
      ],
      [
        4.446112616646519,
        8.892225233293038,
        17.784450466586076,
        4.446112616646519,
        4.446115679259671,
        8.892231358519343,
        17.784462717038686,
        4.446115679259671,
        4.4461126808937514,
        -62.3457617245114,
        17.784450723575006,
        4.4461126808937514
      ],
      [
        8.892225233293038,
        17.784450466586076,
        35.56890093317215,
        8.892225233293038,
        8.892231358519343,
        17.784462717038686,
        35.56892543407737,
        8.892231358519343,
        8.892225361787503,
        17.784450723575006,
        -106.90707272544779,
        8.892225361787503
      ],
      [
        2.2230563083232595,
        4.446112616646519,
        8.892225233293038,
        2.2230563083232595,
        2.2230578396298357,
        4.446115679259671,
        8.892231358519343,
        2.2230578396298357,
        2.2230563404468757,
        4.4461126808937514,
        8.892225361787503,
        -33.39593720270258
      ]
    ],
    "ansatze": [
      "twolocal",
      "alternating_ry_rz",
      "random_circuit"
    ],
    "histories_energy": [
      [
        [
          36.362745803586975,
          34.553889859619915,
          -1.0754969730920791,
          8.693287239182304,
          2.192563416250728,
          1.287544915608418,
          -38.3738302943019,
          -32.00032743517196,
          -51.05389673383972,
          -54.96127646856725,
          -52.184147781254524,
          -49.433709765906826,
          -57.34418885065633,
          -58.75196741612524,
          -54.83617590508274,
          -48.315780874646066,
          -59.3303963892894,
          -60.05665355318391,
          -25.106575378340683,
          -61.44713814312124,
          -62.51031274136841,
          -59.36259236263078,
          -57.608592774003284,
          -64.72387950185632,
          -56.88127854871702,
          -70.75152262250276,
          -92.16399880146989,
          -87.45283709811712,
          -85.6280403550572,
          -101.5972692806099,
          -114.5197195861664,
          -110.79190386630516,
          -112.86704118512587,
          -118.67998035950575,
          -116.96564622997042,
          -118.78064669547943,
          -117.81273552674816,
          -118.0481408897056,
          -116.57970283569917,
          -116.99815331703995,
          -117.86603062642533,
          -117.40285072107969,
          -118.64175140187803,
          -117.62917857548527,
          -118.82025348126965,
          -115.94491395468293,
          -117.01924906135818,
          -115.41329399849594,
          -119.94789976294074,
          -123.68719823105316,
          -119.03252030341451,
          -110.58262406772677,
          -124.5363896437353,
          -128.6941089113412,
          -121.81108183921783,
          -132.99677492167774,
          -132.48072783723416,
          -131.45258128704918,
          -133.58148172134594,
          -132.14275426180515,
          -129.52961016672478,
          -133.0840987532403,
          -130.41159965910896,
          -132.46069556980186,
          -132.42524371893296,
          -128.60011205297215,
          -133.4027548044872,
          -132.90282339072314,
          -133.33521513835598,
          -131.5796192102431,
          -133.5147426476625,
          -135.16143935790663,
          -132.4522812429985,
          -132.80166907993794,
          -133.08264346490859,
          -133.2450160033099,
          -132.61837279282966,
          -133.30028485010848,
          -133.17568021552273,
          -127.05699619580538,
          -134.5049286467177,
          -135.12779892071435,
          -133.20070630814294,
          -130.57836465511377,
          -134.341470732825,
          -134.10810258442746,
          -132.8783007018748,
          -132.615917283551,
          -132.70856533011198,
          -132.87671803470764,
          -132.58279639069636,
          -133.1259624543307,
          -132.20654398474133,
          -133.30404098654546,
          -132.7897339490018,
          -133.34689978547354,
          -133.24592138514876,
          -131.39053278874226,
          -134.21220587304987,
          -127.96034958179098,
          -133.18980749006388,
          -132.95227945682208,
          -132.5955077766469,
          -132.12784863663882,
          -133.01296158583384,
          -133.9806862385158,
          -133.8695005419153,
          -133.95287931442127,
          -133.04715335039046,
          -133.088087035794,
          -132.67441892367498,
          -133.6043357767004,
          -134.51675489873352,
          -133.808211102521,
          -132.37254388555385,
          -133.31114265796575,
          -131.8005117658204,
          -133.44512271078585,
          -132.7644818637415,
          -133.07386715961107
        ]
      ],
      [
        [
          -88.57923835907816,
          -90.19529211799625,
          -91.59787645611156,
          -97.84120489033894,
          -102.5820849415992,
          -101.54277098537342,
          -95.42942990627446,
          -102.37322131626463,
          -103.05309996332653,
          -107.26728278576435,
          -103.8154112764594,
          -97.78196274968573,
          -106.62924879619183,
          -103.86878280740571,
          -98.57271642579444,
          -106.87206228490379,
          -108.9878781431063,
          -106.15370624975291,
          -98.3659062635042,
          -108.75601059142912,
          -108.43116126031948,
          -108.01749653746947,
          -106.60510310583956,
          -109.75155197982208,
          -110.60231575038951,
          -113.08306481217265,
          -97.26806424556986,
          -113.39911946951099,
          -110.97872692831443,
          -115.7051893386438,
          -89.97613300217282,
          -110.86945132156838,
          -116.29293609155562,
          -114.6816613015541,
          -117.93192960225333,
          -113.955940617027,
          -114.13749940318635,
          -117.91436311069603,
          -116.16776913857846,
          -118.20779168578987,
          -113.81168981733025,
          -116.50777362003798,
          -115.96015645949674,
          -116.58989277761995,
          -116.03445856031934,
          -116.53547466956734,
          -117.49842454975513,
          -115.33557222111179,
          -115.21695501274924,
          -115.77633467837424,
          -115.86740247031956,
          -118.38272479005073,
          -118.2463093442702,
          -116.27487559091358,
          -116.8819537132353,
          -116.59043128318336,
          -116.30976300497643,
          -114.19769042116113,
          -115.86656703401128,
          -116.38716242388404,
          -118.08708811813419,
          -117.45407563077272,
          -116.34602857240263,
          -115.23580576538652,
          -116.98572362827773,
          -115.51231834033722,
          -115.8720860269942,
          -115.23961148123423,
          -116.56967702264541,
          -116.12610945039634,
          -116.34821745570395,
          -118.54529305774152,
          -115.68933630072306,
          -121.24218802901848,
          -119.26953719676224,
          -112.0156807775566,
          -114.93212112147174,
          -117.52995667211995,
          -123.48127556721732,
          -125.43668052450282,
          -126.7973872543159,
          -128.38168376971,
          -126.97466942370207,
          -120.91403133904825,
          -126.23346150875972,
          -129.09996813679862,
          -123.30823806441845,
          -120.58459995656176,
          -128.50213115911475,
          -127.83514939765712,
          -127.98541928348583,
          -125.76024617333199,
          -127.57293270308833,
          -128.95412023769273,
          -127.63270052702195,
          -129.3793458718198,
          -127.84150276958908,
          -110.85454631246168,
          -127.18638908737603,
          -120.52293879861399,
          -128.23745109560596,
          -127.96940616684296,
          -127.91784219428006,
          -127.20832180634179,
          -128.85604029995204,
          -129.6616555260331,
          -127.47398221969111,
          -127.41625369642824,
          -129.43180893431028,
