[
  {
    "vqe2_energy": [
      -23.810485776967507,
      -17.827870010302735,
      -10.394591329156569
    ],
    "vqe2_vector": [
      [
        0,
        1,
        0,
        0,
        0,
        0,
        0,
        0,
        0,
        1,
        0,
        1
      ],
      [
        0,
        0,
        0,
        0,
        0,
        0,
        0,
        1,
        0,
        0,
        0,
        0
      ],
      [
        0,
        0,
        0,
        0,
        0,
        0,
        0,
        0,
        0,
        0,
        0,
        1
      ]
    ],
    "vqe2_min_error": [
      2.018911748891128e-05,
      25.12598618101919,
      56.34448902913495
    ],
    "vqe2_params": [
      [
        3.3400937644474653,
        6.141186021876919,
        2.3548447194871223,
        2.8243656457301043,
        3.301697959738478,
        3.5934865873638606,
        2.9553947325362317,
        2.930124532371308,
        4.727318712860212,
        0.002882126794275533,
        4.2329765347439166,
        1.3408655526628215,
        2.4368855539237155,
        1.1122265940721288,
        1.7546594816514438,
        3.298237767825186,
        3.3331279703257115,
        -0.1268187548650216,
        4.859169736047506,
        3.4532663245977537,
        3.088994008136988,
        1.6746221145263196,
        4.959619082758191,
        4.795480383478855,
        0.2498402521284248,
        6.35259758621687,
        7.6587726049735805,
        3.9932210582217214,
        3.756041416482696,
        2.759192401482525,
        2.72350490831112,
        3.3273376216515436,
        1.1908574934809517,
        -0.22984505018108234,
        1.054718782017629,
        2.020865765655605,
        0.6422992713561451,
        5.616494261716124,
        1.9169148576176214,
        4.9833628803487136,
        6.911503731349553,
        5.042780401720334,
        1.878808777462323,
        5.450030618893894,
        1.0991429551891296,
        3.2628504905137854,
        5.717673501670217,
        2.137876375149804
      ],
      [
        2.3107122981731574,
        6.4958966899105,
        1.7478806539792675,
        2.986923424216047,
        3.3515683260417672,
        5.079265601306624,
        0.36207268885707505,
        6.196321970995456,
        3.4947599620043017,
        3.9979987817142666,
        4.195872727216924,
        5.6090961955606,
        1.8076638266975025,
        6.424905521343803,
        2.311906878263358,
        2.989380811326543,
        2.9049647891334693,
        5.311600326431056,
        -0.4090556163850181,
        2.974672212624544,
        5.626159205505266,
        0.6331135337494402,
        2.613830075557613,
        6.215297256058946,
        5.07878639399704,
        5.643579362964943,
        6.242225842668791,
        0.5357380454170853,
        2.1779956684387503,
        1.8953330847887584,
        0.7995161686966116,
        2.8876288017190648,
        3.2914725921793653,
        3.9974702886534024,
        6.748255099520591,
        0.4056645017618671,
        0.915016390720753,
        4.1866576985664095,
        2.3934489673102566,
        1.2276873362978376,
        1.2559406908461839,
        0.4817259328986557,
        3.706620187458534,
        6.076326559058586,
        0.8326753486977005,
        2.5587525925458356,
        1.194942443368062,
        -0.04212919787024872,
        2.7129108447684556,
        3.4452905167864647,
        4.574998884571446,
        0.256794883838612,
        0.48276564006559236,
        0.6202321670817992,
        3.1622455579244244,
        4.930256279194569,
        0.774545906324446,
        3.385137175809087,
        6.097140187518686,
        2.696756433425864,
        5.712841482302148,
        2.7055025840380846,
        0.2141891708502546,
        5.363789137170207,
        6.027525190403042,
        0.43041065378287735,
        3.395329372794459,
        0.944710118621224,
        2.674128676721046,
        6.904390241318547,
        5.788547905804884,
        2.8228588718602268
      ],
      [
        1.4904427514299847,
        3.9699056487565656,
        0.28500537998421344,
        6.478467368074945,
        2.923815580949389,
        0.993106061831072,
        3.992847083344707,
        2.8696872483581313,
        3.546299724076803,
        4.200862679315618,
        1.7745374749898872,
        5.004646493296128,
        5.412365422629513,
        0.641984928007865,
        1.4969595836408303,
        6.229957963121447,
        3.5967797972110356,
        4.100896113127352,
        2.8500414620024213,
        3.4272466352246145,
        3.087474585274338,
        3.442802403026159,
        5.833977938973492,
        6.988091373887711,
        1.6875888489737128,
        2.2305296547437594,
        4.504738557651691,
        4.825757781826179,
        0.5365820400764376,
        6.463763207451688,
        4.618247734954634,
        5.841440797992735,
        2.3197822378361916,
        5.415228685023217,
        3.976315966710331,
        4.444089925451884,
        0.05818238246247115,
        1.577105088752876,
        5.834609745889018,
        6.110549270126557,
        0.46893806744517486,
        4.5995089307311225,
        0.4049276903288642,
        0.7344754279643453,
        4.016562819595389,
        5.173185546207814,
        2.179592341036387,
        2.3202003826227826,
        3.361443567203497,
        2.0953790449881637,
        2.8365867395347197,
        4.408662279794914,
        1.8293854360858246,
        0.5493524494376811,
        5.162287073048299,
        2.62231348627451,
        3.779085623756285,
        6.000750734327053,
        2.902113202332447,
        4.544206907879425,
        2.035690363454003,
        0.8010817711958471,
        1.1060860459153916,
        2.125161858718776,
        1.341780649649183,
        1.7416078723352395,
        6.72400768884875,
        2.5770341144952176,
        2.8168912516312683,
        5.566436961155616,
        1.2713592287887696,
        6.105007002486094,
        2.2597274564987533,
        4.842027378344343,
        1.1994509719496196,
        0.2368665230333904,
        2.8864036530928066,
        0.06624939185953369,
        2.0908189676125706,
        1.5401622559900303,
        0.12509128659595545,
        0.34410324528723263,
        1.489101344899702,
        1.5896374640681812,
        0.035862814012828675,
        5.453157374412959,
        2.351977327961391,
        1.0331610260116169,
        1.9626921240830537,
        3.0383806081012,
        4.588276592194394,
        1.156100479492156,
        5.858013880089939,
        5.013310631271984,
        0.026235075371922597,
        5.6840450265017965,
        6.082630236735709,
        0.04587809118305157,
        2.590207393304716,
        4.255102324591722,
        1.864205432317928,
        2.0451137405393927,
        0.6008691570655714,
        5.849045623166534,
        4.516485907307257,
        1.2225588012412363,
        3.047091649529654,
        4.954564479020861
      ]
    ],
    "vqe2_time": [
      26.70879626274109,
      49.62937259674072,
      65.47799301147461
    ],
    "solution_vector": [
      0,
      0,
      1,
      0,
      0,
      0,
      0,
      1,
      0,
      0,
      0,
      1
    ],
    "solution_min_energy": -23.810490584095426,
    "solution_time": 0.02300572395324707,
    "matrix_size": 12,
    "qubo_matrix": [
      [
        -10.394593120533445,
        2.9613183873444604,
        1.4806591936722302,
        1.4806588310455444,
        2.961317662091089,
        1.4806588310455444,
        1.480656455115357,
        2.961312910230714,
        1.480656455115357,
        1.480656539872481,
        2.961313079744962,
        1.480656539872481
      ],
      [
        2.9613183873444604,
        -17.827867853722427,
        2.9613183873444604,
        2.961317662091089,
        5.922635324182178,
        2.961317662091089,
        2.961312910230714,
        5.922625820461428,
        2.961312910230714,
        2.961313079744962,
        5.922626159489924,
        2.961313079744962
      ],
      [
        1.4806591936722302,
        2.9613183873444604,
        -10.394593120533445,
        1.4806588310455444,
        2.961317662091089,
        1.4806588310455444,
        1.480656455115357,
        2.961312910230714,
        1.480656455115357,
        1.480656539872481,
        2.961313079744962,
        1.480656539872481
      ],
      [
        1.4806588310455444,
        2.961317662091089,
        1.4806588310455444,
        -10.394598915380193,
        2.9613377035002935,
        1.4806688517501467,
        1.4806584968574588,
        2.9613169937149175,
        1.4806584968574588,
        1.4806571092658838,
        2.9613142185317676,
        1.4806571092658838
      ],
      [
        2.961317662091089,
        5.922635324182178,
        2.961317662091089,
        2.9613377035002935,
        -17.827860127260095,
        2.9613377035002935,
        2.9613169937149175,
        5.922633987429835,
        2.9613169937149175,
        2.9613142185317676,
        5.922628437063535,
        2.9613142185317676
      ],
      [
        1.4806588310455444,
        2.961317662091089,
        1.4806588310455444,
        1.4806688517501467,
        2.9613377035002935,
        -10.394598915380193,
        1.4806584968574588,
        2.9613169937149175,
        1.4806584968574588,
        1.4806571092658838,
        2.9613142185317676,
        1.4806571092658838
      ],
      [
        1.480656455115357,
        2.961312910230714,
        1.480656455115357,
        1.4806584968574588,
        2.9613169937149175,
        1.4806584968574588,
        -10.394591503098212,
        2.961312995893691,
        1.4806564979468455,
        1.4806562439227346,
        2.9613124878454693,
        1.4806562439227346
      ],
      [
        2.961312910230714,
        5.922625820461428,
        2.961312910230714,
        2.9613169937149175,
        5.922633987429835,
        2.9613169937149175,
        2.961312995893691,
        -17.827870010302735,
        2.961312995893691,
        2.9613124878454693,
        5.922624975690939,
        2.9613124878454693
      ],
      [
        1.480656455115357,
        2.961312910230714,
        1.480656455115357,
        1.4806584968574588,
        2.9613169937149175,
        1.4806584968574588,
        1.4806564979468455,
        2.961312995893691,
        -10.394591503098212,
        1.4806562439227346,
        2.9613124878454693,
        1.4806562439227346
      ],
      [
        1.480656539872481,
        2.961313079744962,
        1.480656539872481,
        1.4806571092658838,
        2.9613142185317676,
        1.4806571092658838,
        1.4806562439227346,
        2.9613124878454693,
        1.4806562439227346,
        -10.394591329156569,
        2.9613124160882105,
        1.4806562080441052
      ],
      [
        2.961313079744962,
        5.922626159489924,
        2.961313079744962,
        2.9613142185317676,
        5.922628437063535,
        2.9613142185317676,
        2.9613124878454693,
        5.922624975690939,
        2.9613124878454693,
        2.9613124160882105,
        -17.82787024222493,
        2.9613124160882105
      ],
      [
        1.480656539872481,
        2.961313079744962,
        1.480656539872481,
        1.4806571092658838,
        2.9613142185317676,
        1.4806571092658838,
        1.4806562439227346,
        2.9613124878454693,
        1.4806562439227346,
        1.4806562080441052,
        2.9613124160882105,
        -10.394591329156569
      ]
    ],
    "ansatze": [
      "twolocal",
      "alternating_ry_rz",
      "random_circuit"
    ],
    "histories_energy": [
      [
        [
          4.691958534632819,
          1.1497932313370054,
          -1.1376882828451116,
          3.135224120746363,
          -4.127078080455585,
          -5.481847981148356,
          -4.566575703999736,
          -5.225121513017626,
          1.5980224777397343,
          -9.591760304787236,
          -6.257931592881617,
          -10.93867715334855,
          -9.353254839307652,
          -11.163912173470798,
          -12.300309034729121,
          -11.710111862689908,
          -11.242455242112836,
          -12.51675159203259,
          -11.144170555290241,
          -12.633537837391144,
          -12.679547762492184,
          -12.251897888695357,
          -12.168174621709815,
          -11.725932364224123,
          -13.969989179754158,
          -13.654105931201185,
          -17.841284876341447,
          -17.932057863906557,
          -16.49572627907071,
          -16.31671476933777,
          -16.515189706887966,
          -19.06838843293189,
          -18.957357552379754,
          -19.536462107813342,
          -18.679297347507934,
          -19.520844427061572,
          -19.883125195382576,
          -19.512727597055353,
          -19.45671074054816,
          -19.60620171048972,
          -19.24538272762995,
          -19.491373166494835,
          -19.67220834901314,
          -19.680800848632973,
          -19.45267510423152,
          -19.571620228282185,
          -19.469407745216717,
          -19.114902393448432,
          -19.490346433545405,
          -20.863973535875946,
          -21.115785180605833,
          -21.290712836086573,
          -21.21119930050332,
          -20.67266495975904,
          -20.6489443970813,
          -20.2660942924103,
          -21.26203388404199,
          -21.16869084134336,
          -20.620643598796452,
          -20.4159868062751,
          -21.178223797243838,
          -21.18895819152946,
          -21.239745924381758,
          -21.12169282574781,
          -21.278654491691782,
          -21.189208531783805,
          -21.228529046419848,
          -21.235655087513035,
          -21.253665332670217,
          -20.63922227231485,
          -21.490024910120745,
          -21.164509399545807,
          -21.31038828983631,
          -20.255226077376406,
          -21.16666153488779,
          -20.01388082399405,
          -21.382824605563364,
          -21.541269118268026,
          -21.545413156073266,
          -21.21218465884194,
          -20.72305233768663,
          -21.255054782135737,
          -21.12478037271488,
          -21.501414211952508,
          -21.080381668853683,
          -21.55120647005182,
          -21.470705002518784,
          -21.202948849709657,
          -21.421337852448346,
          -21.423070081718002,
          -21.301751347371088,
          -21.557719544890283,
          -21.333563495028613,
          -21.00406164636729,
          -21.439612372184335,
          -21.405885257206958,
          -21.261908860806628,
          -21.24008796776263,
          -21.47654107740855,
          -21.685732220274925,
          -21.513221269484873,
          -20.59779898523668,
          -21.57788348631795,
          -20.72335556859718,
          -21.844293609713688,
          -20.535168823677132,
          -21.739758610901163,
          -21.606218808065833,
          -21.824448263698194,
          -21.894568998449515,
          -21.763777924112453,
          -21.659728007808155,
          -21.662990092102085,
          -20.218201166199087,
          -21.486885587329773,
          -21.607467872230533,
          -21.627239343220275,
          -21.321750898640815,
          -21.560310354071557,
          -21.705819579308972
        ]
      ],
      [
        [
          5.9217082565805015,
          7.604113455543266,
          -2.241721542979563,
          -2.7092963956780904,
          -6.897209607066632,
          -4.507461897079105,
          -5.380841159783651,
          -3.069012707490261,
          -7.347937171602032,
          -4.483988084649137,
          -4.955319929591905,
          -9.098917811261035,
          -10.073633032864997,
          -8.395363274291359,
          -10.41805591793878,
          -8.128124421440376,
          -7.238225863167501,
          -12.86773091587646,
          -13.710709675174233,
          -11.852706740220047,
          -15.087009148742712,
          -13.480609156306212,
          -14.267596493412508,
          -11.555238100352462,
          -15.09364414363403,
          -13.841208867575183,
          -10.894656294997056,
          -15.149780660458699,
          -13.846116674271322,
          -11.780652928061095,
          -13.942225724849848,
          -13.410089119549124,
          -16.802057485238837,
          -16.157679810990963,
          -15.21884446303487,
          -15.297405646574097,
          -14.828999241038366,
          -16.28123716718041,
          -16.820212117000136,
          -17.11169494307114,
          -16.773854523910884,
          -16.69778969182807,
          -17.00533789265397,
          -16.317055327884358,
          -15.957636747425402,
          -16.85800518659898,
          -16.600546367294697,
          -16.264609085122817,
          -16.579416937366574,
          -16.739951747868822,
          -17.11185309602719,
          -16.316854109236303,
          -16.231626391197114,
          -17.000448026379058,
          -17.057917129103014,
          -16.54078545106089,
          -16.703957725696625,
          -16.68894413062462,
          -17.125881800538206,
          -17.012930685528243,
          -16.790773487332633,
          -16.525201181807876,
          -17.208139978979304,
          -16.35069052544545,
          -16.386605505213346,
          -16.91026400082786,
          -16.43891932075036,
          -16.515541465213882,
          -16.870167408672124,
          -16.654148926793418,
          -17.498011795843837,
          -17.005229979750705,
          -16.11060268877536,
          -17.234766873757025,
          -17.940979092571457,
          -17.457806120186792,
          -16.980730172210947,
          -17.49546267369011,
          -17.069703136840406,
          -17.333367841277152,
          -17.98254247683654,
          -17.85072426449964,
          -17.34117803051538,
          -17.791044453423815,
          -18.38683139569329,
          -18.46591473856468,
          -18.13340923837774,
          -17.811730868752193,
          -17.380360167614924,
          -17.804023147956904,
          -18.648097267430273,
          -18.42744928363623,
          -18.11706051854198,
          -19.159138509157984,
          -18.666544907485676,
          -18.689043313849474,
          -18.91710592208795,
          -18.380738747404138,
          -18.54251369354336,
          -19.40286108986014,
          -19.312961492669643,
          -19.581049929014245,
          -19.083969610929557,
          -18.238613335566658,
          -19.425366457366163,
          -18.275482585048408,
          -18.578906278965736,
          -15.670603457582262,
          -19.538408726617273,
          -19.992146573420555,
          -20.01397917684778,
          -20.072406477306675,
          -20.126663549421643,
          -20.318062271374366,
          -20.13256673186354,
          -19.975266377384862,
          -20.057700226374305,
          -20.0930280841653,
          -20.044139143681775,
          -20.16056784378338
        ]
      ],
      [
        [
          -13.080399319467663,
          -12.048260988803381,
          -9.960004771763789,
          -11.850361598588071,
          -14.14086113801233,
          -11.11587384066161,
          -13.618200815349027,
          -12.874694404523025,
          -9.09778637319505,
          -12.532028901156849,
          -14.711547009143457,
          -10.208123476542545,
          -14.166545600030933,
          -10.584224684613408,
          -14.517759753334374,
          -11.283691612512976,
          -13.407028879757728,
          -6.66747844529446,
          -14.997315373415892,
          -14.998873122812144,
          -10.495081708238509,
          -13.42022780988976,
          -11.85732359557343,
          -17.04233394524016,
          -17.376011304140224,
          -16.535797465319938,
          -18.034610126713687,
          -16.295165286316386,
          -17.555067137483736,
          -15.898068640223112,
          -18.123387854423267,
          -18.02195833912426,
          -17.599702512621104,
          -18.370493364822217,
          -17.331057961210988,
          -17.316077740354125,
          -17.901657947550763,
          -18.27964367894088,
          -17.98969086205713,
          -17.269517865629197,
          -17.773461948594303,
          -18.341202022307957,
          -17.79013811037292,
          -17.734057193237263,
          -17.53314631930578,
          -18.377287751501683,
          -17.494151547595187,
          -18.192294455415038,
          -17.821084799656298,
          -17.128899154095002,
          -17.896071793944767,
          -17.967858752687945,
          -17.773995181465374,
          -17.915638760537444,
          -17.98565646529409,
          -17.822363009905704,
          -17.79356223341812,
          -17.89789546930538,
          -18.03564954003915,
          -18.300876064725703,
          -17.460702471053004,
          -17.657700217723207,
          -17.593625912466358,
          -17.837857005542244,
          -17.985347319267216,
          -18.575332080226723,
          -17.894296229678336,
          -18.62153117373808,
          -17.514324440452146,
          -18.187325683870284,
          -17.41164324990276,
          -18.402797494711812,
          -18.382456011723235,
          -17.737359172778177,
          -17.174229764996547,
          -17.658778786667813,
          -17.784545264989763,
          -17.796839297902388,
          -17.707933873841974,
          -18.36392462392385,
          -18.062347175199022,
          -18.407058042021486,
          -17.396563235094277,
          -18.297973190233968,
          -17.95672220280376,
          -18.27769695409632,
          -17.71544725978912,
          -17.657859084266107,
          -17.907898784076842,
          -17.730233698038653,
          -17.915492802790332,
          -17.490983033274425,
          -18.145417370883944,
          -17.61488329871813,
          -17.502518858436297,
          -17.928546139660355,
          -18.546640115867028,
          -18.132455495747536,
          -17.140247458920953,
          -17.687416992948194,
          -17.777509629347193,
          -17.6833017050312,
          -17.809068490026124,
          -17.896295776084575,
          -17.514645936981765,
          -17.781574531181125,
          -17.87234779066416,
          -17.784145145604732,
          -17.361357039267553,
          -18.45812708017215,
          -18.309867977516113,
          -18.133568907420354,
          -17.297537516964194,
          -18.56526239197276,
          -17.54674786432443,
          -17.62575437616932,
          -17.851176247635102,
          -17.479383455727422,
          -17.207986490686608,
          -17.687277761065133
        ]
      ]
    ]
  },
  {
    "vqe2_energy": [
      -23.988080203399278,
      -22.468386025665446,
      -17.960064363894066
    ],
    "vqe2_vector": [
      [
        1,
        0,
        0,
        1,
        0,
        0,
        1,
        0,
        0,
        0,
        0,
        1
      ],
      [
        1,
        0,
        0,
        0,
        1,
        0,
        0,
        0,
        0,
        0,
        0,
        0
      ],
      [
        0,
        1,
        0,
        0,
        0,
        0,
        0,
        0,
        0,
        0,
        0,
        0
      ]
    ],
    "vqe2_min_error": [
      0.006462820769870259,
      6.341258893394053,
      25.134052058992317
    ],
    "vqe2_params": [
      [
        4.574540178213337,
        3.301977758840895,
        5.012542959099942,
        3.2425400642905657,
        5.988924095573732,
        2.4671381352900785,
        3.168535722081372,
        0.4751068327172685,
        4.308565888708892,
        2.8193589096714886,
        -0.2150562252092986,
        4.206172851876655,
        6.2256494939520115,
        1.0933084651698661,
        2.799253128810332,
        1.4404077647515459,
        2.5754317200599415,
        3.6419932233638153,
        0.9366652147954331,
        6.103135957151608,
        3.7502455206113887,
        2.7135996194822245,
        4.771382222532807,
        4.039168957004444,
        0.03785499511012179,
        3.189364030093293,
        5.1424171872426845,
        2.6157322746160436,
        6.3883501307367245,
        0.824511908001836,
        3.0101393141953237,
        4.533255569115307,
        0.517670601724381,
        4.737921790954519,
        6.39303904790168,
        6.035700045016957,
        0.8641626348907744,
        2.330453098080881,
        2.824485803939668,
        0.22240087078795462,
        2.619657857722554,
        1.8360131590342912,
        5.934594437961758,
        5.965546094170521,
        2.5914631847739726,
        4.1360462041822865,
        1.6438632391065713,
        1.481724603301053
      ],
      [
        4.313439700497093,
        4.428709702877374,
        1.6668228014088868,
        1.766223213255847,
        2.0292973180391964,
        2.2107560009547367,
        1.305123514263993,
        0.6340062750199097,
        0.41071854653957457,
        3.6872312186448792,
        0.8960200149823573,
        1.9429262579817441,
        5.766664238170205,
        3.400373058806941,
        2.021286559277798,
        2.3623468572255844,
        2.586058877649015,
        1.4691049699773295,
        3.4072526530017875,
        5.091623926008769,
        3.49483951688187,
        3.073409100371247,
        6.307815658120997,
        5.240669069560677,
        3.997535769536383,
        0.8432739673607743,
        0.015675313235381516,
        6.1370830694848095,
        5.459495746681407,
        1.0479606315085328,
        2.329099581054878,
        1.9702743725201706,
        3.909374486426745,
        0.20610582469244018,
        5.363611921392218,
        1.684082794310864,
        5.805830796914489,
        0.4082794694230802,
        5.276539924338229,
        2.1333399690900308,
        3.760607777543736,
        2.240554055977595,
        4.116405064134307,
        2.588684435243165,
        6.860465960904863,
        3.71697979504495,
        0.3962933680578128,
        0.1194246943413474,
        0.014373949549065332,
        1.2204937720884008,
        5.14414976335832,
        2.9736828641969533,
        2.2875978406670585,
        5.861315522108887,
        6.108226871450674,
        4.020309709883883,
        5.48926435610753,
        5.906822520068088,
        5.443738838395159,
        0.7066226365700864,
        1.9341203675837562,
        5.048340176855826,
        5.093128656475411,
        3.377334880556571,
        5.663593313763092,
        4.971190756450218,
        4.340695386284481,
        4.671110040268883,
        2.9169178982897357,
        2.6601064959571885,
        3.902337611637586,
        1.863025590288995
      ],
      [
        -0.25630442880040716,
        7.2341407657639465,
        0.3232360387749397,
        1.5782231878087405,
        5.286355560505099,
        6.627734483559439,
        1.8545886833046124,
        0.8061075746413107,
        4.335771386287162,
        0.9675652000822665,
        4.8554335998689195,
        3.0272145170495497,
        3.4321610128769366,
        4.266788341266366,
        0.16863540154614878,
        5.875492011305085,
        6.515405367677035,
        -0.029845606673133795,
        0.6793263259159397,
        6.032148218783894,
        3.318117847770827,
        1.7197657695108277,
        2.9498889795014684,
        5.89821293754838,
        3.5892508136775003,
        4.949509052612756,
        4.845036692420499,
        5.544592250474074,
        3.879623300781056,
        3.3771726038792482,
        4.502341068961963,
        4.335572335022641,
        3.65190269366573,
        5.835273707341115,
        6.783688341219213,
        3.37223367758331,
        4.694652769366336,
        3.917485613550273,
        5.7011500490151885,
        2.8968806249892203,
        5.63249667194275,
        1.273353922094404,
        2.379008008674423,
        1.4722495215914426,
        0.12831506005970342,
        5.368269522376821,
        0.7918236223440094,
        3.5475025184036353,
        3.646588733887472,
        4.132285616668888,
        4.011355758024601,
        2.5127959258458064,
        4.716030041655877,
        0.408049254314398,
        5.729676391196402,
        4.279418727105345,
        1.0102670281066954,
        0.6199645187902898,
        4.873956122945181,
        5.721017031474827,
        4.082430434544823,
        5.091758832886762,
        5.10723938382625,
        5.115330368649563,
        4.3599305430281055,
        1.3964528419591011,
        5.343772003213581,
        5.8190323226881455,
        4.568009388229421,
        1.5842971035532667,
        0.40540850426747577,
        6.078685489296343,
        0.4488497971968704,
        5.814908730138052,
        5.520734364471908,
        5.117574946607677,
        2.2971971227503505,
        5.73917531762048,
        4.015393077750472,
        0.2881224838173394,
        2.8424309632422946,
        3.726305350088849,
        3.325750389793175,
        0.3641930884800185,
        1.269843861968586,
        0.7700469737748079,
        4.764495081603111,
        4.185927779373996,
        0.12368050126608435,
        6.211771510117187,
        6.103159520503955,
        0.05858163968542963,
        1.1624601922207067,
        0.29067310756955256,
        4.890722752190202,
        0.4574387378178368,
        0.5592756161243568,
        1.6324510651081905,
        5.799804541974034,
        2.966543194077427,
        0.08744707274387054,
        5.426788878372658,
        3.548832796473282,
        5.093918883036745,
        4.487137037032498,
        0.6887154777279031,
        4.398585879453777,
        4.120824796708189
      ]
    ],
    "vqe2_time": [
      43.54064345359802,
      39.9746208190918,
      75.49321031570435
    ],
    "solution_vector": [
      0,
      0,
      0,
      1,
      0,
      1,
      0,
      1,
      0,
      0,
      0,
      0
    ],
    "solution_min_energy": -23.98963061022897,
    "solution_time": 0.021303892135620117,
    "matrix_size": 12,
    "qubo_matrix": [
      [
        -10.47162015638171,
        2.9831759488693557,
        1.4915879744346778,
        1.491587611807992,
        2.983175223615984,
        1.491587611807992,
        1.4915852358778046,
        2.983170471755609,
        1.4915852358778046,
        1.4915853206349285,
        2.983170641269857,
        1.4915853206349285
      ],
      [
        2.9831759488693557,
        -17.960064363894066,
        2.9831759488693557,
        2.983175223615984,
        5.966350447231968,
        2.983175223615984,
        2.983170471755609,
        5.966340943511218,
        2.983170471755609,
        2.983170641269857,
        5.966341282539714,
        2.983170641269857
      ],
      [
        1.4915879744346778,
        2.9831759488693557,
        -10.47162015638171,
        1.491587611807992,
        2.983175223615984,
        1.491587611807992,
        1.4915852358778046,
        2.983170471755609,
        1.4915852358778046,
        1.4915853206349285,
        2.983170641269857,
        1.4915853206349285
      ],
      [
        1.491587611807992,
        2.983175223615984,
        1.491587611807992,
        -10.473155790770447,
        2.9831952650251887,
        1.4915976325125944,
        1.4915872776199066,
        2.9831745552398132,
        1.4915872776199066,
        1.4915858900283312,
        2.9831717800566624,
        1.4915858900283312
      ],
      [
        2.983175223615984,
        5.966350447231968,
        2.983175223615984,
        2.9831952650251887,
        -17.963116316515702,
        2.9831952650251887,
        2.9831745552398132,
        5.9663491104796265,
        2.9831745552398132,
        2.9831717800566624,
        5.966343560113325,
        2.9831717800566624
      ],
      [
        1.491587611807992,
        2.983175223615984,
        1.491587611807992,
        1.4915976325125944,
        2.9831952650251887,
        -10.473155790770447,
        1.4915872776199066,
        2.9831745552398132,
        1.4915872776199066,
        1.4915858900283312,
        2.9831717800566624,
        1.4915858900283312
      ],
      [
        1.4915852358778046,
        2.983170471755609,
        1.4915852358778046,
        1.4915872776199066,
        2.9831745552398132,
        1.4915872776199066,
        -10.471191536045552,
        2.9831705574185863,
        1.4915852787092931,
        1.4915850246851823,
        2.9831700493703646,
        1.4915850246851823
      ],
      [
        2.983170471755609,
        5.966340943511218,
        2.983170471755609,
        2.9831745552398132,
        5.9663491104796265,
        2.9831745552398132,
        2.9831705574185863,
        -17.959212514672515,
        2.9831705574185863,
        2.9831700493703646,
        5.966340098740729,
        2.9831700493703646
      ],
      [
        1.4915852358778046,
        2.983170471755609,
        1.4915852358778046,
        1.4915872776199066,
        2.9831745552398132,
        1.4915872776199066,
        1.4915852787092931,
        2.9831705574185863,
        -10.471191536045552,
        1.4915850246851823,
        2.9831700493703646,
        1.4915850246851823
      ],
      [
        1.4915853206349285,
        2.983170641269857,
        1.4915853206349285,
        1.4915858900283312,
        2.9831717800566624,
        1.4915858900283312,
        1.4915850246851823,
        2.9831700493703646,
        1.4915850246851823,
        -10.471145441509858,
        2.983169977613106,
        1.491584988806553
      ],
      [
        2.983170641269857,
        5.966341282539714,
        2.983170641269857,
        2.9831717800566624,
        5.966343560113325,
        2.9831717800566624,
        2.9831700493703646,
        5.966340098740729,
        2.9831700493703646,
        2.983169977613106,
        -17.95912090540661,
        2.983169977613106
      ],
      [
        1.4915853206349285,
        2.983170641269857,
        1.4915853206349285,
        1.4915858900283312,
        2.9831717800566624,
        1.4915858900283312,
        1.4915850246851823,
        2.9831700493703646,
        1.4915850246851823,
        1.491584988806553,
        2.983169977613106,
        -10.471145441509858
      ]
    ],
    "ansatze": [
      "twolocal",
      "alternating_ry_rz",
      "random_circuit"
    ],
    "histories_energy": [
      [
        [
          1.200327382518525,
          -2.8957619819653324,
          -6.98833312413327,
          -4.651476871659887,
          -1.5737411508127463,
          -6.1000697847663865,
          -5.230064385055689,
          -3.4265954298574783,
          -1.114191825156686,
          -6.132177577804534,
          -6.771455719328968,
          -2.5518011670368717,
          -7.109046375245023,
          -7.612202291630695,
          -7.498509781730125,
          -8.95925907372616,
          -6.613130611899288,
          -8.190305978763508,
          -8.592621287202192,
          -8.523851576636105,
          -8.975378939590218,
          -9.586468298452981,
          -7.956343727180755,
          -11.204912822173032,
          -7.923038377782414,
          -9.896521724526405,
          -9.25843666790469,
          -12.426581176755345,
          -11.769673660951339,
          -14.749089163834618,
          -14.37252663994932,
          -12.156503531106257,
          -14.631267803776943,
          -13.990241331188162,
          -13.49312234902403,
          -16.911540729612778,
          -16.195385165063122,
          -17.068921525970012,
          -17.32675232166459,
          -16.816146730112987,
          -17.260503764648703,
          -16.531887237109643,
          -17.01003653586061,
          -17.355748624288598,
          -16.57473379522049,
          -17.376251340001055,
          -16.930520428604645,
          -16.681194618327808,
          -16.664143490603003,
          -19.191934191157543,
          -18.17195665628322,
          -19.307708072372435,
          -17.97477445709399,
          -16.830631885853244,
          -18.137177724902976,
          -18.960541015217157,
          -18.647928406638645,
          -18.54016636669575,
          -20.277651257963814,
          -20.07130380127193,
          -19.65852878266349,
          -20.04817577000128,
          -19.89316704007686,
          -20.20477683030258,
          -20.611235305812283,
          -20.37737205356857,
          -19.680216568621017,
          -20.469004633203756,
          -20.050147498907627,
          -20.159729996862733,
          -20.047223669889462,
          -20.048599441668223,
          -19.18650369031522,
          -20.336946757398625,
          -20.82843398249952,
          -20.693825725071438,
          -20.5819208856709,
          -20.984622624912642,
          -20.658855904274507,
          -20.98868621999813,
          -20.398438398408885,
          -20.876050805644805,
          -19.362940492316795,
          -21.088864780513816,
          -20.335558251378668,
          -21.014272515553508,
          -21.192100006800054,
          -21.174784207142494,
          -20.822489061086387,
          -21.159937521766942,
          -20.93517578682217,
          -20.798946716678202,
          -21.092423804046593,
          -21.051311020248352,
          -20.883940847717938,
          -20.92829011221093,
          -21.174993935135127,
          -21.00583882973573,
          -20.953304677408745,
          -21.32176432951258,
          -18.77616292211527,
          -21.115248465775686,
          -20.2136077651844,
          -20.959296496564694,
          -18.720817870825954,
          -20.77224148964148,
          -20.066014877187662,
          -21.15844265427719,
          -20.680554350947496,
          -21.136490860318624,
          -20.19643691726077,
          -21.17067983045773,
          -20.477263455430347,
          -20.2472339590094,
          -20.517355961460726,
          -21.145043087814805,
          -18.808172003063337,
          -20.844132472896355,
          -21.022989646881566,
          -20.807341427290424
        ]
      ],
      [
        [
          20.00946323944987,
          15.673856173164221,
          1.8353174968002666,
          2.38992078621067,
          -1.232004031703089,
          4.756554509393136,
          4.987887336280913,
          -0.11395575437823346,
          0.4079242748295231,
          0.6087777939699723,
          1.4531591038688632,
          -0.5649883843888284,
          1.2239991561288255,
          -3.7012671956263414,
          4.061632771638461,
          -0.5399222626954804,
          -2.5262468172275248,
          -10.800823171176122,
          -8.79814378705076,
          -10.79598160077194,
          -14.529018466057389,
          -15.407344906278192,
          -15.659231533950528,
          -17.373968421775345,
          -17.214882254456334,
          -16.689661311927214,
          -15.56576346725557,
          -17.151592402155526,
          -17.022737098154963,
          -17.27677870176558,
          -16.03447351587296,
          -17.54835736377646,
          -17.58438829256452,
          -15.702278749156816,
          -17.45571869942402,
          -13.63457368700411,
          -17.932017109528797,
          -17.57144254558675,
          -17.33143787078463,
          -17.461762230577417,
          -17.645279592450716,
          -17.5695186256114,
          -17.13845485090225,
          -17.288438176708304,
          -17.43371126701977,
          -17.98774568692368,
          -18.018722022868257,
          -17.535368873921552,
          -17.51752807298957,
          -17.458663943598285,
          -17.654046395308843,
          -16.992902568041774,
          -17.92495683797118,
          -17.764540665499627,
          -17.228723312109732,
          -17.235233222354914,
