[
  {
    "vqe2_energy": [
      -292.78443336486816,
      -295.94051361083984,
      -247.88451385498047
    ],
    "vqe2_vector": [
      [
        0,
        1,
        0,
        1,
        1,
        0,
        1,
        0,
        1,
        1,
        1,
        1
      ],
      [
        0,
        1,
        0,
        1,
        0,
        0,
        0,
        0,
        1,
        1,
        1,
        1
      ],
      [
        1,
        1,
        1,
        0,
        0,
        1,
        0,
        0,
        0,
        0,
        0,
        1
      ]
    ],
    "vqe2_min_error": [
      1.0664576497025013,
      0.0,
      16.238398443496905
    ],
    "vqe2_params": [
      [
        0.7116330278368823,
        0.6225848355406658,
        2.4854510219793933,
        6.37905802459185,
        -0.04600888982147657,
        4.239338337426771,
        6.44909631325009,
        2.6327737473098582,
        5.784934377291705,
        3.0877428458767957,
        0.6975198899484661,
        6.6142856905975,
        3.6423678014726257,
        4.63028163095944,
        0.34347768370001636,
        5.171099908905301,
        3.376695142703465,
        4.770498842116202,
        4.980637567092531,
        5.165508353184829,
        0.8650192788457624,
        4.355689416116892,
        2.875332099483719,
        5.652992120758128,
        3.947092411462759,
        4.202427332888399,
        6.982249114853327,
        3.4146751606254964,
        -0.20479963725363526,
        7.5453733603895525,
        0.04351551385714906,
        0.21566178501523273,
        3.5465401176330245,
        1.8492599415146556,
        2.8547877652081763,
        5.675104829781215,
        5.155309638658256,
        5.292561524409027,
        1.5442524416576449,
        0.9070492262931444,
        5.274059652922608,
        2.7539087103462423,
        0.613748029837923,
        4.014818402110305,
        4.495927157427266,
        0.3694670352722055,
        3.849329554836757,
        3.00488746508231
      ],
      [
        3.1532785476529153,
        4.7718083954705985,
        2.005876758716718,
        -0.21908415934423744,
        3.2256019121151454,
        1.873564273216766,
        0.85236437917768,
        2.7981647221911468,
        7.975769795518098,
        1.6467518611327205,
        3.7775972799564994,
        2.743528424953443,
        0.5564783493024745,
        4.594940643913118,
        2.8718204835042056,
        1.6651837200147184,
        7.119430555081903,
        1.0118381080904302,
        5.565824105523341,
        4.734823657831933,
        0.7717992590454632,
        1.3107827729981543,
        1.1798710269847705,
        2.5147272110614276,
        5.720780679693096,
        2.827334469848768,
        3.437490249502737,
        4.18994077274993,
        3.514222894394814,
        1.2544670826357456,
        6.277808297216756,
        5.339018730431499,
        0.028380216605129925,
        3.5769298586290117,
        5.0627759573762114,
        5.616027406358714,
        2.6089253251098086,
        2.1692923535677204,
        3.8064717250570634,
        5.077412227640551,
        5.749735298069515,
        6.182526669373055,
        2.762353030866908,
        0.006283197130137112,
        3.4776302749707306,
        0.44508337254887737,
        2.9293346183599582,
        5.78312429378544,
        4.3393327617473885,
        2.995665844422465,
        2.784600633833175,
        6.131310541983369,
        6.105155404112857,
        5.023011374009295,
        6.3413019195194655,
        5.693187175383505,
        2.7282438460299434,
        2.337345495604782,
        4.071682493658711,
        5.549394454178878,
        1.0417597808533834,
        1.6924790418192277,
        3.374329418270303,
        2.070885197874432,
        0.38874145724499826,
        2.2696294117252784,
        0.7027953892127524,
        2.7563172574761663,
        1.3783669087598462,
        1.2021817969214033,
        5.9079682431019735,
        1.7348250183199259
      ],
      [
        2.5187161778520255,
        2.286837995142399,
        2.9448649425671976,
        5.904647989318385,
        1.0870302898260682,
        5.87241332604067,
        1.590614213787386,
        5.697082683556951,
        2.927320641086115,
        4.9965049582526,
        2.9557843596239306,
        5.143674346507711,
        5.875172080237013,
        2.751826442226883,
        3.7404260258277056,
        4.319576028925289,
        3.849177567618491,
        0.05328188979082827,
        7.150506580220487,
        5.984967785604919,
        6.096788328939338,
        2.2964382571557915,
        4.8011896339809335,
        1.5756447105143,
        1.356140144985442,
        5.944072390373838,
        4.900417764111357,
        3.9215475355515523,
        3.2246380360453286,
        3.018050255458996,
        6.1733301457574115,
        2.667467256201318,
        4.545976034029576,
        3.9116725368229606,
        1.5766532038900074,
        6.14085559844865,
        4.818930677294968,
        5.255039589815926,
        1.5637703388476325,
        5.968335643189679,
        4.523678526862213,
        5.382884216620628,
        4.356086596491805,
        4.432252786066012,
        4.032500106163396,
        0.5378550313739493,
        4.009387905233711,
        1.606442979007249,
        5.094104537424495,
        3.3566598239053653,
        2.2710476104330413,
        0.395438201498651,
        2.233531080061842,
        1.753514649828554,
        5.825798020525325,
        6.215111863349218,
        4.913037534472783,
        3.112821051573881,
        2.8511987029397194,
        1.020644775889291,
        4.064540652037562,
        4.760433645976255,
        2.3172862365391724,
        2.2254322209027255,
        2.0425104460068235,
        3.152841585012174,
        6.138776017536165,
        3.4559025557912264,
        2.3971926860082955,
        2.27740388236628,
        2.767132621333203,
        2.416110224828148,
        0.09885117684393799,
        1.4748522377279532,
        4.359672907296457,
        2.0178338161469314,
        0.8754340969697023,
        5.586211470723277,
        1.2096369478118922,
        2.3373777942000027,
        1.5228312820810166,
        0.7918865099934729,
        3.2629759823617475,
        2.9425044097033446,
        1.1538990517668064,
        2.379106527150575,
        5.414837464884939,
        2.0767654532165785,
        1.403892802093079,
        6.100202722840391,
        2.448083975343367,
        0.39045506822468695,
        0.8740455814271909,
        0.2929928902304764,
        0.5345181579476909,
        2.772515545380698,
        3.251294770269663,
        1.1063810415564979,
        2.9515310189786335,
        0.8334418579157788,
        3.8190835016552462,
        5.720070481944973,
        4.410963716628422,
        0.5007682719744824,
        4.251256660112582,
        1.1625649247904557,
        1.7559177656235994,
        3.364617920378285
      ]
    ],
    "vqe2_time": [
      38.09394812583923,
      65.38648581504822,
      70.79976034164429
    ],
    "solution_vector": [
      0,
      1,
      0,
      1,
      0,
      0,
      0,
      0,
      1,
      1,
      1,
      1
    ],
    "solution_min_energy": -295.94051361083984,
    "solution_time": 0.02459573745727539,
    "matrix_size": 12,
    "qubo_matrix": [
      [
        -73.58003234863281,
        13.966049194335938,
        6.983024597167969,
        13.966049194335938,
        3.125,
        6.25,
        0.0,
        0.0,
        3.472222328186035,
        6.94444465637207,
        0.0,
        0.0
      ],
      [
        13.966049194335938,
        -133.1940155029297,
        13.966049194335938,
        27.932098388671875,
        6.25,
        12.5,
        0.0,
        0.0,
        6.94444465637207,
        13.88888931274414,
        0.0,
        0.0
      ],
      [
        6.983024597167969,
        13.966049194335938,
        -73.58003234863281,
        13.96605110168457,
        3.125,
        6.25,
        0.0,
        0.0,
        3.472222328186035,
        6.94444465637207,
        0.0,
        0.0
      ],
      [
        13.966049194335938,
        27.932098388671875,
        13.96605110168457,
        -133.19403076171875,
        6.25,
        12.5,
        0.0,
        0.0,
        6.94444465637207,
        13.88888931274414,
        0.0,
        0.0
      ],
      [
        3.125,
        6.25,
        3.125,
        6.25,
        -45.80225372314453,
        13.966049194335938,
        0.0,
        0.0,
        0.0,
        0.0,
        3.472222328186035,
        6.94444465637207
      ],
      [
        6.25,
        12.5,
        6.25,
        12.5,
        13.966049194335938,
        -77.63845825195312,
        0.0,
        0.0,
        0.0,
        0.0,
        6.94444465637207,
        13.88888931274414
      ],
      [
        0.0,
        0.0,
        0.0,
        0.0,
        0.0,
        0.0,
        3.125,
        6.25,
        0.0,
        0.0,
        0.0,
        0.0
      ],
      [
        0.0,
        0.0,
        0.0,
        0.0,
        0.0,
        0.0,
        6.25,
        12.5,
        0.0,
        0.0,
        0.0,
        0.0
      ],
      [
        3.472222328186035,
        6.94444465637207,
        3.472222328186035,
        6.94444465637207,
        0.0,
        0.0,
        0.0,
        0.0,
        -46.875,
        6.25,
        0.0,
        0.0
      ],
      [
        6.94444465637207,
        13.88888931274414,
        6.94444465637207,
        13.88888931274414,
        0.0,
        0.0,
        0.0,
        0.0,
        6.25,
        -87.5,
        0.0,
        0.0
      ],
      [
        0.0,
        0.0,
        0.0,
        0.0,
        3.472222328186035,
        6.94444465637207,
        0.0,
        0.0,
        0.0,
        0.0,
        -21.875,
        6.25
      ],
      [
        0.0,
        0.0,
        0.0,
        0.0,
        6.94444465637207,
        13.88888931274414,
        0.0,
        0.0,
        0.0,
        0.0,
        6.25,
        -37.5
      ]
    ],
    "ansatze": [
      "twolocal",
      "alternating_ry_rz",
      "random_circuit"
    ],
    "histories_energy": [
      [
        [
          -217.56079423904416,
          -216.5346780671014,
          -225.78306261062625,
          -231.04823480182222,
          -230.58665596856014,
          -223.6803856468201,
          -234.45443022198143,
          -239.41941978454588,
          -236.0175616645813,
          -241.2766718673706,
          -236.51065184911093,
          -240.18556516647342,
          -240.385070177714,
          -241.99545651541817,
          -240.54376279830925,
          -241.90877699110246,
          -242.4164418856303,
          -244.1304479662577,
          -245.7790461858114,
          -246.67375894122657,
          -245.1821742375692,
          -236.47493296517268,
          -246.87153655793932,
          -246.16583066728373,
          -247.19692659801905,
          -245.64105645709566,
          -246.74465879652234,
          -253.6460408274333,
          -248.5428689554002,
          -246.21858104281955,
          -254.69251838048302,
          -250.840118537479,
          -253.6692701890734,
          -249.3571257930332,
          -251.62179237365723,
          -254.79565466986764,
          -257.14846977869666,
          -259.5742217593723,
          -257.441686630249,
          -258.5307773102654,
          -258.8609715673659,
          -258.40250077141656,
          -257.8719779480828,
          -259.07221681170995,
          -258.85637230343286,
          -259.2423445002238,
          -258.2724289872911,
          -258.4424706861708,
          -258.9864146889581,
          -262.70882812288073,
          -256.87842667685607,
          -266.0182895321316,
          -271.0197530619304,
          -269.5077909490797,
          -271.14778024037685,
          -272.33523157967454,
          -268.74899982240464,
          -271.6210832617018,
          -275.23106086095174,
          -274.97405284881586,
          -273.988237906562,
          -275.25787303288774,
          -275.65698701434667,
          -276.8703225983514,
          -275.29518894831335,
          -276.42195368236963,
          -276.8964668655396,
          -276.63833021375865,
          -279.70224603441034,
          -279.9390395800272,
          -277.6910439067417,
          -279.8901580598619,
          -280.62688729604093,
          -281.4025825394524,
          -281.01969250784987,
          -281.87856994840837,
          -278.68005336125697,
          -279.7881170039707,
          -279.81401149325893,
          -280.378677505917,
          -274.91215205510457,
          -281.9346426412794,
          -283.4980727619595,
          -284.83386597315473,
          -284.80935631010266,
          -285.32709440867103,
          -283.75869071536596,
          -285.5245348464118,
          -285.7998715909322,
          -284.4843005286323,
          -285.38734878963896,
          -285.69683486090776,
          -285.0983387480841,
          -285.16109229617655,
          -284.84731467988763,
          -285.46669907251993,
          -285.4068864780003,
          -285.36179642995194,
          -283.7636265903049,
          -285.49412520090743,
          -284.02852520200946,
          -284.348303021325,
          -281.413880259196,
          -283.8681993060643,
          -278.8360654491848,
          -284.55081899007155,
          -285.3053326034546,
          -284.3652003097534,
          -286.482319278717,
          -286.5374955283271,
          -285.31396173689103,
          -285.1308048799303,
          -285.7418541463216,
          -286.0960350015429,
          -286.8789616881476,
          -286.2382030847337,
          -286.6887572521633,
          -285.1641497166952,
          -285.28898084216644,
          -286.4368499501546
        ]
      ],
      [
        [
          -174.76084883160064,
          -178.22837328804863,
          -178.56657449934218,
          -187.96019758860268,
          -177.3186271731059,
          -192.7223526212904,
          -190.87401650322815,
          -190.12854775746666,
          -191.87698886659416,
          -210.11701529608828,
          -194.15529716067846,
          -225.21635212368435,
          -229.15960437562734,
          -218.04294759962298,
          -231.38372956381903,
          -232.92345638275148,
          -227.37432456970208,
          -234.15546933915869,
          -235.64967468261722,
          -234.92876889970566,
          -235.74109859678478,
          -231.569945602417,
          -236.66133278316923,
          -216.6100497288174,
          -238.7278288078308,
          -230.40402420679732,
          -240.31195065604317,
          -249.5098778152466,
          -243.03188863754272,
          -242.50361300362488,
          -247.31223346922138,
          -250.39022376802237,
          -245.9346095233493,
          -239.39806163363986,
          -248.9079801093207,
          -234.84152077568905,
          -246.74839169608222,
          -248.67427571402658,
          -250.27493363910247,
          -250.52278767691723,
          -248.12224830415516,
          -248.1903367084927,
          -249.89549407323202,
          -247.7086563640171,
          -249.86806385888,
          -249.45397640440194,
          -249.16044264687434,
          -248.09949296951294,
          -247.09246021906532,
          -249.38524424023097,
          -249.60222438600323,
          -249.39237813101877,
          -248.19771313561333,
          -250.31186550776167,
          -250.01338083479135,
          -247.6055264663696,
          -251.65112738079495,
          -248.86859667883985,
          -248.04768339369033,
          -250.21589360131162,
          -248.18826710595022,
          -251.92102273093332,
          -251.23570873260496,
          -248.2183727094862,
          -250.1648916244507,
          -248.29905851999916,
          -247.32321405198834,
          -248.84015162785846,
          -249.09153675503202,
          -247.22966915978327,
          -249.47338606092663,
          -246.29301212098864,
          -248.14229575898912,
          -259.68857590993247,
          -261.2462761010064,
          -261.7438949267069,
          -259.40877599080403,
          -261.5138518799676,
          -256.6677276992798,
          -263.81954704072746,
          -263.2338985824585,
          -264.1494391865201,
          -262.9420501581828,
          -263.035939095815,
          -253.11672292285493,
          -262.7242920939127,
          -258.52608387841116,
          -263.40948451571995,
          -262.4181249088711,
          -260.6221103583442,
          -256.2826394123501,
          -261.0728660859003,
          -265.9762961938645,
          -262.7667929183112,
          -263.0962522612678,
          -265.2845019785563,
          -259.4600805558099,
          -265.5122981198629,
          -266.8054475953844,
          -268.1770088407728,
          -262.24828297085224,
          -266.6479290538364,
          -262.8131068971421,
          -266.22624851226806,
          -263.64490538703075,
          -268.60107367621526,
          -267.4056479369269,
          -268.5349553828769,
          -271.8841238043043,
          -264.71876124064124,
          -272.5143983162774,
          -272.1196519788107,
          -271.5967147339715,
          -272.13001147800026,
          -273.38488459481135,
          -273.2267648633321,
          -273.88505453533594,
          -275.55088809967043,
          -275.58412419425116,
          -274.53854489220515
        ]
      ],
      [
        [
          -201.1683804660373,
          -188.63738514370382,
          -193.17017582151627,
          -198.6563474082947,
          -194.51221480687462,
          -196.69205241733127,
          -204.11955632951526,
          -206.55421989228986,
          -205.0534854380289,
          -219.08084774865048,
          -198.08260342492,
          -235.18455359352956,
          -237.16274525748355,
          -236.37238231447017,
          -232.88961995866566,
          -237.9664847543504,
          -231.39385903676356,
          -233.58635188844465,
          -236.56223529179894,
          -239.22709057066183,
          -235.60479496637979,
          -237.54837089326648,
          -216.28459348466657,
          -233.75095156351728,
          -238.75574484083384,
          -233.4731585354275,
          -238.00473205566402,
          -226.3621060816447,
          -235.66972628275553,
          -242.2293954001532,
          -240.87857393688626,
          -239.48052945242986,
          -238.9530038727655,
          -242.00993579652575,
          -243.871584309472,
          -239.92326730092364,
          -245.7578538046943,
          -248.02379774093632,
          -245.4683685048421,
          -243.64874549441865,
          -244.73395760218307,
          -243.4401812574598,
          -244.5431283654107,
          -245.0755275154114,
          -246.41435238308378,
          -244.11859116024436,
          -242.0194598325094,
          -242.89360289467706,
          -245.35880886289812,
          -245.1661291864183,
          -244.43576763153075,
          -243.39446111043284,
          -244.1973264482286,
          -242.91315941704644,
          -244.79051516850785,
          -243.6116750314501,
          -245.6451398616367,
          -245.64175204806858,
          -246.80550502141318,
          -244.5673612912496,
          -247.68553105460273,
          -245.47926029205317,
          -244.4184604771932,
          -244.9252131589254,
          -246.10363614400228,
          -242.85999387317244,
          -245.09894113540648,
          -244.36986594941874,
          -246.5387620057,
          -245.45317330678313,
          -244.2459124437968,
          -245.0412377315097,
          -245.10427692625257,
          -244.64887645721439,
          -245.88163472917347,
          -245.37647557576497,
          -241.90825448777943,
          -246.26723431057394,
          -244.99024813122222,
          -246.55428936004637,
          -244.76917172749836,
          -245.69767815060086,
          -244.21542478137548,
          -244.924126317766,
          -245.52378113640685,
          -245.4904700046116,
          -245.67113720575966,
          -245.48261626561472,
          -246.09290554470485,
          -244.9602833387587,
          -247.3973771942986,
          -244.79583027945623,
          -244.08023354636296,
          -245.66490712483727,
          -244.34068116929797,
          -245.1797082604302,
          -244.4807543902927,
          -244.83504204008312,
          -244.28321180767486,
          -246.3711960919698,
          -246.45632762697014,
          -245.24030212614267,
          -243.57948691897923,
          -245.6279784647624,
          -243.98532232708405,
          -244.40969388326005,
          -246.60374943839182,
          -245.20725137922497,
          -247.48660583919946,
          -245.01071453306406,
          -242.2288392851088,
          -236.3217139561971,
          -242.3115457259284,
          -244.42456221474544,
          -245.4094743092855,
          -241.6314846017626,
          -242.5168761719598,
          -238.85124130672878,
          -242.10283500671386,
          -235.35767709943988
        ]
      ]
    ]
  },
  {
    "vqe2_energy": [
      -110.33629953801466,
      -103.39530715789144,
      -103.3953338367867
    ],
    "vqe2_vector": [
      [
        1,
        0,
        1,
        0,
        0,
        0,
        0,
        0,
        0,
        1,
        0,
        1
      ],
      [
        1,
        0,
        0,
        1,
        0,
        1,
        0,
        0,
        1,
        0,
        0,
        1
      ],
      [
        0,
        0,
        0,
        0,
        1,
        1,
        0,
        1,
        0,
        1,
        0,
        0
      ]
    ],
    "vqe2_min_error": [
      8.704518407176565e-05,
      6.29084209804156,
      6.290817918445035
    ],
    "vqe2_params": [
      [
        2.546401137719352,
        5.234157392617441,
        3.877966046227511,
        3.367421087480082,
        4.119385834827224,
        3.1137455375038963,
        2.48717022640493,
        1.609285527427941,
        5.1372269914441935,
        4.975134720723711,
        3.3237604987222236,
        3.2008923542904903,
        2.8390163088610247,
        2.832782902058643,
        3.4099652158438807,
        2.5695429505044944,
        -0.23037000961489712,
        5.660297015060953,
        4.3686100176203295,
        5.610727478055774,
        -0.3725887077420813,
        0.5152090485991807,
        1.0525206472294297,
        5.154062630559946,
        0.519592691926922,
        5.490154081154887,
        5.7491965987986875,
        4.0636542032791,
        3.073716732554689,
        2.9877190277818735,
        2.6118178128500817,
        2.6355823286465005,
        -0.31312275138411155,
        1.7374772993403247,
        3.4272710832486144,
        4.7597500832004345,
        5.780694248005156,
        4.888873804291229,
        1.2600737974824359,
        0.9199320677782049,
        4.905261974649647,
        3.8066080697254723,
        1.5536077861923743,
        4.547620420181587,
        3.259667398329758,
        4.375613494884919,
        4.341666045627557,
        2.2893963143036733
      ],
      [
        6.183574142100663,
        1.6448538319471746,
        6.91281429004311,
        2.702826436632178,
        2.643465936712633,
        4.735647138264183,
        6.468267670023988,
        3.1886448512055727,
        -0.11775831467980787,
        4.809932010668686,
        5.49880393976425,
        1.4515416770473206,
        1.918084469847369,
        2.631545596836343,
        3.215994040483492,
        4.327019365981642,
        3.966639248141456,
        6.885967905567063,
        2.3064861339846603,
        2.1185970284782893,
        2.4052085362341633,
        2.739108874742249,
        4.690553218612928,
        0.7003700031804843,
        4.171930098941269,
        5.3632140825216945,
        3.2167016579653906,
        4.777480051050002,
        5.263869355632841,
        0.3891339835890913,
        0.3263868831642377,
        5.699636167101031,
        6.528833822240628,
        3.708565876623958,
        1.100928440184281,
        6.523413299397953,
        4.0837437290996315,
        0.8640841102568084,
        3.931662439937215,
        4.839816198270345,
        5.150490960169794,
        4.131898898815527,
        5.59579630345567,
        5.9770594219509725,
        1.4154935724698454,
        6.889609898714942,
        4.946183233083789,
        2.5172843784032404,
        5.2766711634745205,
        1.805524810831495,
        2.0303997273023557,
        2.3430617474923143,
        1.0408788158304343,
        1.445008974993831,
        2.630141228700146,
        2.6134362003471514,
        3.3236375007030925,
        2.312595378189997,
        2.791015045302145,
        0.7386414362592973,
        1.0937876129649609,
        4.884393685169562,
        3.596466207238126,
        2.3856132370227474,
        4.876749859167028,
        1.1055436011140862,
        1.059734769440495,
        3.2866153914215106,
        4.697053803230168,
        1.235188353926835,
        2.8819134566938747,
        5.348983258722972
      ],
      [
        3.2533773397404433,
        3.339359580166256,
        1.950549890348544,
        2.3465505714434776,
        1.737706120937588,
        1.8061626881780848,
        1.2017703924060366,
        1.7171980055068228,
        6.573527969508911,
        3.984195746448765,
        5.957835322508953,
        5.322692786202457,
        0.46054304654146755,
        5.417328884691215,
        6.698582667581571,
        4.912417614419793,
        1.4288711318434135,
        1.45187617913445,
        4.03949139707141,
        4.467022556866008,
        2.2210952474923142,
        5.613408993248801,
        2.1419712055029,
        3.741494511570484,
        5.375044471787292,
        2.475178513412424,
        2.9034996711186705,
        4.450093443651646,
        5.282048132215176,
        4.300017172528799,
        6.042542848976783,
        1.031075336659804,
        0.7412212819986219,
        0.7647459355716908,
        4.711497495566069,
        2.9287893119943034,
        5.463617695454394,
        4.932650097072724,
        3.478972626752631,
        5.133392139364092,
        2.6580594585099933,
        3.968692033135186,
        4.8974118962948205,
        0.8413141957579559,
        3.623647748336348,
        1.3066659340401752,
        1.901035420695455,
        5.4431062444487095,
        4.562546879526805,
        0.1984636165415518,
        1.176293769695623,
        3.518625540056921,
        2.4093403270765466,
        1.3479786113482117,
        3.6009022947205844,
        5.861251105693986,
        4.8383423976722995,
        0.24421430420707008,
        5.734265750998438,
        1.8119596057358018,
        5.723021535456874,
        1.0991382097009161,
        0.18536224098587234,
        0.48580944974946716,
        0.7972939205911611,
        5.510184434315888,
        4.686906955016065,
        0.595561915993757,
        5.47467157795179,
        2.5732885303257342,
        2.9866708791451058,
        0.461060972945484,
        4.772309279381567,
        0.6428254153944976,
        5.172959492808525,
        0.3131119171394216,
        5.87253221583903,
        1.3567164970691263,
        3.0349298587011866,
        0.5639596886372494,
        5.898762900470103,
        4.091347933608753,
        5.98354526622214,
        2.385441793283055,
        2.933301827977772,
        1.0402714529073134,
        3.179921031219756,
        3.488634886463145,
        3.8128070474910802,
        0.37556016289855254,
        3.3153026968442623,
        1.702810177666506,
        5.254371565240164,
        1.7115756225833283,
        4.955716441599995,
        5.127579476776328,
        2.254575465691438,
        4.322083438866447,
        1.692441688284174,
        1.6899173955014504,
        2.966393971677673,
        4.655982922278164,
        1.2948679843656254,
        2.7820399321848526,
        5.650350732373606,
        2.0933170014606657,
        3.225451955273985,
        4.555109459344489
      ]
    ],
    "vqe2_time": [
      57.79548954963684,
      59.896000623703,
      87.48328375816345
    ],
    "solution_vector": [
      1,
      0,
      0,
      1,
      1,
      0,
      1,
      1,
      0,
      0,
      0,
      0
    ],
    "solution_min_energy": -110.33639558053329,
    "solution_time": 0.021367549896240234,
    "matrix_size": 12,
    "qubo_matrix": [
      [
        -25.833818978747345,
        3.440508666287009,
        6.881017332574018,
        1.7202543331435045,
        1.7202542339221356,
        3.4405084678442712,
        6.8810169356885424,
        1.7202542339221356,
        1.7202542432429788,
        3.4405084864859576,
        6.881016972971915,
        1.7202542432429788
      ],
      [
        3.440508666287009,
        -48.22712929120768,
        13.762034665148036,
        3.440508666287009,
        3.4405084678442712,
        6.8810169356885424,
        13.762033871377085,
        3.4405084678442712,
        3.4405084864859576,
        6.881016972971915,
        13.76203394594383,
        3.4405084864859576
      ],
      [
        6.881017332574018,
        13.762034665148036,
        -82.69222391726733,
        6.881017332574018,
        6.8810169356885424,
        13.762033871377085,
        27.52406774275417,
        6.8810169356885424,
        6.881016972971915,
        13.76203394594383,
        27.52406789188766,
        6.881016972971915
      ],
      [
        1.7202543331435045,
        3.440508666287009,
        6.881017332574018,
        -25.833818978747345,
        1.7202542339221356,
        3.4405084678442712,
        6.8810169356885424,
        1.7202542339221356,
        1.7202542432429788,
        3.4405084864859576,
        6.881016972971915,
        1.7202542432429788
      ],
      [
        1.7202542339221356,
        3.4405084678442712,
        6.8810169356885424,
        1.7202542339221356,
        -25.833834190220067,
        3.4405091491909046,
        6.881018298381809,
        1.7202545745954523,
        1.7202543102129466,
        3.4405086204258932,
        6.8810172408517865,
        1.7202543102129466
      ],
      [
        3.4405084678442712,
        6.8810169356885424,
        13.762033871377085,
        3.4405084678442712,
        3.4405091491909046,
        -48.227159231249225,
        13.762036596763618,
        3.4405091491909046,
        3.4405086204258932,
        6.8810172408517865,
        13.762034481703573,
        3.4405086204258932
      ],
      [
        6.8810169356885424,
        13.762033871377085,
        27.52406774275417,
        6.8810169356885424,
        6.881018298381809,
        13.762036596763618,
        -82.69228186573483,
        6.881018298381809,
        6.8810172408517865,
        13.762034481703573,
        27.524068963407146,
        6.8810172408517865
      ],
      [
        1.7202542339221356,
        3.4405084678442712,
        6.8810169356885424,
        1.7202542339221356,
        1.7202545745954523,
        3.4405091491909046,
        6.881018298381809,
        -25.833834190220067,
        1.7202543102129466,
        3.4405086204258932,
        6.8810172408517865,
        1.7202543102129466
      ],
      [
        1.7202542432429788,
        3.4405084864859576,
        6.881016972971915,
        1.7202542432429788,
        1.7202543102129466,
        3.4405086204258932,
        6.8810172408517865,
        1.7202543102129466,
        -25.833814732979867,
        3.4405085315007398,
        6.8810170630014795,
        1.7202542657503699
      ],
      [
        3.4405084864859576,
        6.881016972971915,
        13.76203394594383,
        3.4405084864859576,
        3.4405086204258932,
        6.8810172408517865,
        13.762034481703573,
        3.4405086204258932,
        3.4405085315007398,
        -48.227120934458995,
        13.762034126002959,
        3.4405085315007398
      ],
      [
        6.881016972971915,
        13.76203394594383,
        27.52406789188766,
        6.881016972971915,
        6.8810172408517865,
        13.762034481703573,
        27.524068963407146,
        6.8810172408517865,
        6.8810170630014795,
        13.762034126002959,
        -82.69220774291503,
        6.8810170630014795
      ],
      [
        1.7202542432429788,
        3.4405084864859576,
        6.881016972971915,
        1.7202542432429788,
        1.7202543102129466,
        3.4405086204258932,
        6.8810172408517865,
        1.7202543102129466,
        1.7202542657503699,
        3.4405085315007398,
        6.8810170630014795,
        -25.833814732979867
      ]
    ],
    "ansatze": [
      "twolocal",
      "alternating_ry_rz",
      "random_circuit"
    ],
    "histories_energy": [
      [
        [
          3.5319641305927085,
          -9.6779913493579,
          -23.75707387843161,
          -22.431240806564293,
          -32.151510905455744,
          -31.68570960105678,
          -26.90426133034292,
          -41.80863084361673,
          -55.513913474272414,
          -61.45084481223693,
          -63.52553222181801,
          -71.4903750866472,
          -76.94260208243551,
          -73.86947025143806,
          -71.82396847840666,
          -75.53338488561671,
          -73.78313615651396,
          -71.79360038329521,
          -75.64076514412156,
          -74.99813672284104,
          -72.50148038811724,
          -73.89635279614649,
          -72.1400505287146,
          -72.41472170979794,
          -74.82959054649638,
          -79.51876198713882,
          -79.26134784616649,
          -79.06847307397787,
          -80.98656915854136,
          -76.25162593023732,
          -59.2290422460171,
          -77.10332791035665,
          -78.80877890791014,
          -75.73087089862267,
          -85.7490062496608,
          -80.94926282480793,
          -79.88060523500245,
          -83.46438928543564,
          -83.60562166939955,
          -83.84189100620267,
          -84.49701797138536,
          -84.725322388328,
          -83.40844718012981,
          -84.51042292882131,
          -84.79701020627341,
          -84.63375323868394,
          -84.69732901523558,
          -84.50975533034082,
          -83.97712171084223,
          -90.99430513851357,
          -91.00439231495832,
          -90.53478907952254,
          -91.81536140924008,
          -86.98690323936451,
          -91.63070300809532,
          -92.73597140452478,
          -91.64086400916719,
          -91.86748927417828,
          -93.55692299991743,
          -92.8337370618654,
          -91.08853302928425,
          -93.65199028077264,
          -93.35263375207431,
          -94.2016146168001,
          -93.97187973862637,
          -93.92140672262711,
          -94.20598131835058,
          -94.8666351192067,
          -92.77279147340427,
          -92.85832941124501,
          -93.79510916922017,
          -93.94531159172298,
          -94.19532378969134,
          -93.61329589683552,
          -94.88548043737526,
          -93.39741686143151,
          -96.89359780022662,
          -95.26863439251616,
          -96.29152991628487,
          -97.01190789160242,
          -97.83232508557865,
          -97.81480837968107,
          -96.2591466697447,
          -97.75156977969306,
          -97.88851018315567,
          -98.23892855428905,
          -97.1659924403211,
          -98.143714864276,
          -97.69378018391782,
          -98.33391051894854,
          -96.99730082214518,
          -99.32487808635844,
          -98.46018451401193,
          -98.33123098201226,
          -98.2671791411449,
          -97.95659743844513,
          -97.86061734818729,
          -98.22289399912898,
          -97.99538481354648,
          -96.44769670099545,
          -98.3766785223195,
          -98.05384571950856,
          -97.04028690174096,
          -96.43121980346278,
          -97.07301108882426,
          -97.43893622913588,
          -98.28745693801483,
          -97.99843303226942,
          -100.28219418570515,
          -100.36686299973601,
          -102.26507405691932,
          -101.29074185842049,
          -99.18178523666175,
          -101.7724011808848,
          -99.86504081034339,
          -101.95355189646762,
          -101.52755497981931,
          -102.28017742046438,
          -101.96289591284854,
          -101.22233283599367
        ]
      ],
      [
        [
          -39.49476559246223,
          -38.67462155586922,
          -67.6272617538772,
          -68.95680446585777,
          -74.58470458156356,
          -77.25942851783199,
          -89.79412244052409,
          -86.63605002527065,
          -85.54067677736138,
          -88.78617422442949,
          -91.13772110118462,
          -89.80167885973755,
          -89.40064332569084,
          -90.35406314887979,
          -78.61382772483825,
          -86.84127176426921,
          -90.59216207838118,
          -89.94231355077567,
          -91.59787100016764,
          -92.95812871580634,
          -92.33704695412476,
          -91.33501102022026,
          -90.63044194188508,
          -92.94278199992097,
          -90.37026922941556,
          -91.84231843101534,
          -88.11177645640836,
          -93.39892800838817,
          -91.26176871008921,
          -91.57802608866946,
          -87.11977512901656,
          -90.12397939771124,
          -91.86578624659053,
          -93.7426915976488,
          -86.74236691152277,
          -86.76006973729639,
          -92.210542365177,
          -92.56820463698112,
          -93.35953278665093,
          -92.7049579527033,
          -92.88894146205692,
          -92.30056509317083,
          -92.84163350613201,
          -93.54973670767964,
          -91.85511036404272,
          -91.05611510262291,
          -93.96030933429375,
          -91.60154169943732,
          -93.23767117709623,
          -93.10836253406022,
          -92.05877521057049,
          -91.63502286090358,
          -93.08587091915192,
          -93.44997944628287,
          -91.96761706103034,
          -92.06167496197675,
          -92.5812975066033,
          -92.06234116409932,
          -91.66596197859846,
          -92.85150277204369,
          -92.32175758673039,
          -92.52796642442799,
          -93.76428199996052,
          -92.5709518809898,
          -93.27483131084155,
          -93.10930774689045,
          -92.59584232871677,
          -90.76969500445148,
          -93.53652575262745,
          -91.635522065435,
          -92.95122829829243,
          -93.75509057049243,
          -92.07932276193556,
          -92.45084725449176,
          -92.50129494304043,
          -93.15347333552617,
          -91.11407771075628,
          -91.48442619222031,
          -93.1233286652222,
          -92.11354804537308,
          -93.36588067940076,
          -94.19717375458487,
          -94.97742286286278,
          -83.82762985181695,
          -94.16601360940649,
          -94.51941991091994,
          -92.21529114269802,
          -90.87843923819601,
          -92.7856980225601,
          -94.64184149716833,
          -88.25688233131842,
          -92.47010840295378,
          -95.43905714479317,
          -91.2767264805824,
          -95.51360110444344,
          -94.23465688058324,
          -94.8816189990674,
          -95.59779025039253,
          -96.49947654394067,
          -95.65166824944936,
          -93.4262672246482,
          -92.78714607559688,
          -94.40807075415174,
          -95.01572328385384,
          -96.0036098262839,
          -94.97796778931902,
          -92.87041906850732,
          -94.96354903467495,
          -93.38468214114087,
