[
  {
    "vqe2_energy": [
      -2965.8775324962394,
      -2965.8774866117305,
      -2989.367222952546
    ],
    "vqe2_vector": [
      [
        1,
        0,
        0,
        1,
        1,
        1,
        1,
        1,
        0,
        0,
        0,
        0
      ],
      [
        0,
        0,
        1,
        1,
        1,
        1,
        0,
        0,
        0,
        0,
        0,
        0
      ],
      [
        1,
        0,
        0,
        0,
        1,
        0,
        0,
        0,
        0,
        0,
        1,
        0
      ]
    ],
    "vqe2_min_error": [
      0.8816419428983258,
      0.881643476338978,
      0.096626538928124
    ],
    "vqe2_params": [
      [
        0.23854226542748794,
        5.027206179070158,
        2.9432818682547333,
        2.606850877337051,
        -0.17600874025374097,
        4.813016010780082,
        1.6583535453631202,
        3.293691813684746,
        2.902017340040283,
        4.585714769537628,
        2.8413572703712107,
        4.4328667645728705,
        5.285144298175034,
        3.794669245538418,
        3.639876445279065,
        5.883344478939396,
        3.609501776133009,
        3.630327445037739,
        2.6956227714587873,
        3.1738870327092634,
        5.315660306535393,
        5.670581178153068,
        5.711771963360049,
        5.2141117252206355,
        0.9185128869755081,
        1.0951970502919377,
        3.288638244629814,
        1.681161736881253,
        3.708628651149088,
        3.9004352426939404,
        5.980153881062889,
        0.04282222223683446,
        5.4797727268361855,
        0.5298679965519144,
        3.3279615693475315,
        1.7806621830278653,
        5.785259215559529,
        3.6492160297039686,
        0.28533242449175844,
        1.3514301258400458,
        5.024443368446335,
        4.885689283348803,
        0.9492974946845328,
        6.175381474615809,
        3.5475359845917898,
        4.455153495169401,
        5.960896667029865,
        5.74794013761067
      ],
      [
        3.9781366000435305,
        5.154755530356402,
        0.5685381902534544,
        3.863283206187326,
        2.1884009876451223,
        0.7297903437450299,
        4.224345066973789,
        3.16477134552735,
        3.7538989682243886,
        1.4485436632943711,
        4.239727569413089,
        5.136582329681632,
        5.922958270084732,
        4.708535760094894,
        4.827386619999345,
        3.081847154993467,
        2.3211027672510856,
        2.390911589924406,
        1.8724677215183712,
        5.561537547859043,
        2.8856875747034887,
        5.489892422104241,
        2.28654663947672,
        5.640071657612785,
        2.0798190159166032,
        4.273421817412457,
        0.28280671584658856,
        5.483359910212964,
        0.8779731441507873,
        1.807653444124281,
        6.244265115893891,
        0.6649342519222553,
        3.317991837228833,
        4.7623104821769155,
        3.240559962426453,
        2.9624176156105477,
        1.0651124536986833,
        6.310547625278593,
        2.650808076036238,
        3.381041791597877,
        6.316026694402884,
        1.2917230669839987,
        1.7304565324920378,
        0.5274539864671797,
        3.8911869877607486,
        2.723540559670935,
        5.27112484874857,
        1.291758512819807,
        3.6995872504045124,
        6.207912187071944,
        4.6060271744250425,
        1.4307973005796546,
        4.633711635937441,
        5.981984038588291,
        4.108079962577282,
        4.459828819975786,
        6.110251588826295,
        0.5744458749238639,
        3.6523662157337364,
        2.548076425439256,
        0.8812050122609958,
        1.8182475047945152,
        2.2167083353598436,
        0.7327209473581872,
        4.312658902853229,
        0.7498559680760983,
        5.601463805087087,
        6.145509278071826,
        5.837826422313705,
        5.055043368008765,
        0.6798328982188883,
        4.508022018716324
      ],
      [
        5.690969644772139,
        4.458542709993826,
        2.534754285680542,
        6.345420079496257,
        0.8854386327920705,
        0.6096117182841498,
        2.709410093901248,
        4.742813846547905,
        3.78423803253363,
        2.8915498399505783,
        3.4071427636906804,
        5.599224297295981,
        5.529626057807444,
        5.087284001467405,
        1.4673913104747187,
        2.6330459212917945,
        1.3278667719579589,
        3.7191460813541095,
        3.796417246542084,
        0.9300207197232109,
        3.220672288091502,
        0.7407133834199607,
        0.059578327347176836,
        5.513178672124212,
        3.6902602015807457,
        4.708952204161766,
        3.4507352087800367,
        1.0806694129411119,
        4.919901603487181,
        0.38152867632376547,
        3.7387441813564735,
        2.6493521964776794,
        2.722662234936406,
        0.07594394316006235,
        2.9029971144621616,
        1.4378970221429788,
        7.055975675983009,
        5.423354417180588,
        1.225706037198204,
        5.167129304598216,
        5.182629920881508,
        5.7009593433062475,
        4.522550257078267,
        4.8149377655116945,
        6.181608609480668,
        3.2729473227580876,
        5.961862988640438,
        5.10496127447805,
        1.3665145248322372,
        0.32821179406691675,
        4.412827101507232,
        2.1913503370116163,
        4.261376438352473,
        6.189400332574677,
        0.7852496016291901,
        3.5009330506689618,
        5.556003229641304,
        3.3671356873987364,
        2.4886733114080766,
        5.241797964345144,
        4.203170666927108,
        2.7382089367914175,
        1.737626316746729,
        2.429383367838218,
        4.2243531262640985,
        3.5608044600955724,
        5.238097692649597,
        5.430551054332498,
        1.8495684963829673,
        1.7847459785942,
        1.3196814688096272,
        4.254472964252102,
        3.1075840909329817,
        0.9343311917559503,
        5.55425039830074,
        6.126727031230713,
        3.477641963778896,
        3.9770128833761893,
        0.9031632708279059,
        3.3166208863640056,
        1.4133112747378616,
        5.640301540826215,
        5.463001969947103,
        4.895829413471492,
        0.9203799691424662,
        4.934650780965607,
        2.520176666058648,
        4.600178269518887,
        5.169197058773716,
        0.7426523426535604,
        6.064196694155117,
        2.2438545294894605,
        6.232302957862904,
        4.617894041903197,
        1.8438296871095423,
        5.478890889112028,
        4.233930835200279,
        5.28352468403899,
        0.8347951819890413,
        4.264103826809766,
        4.669936017586134,
        0.14773969115479654,
        5.705313603962492,
        2.2595793784767695,
        1.0847876307039104,
        4.933119331346038,
        1.5969093732513104,
        6.2280192184705605
      ]
    ],
    "vqe2_time": [
      43.342267751693726,
      64.21131348609924,
      71.0296585559845
    ],
    "solution_vector": [
      0,
      0,
      0,
      0,
      0,
      0,
      1,
      1,
      1,
      1,
      1,
      1
    ],
    "solution_min_energy": -2992.2585388143834,
    "solution_time": 0.023839473724365234,
    "matrix_size": 12,
    "qubo_matrix": [
      [
        -184.0649458522281,
        5.842379170204149,
        11.684758340408298,
        23.369516680816595,
        46.73903336163319,
        2.9211895851020744,
        2.9211895794360325,
        5.842379158872065,
        11.68475831774413,
        23.36951663548826,
        46.73903327097652,
        2.9211895794360325
      ],
      [
        5.842379170204149,
        -362.2875125342521,
        23.369516680816595,
        46.73903336163319,
        93.47806672326638,
        5.842379170204149,
        5.842379158872065,
        11.68475831774413,
        23.36951663548826,
        46.73903327097652,
        93.47806654195304,
        5.842379158872065
      ],
      [
        11.684758340408298,
        23.369516680816595,
        -701.2055083876875,
        93.47806672326638,
        186.95613344653276,
        11.684758340408298,
        11.68475831774413,
        23.36951663548826,
        46.73903327097652,
        93.47806654195304,
        186.95613308390608,
        11.68475831774413
      ],
      [
        23.369516680816595,
        46.73903336163319,
        93.47806672326638,
        -1308.9329500521087,
        373.9122668930655,
        23.369516680816595,
        23.36951663548826,
        46.73903327097652,
        93.47806654195304,
        186.95613308390608,
        373.91226616781216,
        23.36951663548826
      ],
      [
        46.73903336163319,
        93.47806672326638,
        186.95613344653276,
        373.9122668930655,
        -2243.9536332111516,
        46.73903336163319,
        46.73903327097652,
        93.47806654195304,
        186.95613308390608,
        373.91226616781216,
        747.8245323356243,
        46.73903327097652
      ],
      [
        2.9211895851020744,
        5.842379170204149,
        11.684758340408298,
        23.369516680816595,
        46.73903336163319,
        -184.0649458522281,
        2.9211895794360325,
        5.842379158872065,
        11.68475831774413,
        23.36951663548826,
        46.73903327097652,
        2.9211895794360325
      ],
      [
        2.9211895794360325,
        5.842379158872065,
        11.68475831774413,
        23.36951663548826,
        46.73903327097652,
        2.9211895794360325,
        -184.06496115424528,
        5.8423794720190845,
        11.684758944038169,
        23.369517888076338,
        46.739035776152676,
        2.9211897360095422
      ],
      [
        5.842379158872065,
        11.68475831774413,
        23.36951663548826,
        46.73903327097652,
        93.47806654195304,
        5.842379158872065,
        5.8423794720190845,
        -362.2875428364715,
        23.369517888076338,
        46.739035776152676,
        93.47807155230535,
        5.8423794720190845
      ],
      [
        11.68475831774413,
        23.36951663548826,
        46.73903327097652,
        93.47806654195304,
        186.95613308390608,
        11.68475831774413,
        11.684758944038169,
        23.369517888076338,
        -701.2055677848666,
        93.47807155230535,
        186.9561431046107,
        11.684758944038169
      ],
      [
        23.36951663548826,
        46.73903327097652,
        93.47806654195304,
        186.95613308390608,
        373.91226616781216,
        23.36951663548826,
        23.369517888076338,
        46.739035776152676,
        93.47807155230535,
        -1308.933064017428,
        373.9122862092214,
        23.369517888076338
      ],
      [
        46.73903327097652,
        93.47806654195304,
        186.95613308390608,
        373.91226616781216,
        747.8245323356243,
        46.73903327097652,
        46.739035776152676,
        93.47807155230535,
        186.9561431046107,
        373.9122862092214,
        -2243.9538418256343,
        46.739035776152676
      ],
      [
        2.9211895794360325,
        5.842379158872065,
        11.68475831774413,
        23.36951663548826,
        46.73903327097652,
        2.9211895794360325,
        2.9211897360095422,
        5.8423794720190845,
        11.684758944038169,
        23.369517888076338,
        46.739035776152676,
        -184.06496115424528
      ]
    ],
    "ansatze": [
      "twolocal",
      "alternating_ry_rz",
      "random_circuit"
    ],
    "histories_energy": [
      [
        [
          -2583.777779369643,
          -2484.411105693888,
          -2697.1803562458927,
          -2628.9873509326144,
          -2712.686729432601,
          -2708.038991913795,
          -2708.200160496413,
          -2687.203999477126,
          -2692.470794971429,
          -2693.5767891462956,
          -2719.5584546554023,
          -2694.7464781137833,
          -2715.4295269449185,
          -2756.0229421122594,
          -2672.412276641627,
          -2735.23013237853,
          -2753.253803005889,
          -2732.6555286974517,
          -2731.9804771367894,
          -2731.2956649710786,
          -2736.637625041559,
          -2738.6104885102163,
          -2744.397788652722,
          -2734.6977828071504,
          -2722.2006706990765,
          -2721.5206535605,
          -2742.668911334384,
          -2682.017945177263,
          -2752.758543312855,
          -2727.549899908731,
          -2732.3075211156793,
          -2725.321097170909,
          -2526.9724595263006,
          -2715.588568414843,
          -2720.280563667056,
          -2720.620581790247,
          -2745.8448896016153,
          -2720.4584489008307,
          -2760.8127637622842,
          -2736.3675804752097,
          -2719.1598202176983,
          -2729.838116170943,
          -2724.4508434533204,
          -2704.0240801480923,
          -2735.459870966102,
          -2710.1412165139354,
          -2702.7073443039826,
          -2743.9860204799834,
          -2733.504474004868,
          -2754.5219216519818,
          -2725.990213181136,
          -2573.28045624291,
          -2719.6197075607765,
          -2786.5098490004816,
          -2769.5669349564555,
          -2790.00091414432,
          -2751.9331259649066,
          -2795.263222560362,
          -2814.8821178540857,
          -2799.721267540924,
          -2829.202890553413,
          -2826.574619783668,
          -2824.473141488737,
          -2818.824084090555,
          -2813.920571207501,
          -2811.7540817516515,
          -2843.14940700433,
          -2838.664478618071,
          -2843.5140919537257,
          -2838.142203742297,
          -2820.9071843345237,
          -2844.8015060842977,
          -2834.0430589714974,
          -2836.083622867472,
          -2835.788333968246,
          -2840.6858197731644,
          -2836.8484460703976,
          -2819.729768961732,
          -2848.871529589241,
          -2845.67141410563,
          -2831.7219446029717,
          -2823.1554147286374,
          -2818.636761849413,
          -2841.169325182454,
          -2849.9272492606437,
          -2840.3993954126995,
          -2819.742580978523,
          -2863.4093415509387,
          -2848.8069171829366,
          -2846.096548731168,
          -2862.709200581528,
          -2847.7049007397345,
          -2855.0391757180946,
          -2822.3304026507435,
          -2848.9765307979023,
          -2841.652415447399,
          -2840.7071724165853,
          -2837.660324715197,
          -2837.770133660717,
          -2819.6309414720786,
          -2859.833796467495,
          -2842.3141075463427,
          -2824.5611778151415,
          -2844.0756698237637,
          -2799.9280508612933,
          -2832.982599438875,
          -2868.3455617540812,
          -2849.8050889017595,
          -2817.117159908356,
          -2857.5242744174543,
          -2859.0224935351293,
          -2849.4454752088814,
          -2805.744675212185,
          -2854.1618511990578,
          -2847.760510631727,
          -2845.767071344227,
          -2833.5151586185134,
          -2848.8477525846797,
          -2850.7538087958746,
          -2855.7050998745713
        ]
      ],
      [
        [
          -2615.374336822496,
          -2614.863561169715,
          -2611.7833498861255,
          -2610.089893768741,
          -2615.6257276036918,
          -2594.403144305949,
          -2611.647739295065,
          -2616.499457417334,
          -2541.4988320303078,
          -2547.2454371968392,
          -2636.2549069908077,
          -2664.0719337353903,
          -2634.6429230424906,
          -2638.43498882953,
          -2694.8794842332168,
          -2646.9287473226304,
          -2692.007627017029,
          -2694.5285264449217,
          -2708.063665133007,
          -2706.906949458293,
          -2811.1138609772906,
          -2800.114866834702,
          -2814.7338097199554,
          -2789.7405568582576,
          -2787.7978035773995,
          -2795.456419193982,
          -2665.8133576987566,
          -2781.947408961566,
          -2792.0548485473114,
          -2807.221607337583,
          -2810.6536157592313,
          -2808.8473659472156,
          -2487.3134913557687,
          -2777.299587609065,
          -2779.8402264763754,
          -2793.0893746132597,
          -2790.8813464936147,
          -2802.47415216866,
          -2771.0846415268898,
          -2791.9718396763856,
          -2792.135369089732,
          -2795.855254805075,
          -2805.7830116813425,
          -2781.3754504542767,
          -2800.507176457429,
          -2773.42968192237,
          -2803.0506542737508,
          -2806.4922504906694,
          -2797.979835509093,
          -2800.180393310383,
          -2806.294575555827,
          -2806.7521039521985,
          -2791.910394484434,
          -2795.579467838536,
          -2785.690348971803,
          -2785.42451290877,
          -2815.2062004021855,
          -2795.6909020057674,
          -2791.132846286626,
          -2805.4382456694975,
          -2833.2041198016723,
          -2799.6872756969524,
          -2788.176397422484,
          -2803.5325623360636,
          -2794.328099759173,
          -2796.0374315136387,
          -2802.7364944329806,
          -2797.8443349083914,
          -2802.9855941164146,
          -2812.972750496544,
          -2763.4024528744603,
          -2797.1186847757463,
          -2803.425041498639,
          -2717.4027166773662,
          -2802.9276566173644,
          -2667.3341329499217,
          -2743.3864676288144,
          -2601.486838666619,
          -2804.5940912524034,
          -2784.6879613789592,
          -2806.116966776938,
          -2795.407262329172,
          -2773.7464888197474,
          -2822.7394272596453,
          -2786.1847353536423,
          -2790.8031914304825,
          -2791.4131473756124,
          -2805.2252535868665,
          -2755.728775365042,
          -2819.0654296158464,
          -2796.0460171670493,
          -2798.179217807751,
          -2800.2901948614817,
          -2794.0724946678356,
          -2791.2639507062318,
          -2840.552195189828,
          -2771.3069978427916,
          -2829.537188082618,
          -2743.6069210856294,
          -2829.560412800524,
          -2812.2540391444268,
          -2833.23307194169,
          -2787.2843805331395,
          -2821.1200239078807,
          -2825.6958203042277,
          -2831.2295975572147,
          -2824.4407908790213,
          -2856.1088643513835,
          -2817.9635439799936,
          -2828.2621059117823,
          -2816.468491484809,
          -2816.4064447146206,
          -2839.147736665445,
          -2824.8594863240564,
          -2804.9866084066975,
          -2814.4014593693737,
          -2839.4202467844048,
          -2824.2712569130395,
          -2827.2858640964337,
          -2829.521172755335
        ]
      ],
      [
        [
          -2421.821415458985,
          -2602.598167537607,
          -2598.2596234840307,
          -2635.7879887082345,
          -2656.1128712148634,
          -2652.821218849454,
          -2668.8718280079947,
          -2682.331094489119,
          -2575.78652681937,
          -2651.172784795548,
          -2723.692853994978,
          -2724.2386684577227,
          -2724.6966438787895,
          -2572.8846362144905,
          -2564.901323226714,
          -2717.2507814383644,
          -2701.8145659014144,
          -2723.9307749413692,
          -2726.104281116674,
          -2745.90681136502,
          -2699.98211147757,
          -2672.521017478689,
          -2733.8684579300384,
          -2737.3896953969424,
          -2736.41698670647,
          -2752.488380752337,
          -2651.6190980464876,
          -2656.636998128139,
          -2742.2951883488618,
          -2730.5787033839865,
          -2736.3346385166283,
          -2747.8418393839706,
          -2589.7056053463025,
          -2740.059323508679,
          -2731.7937640877603,
          -2720.9945924071176,
          -2737.4615165690484,
          -2763.936931926895,
          -2738.2111462237954,
          -2749.0594965624737,
          -2746.2660156369393,
          -2736.689883696694,
          -2756.926865944879,
          -2734.653586211983,
          -2742.100893790605,
          -2744.589718999741,
          -2732.2064922529207,
          -2744.0310568376467,
          -2736.8234241045698,
          -2746.690782452772,
          -2737.5043234448135,
          -2749.9972016778815,
          -2743.7002376483756,
          -2722.6393597851106,
          -2740.19029748382,
          -2742.3936378635085,
          -2753.582135732321,
          -2748.554370968707,
          -2738.528699903193,
          -2712.0281399775595,
          -2740.1362415233243,
          -2745.7710019749425,
          -2741.9734898694924,
          -2726.2001793704367,
          -2733.2824922822588,
          -2771.607075593559,
          -2733.799219418699,
          -2724.9568587690433,
          -2753.8745832772556,
          -2725.139491455908,
          -2731.7236943749353,
          -2725.312249878796,
          -2722.705051209616,
          -2741.5670447840025,
          -2727.6145432644967,
          -2756.1829833793504,
          -2750.8613663650344,
          -2751.63289166884,
          -2727.934960973015,
          -2729.203112295405,
          -2751.6382624352923,
          -2738.3995107918554,
          -2727.5866522301726,
          -2754.4799032391516,
          -2755.1695973599863,
          -2736.635747712953,
          -2750.7124384225644,
          -2737.1351943344976,
          -2747.768607390344,
          -2747.002759620377,
          -2735.882565536083,
          -2753.926046291505,
          -2748.311280442477,
          -2723.9786050821276,
          -2740.62019394867,
          -2747.566381691678,
          -2731.6438399397234,
          -2738.0689636193138,
          -2753.004826654972,
          -2739.3913256921624,
          -2768.4234449301175,
          -2747.2534628564185,
          -2739.5008606514366,
          -2736.8515005143345,
          -2747.7394359594973,
          -2745.595586589132,
          -2735.0525026563573,
          -2748.753637523411,
          -2736.5176670986248,
          -2625.388088606922,
          -2697.67052465106,
          -2565.7382375090415,
          -2745.7262516773376,
          -2568.2371551820934,
          -2749.667001971836,
          -2694.5970391956007,
          -2743.721097377404,
          -2736.8852015522493,
          -2788.3889874598863,
          -2738.549219400551
        ]
      ]
    ]
  },
  {
    "vqe2_energy": [
      -2968.555536287759,
      -3073.8861465492105,
      -3073.8497436931393
    ],
    "vqe2_vector": [
      [
        0,
        0,
        0,
        1,
        0,
        1,
        1,
        0,
        0,
        0,
        1,
        0
      ],
      [
        0,
        1,
        0,
        1,
        1,
        0,
        1,
        1,
        1,
        0,
        0,
        0
      ],
      [
        0,
        0,
        0,
        1,
        0,
        0,
        1,
        1,
        1,
        0,
        1,
        0
      ]
    ],
    "vqe2_min_error": [
      3.5211551015078557,
      0.09788223823977704,
      0.09906534074933804
    ],
    "vqe2_params": [
      [
        3.202934666837334,
        4.698728259265736,
        5.3483638770487865,
        3.531806661119866,
        2.338071117275764,
        0.4643832646633308,
        3.9751098432932297,
        1.7326901169200237,
        4.133541637941575,
        3.824361976677652,
        2.8613273704534574,
        4.574780627382669,
        4.387572928086362,
        6.19460053964499,
        2.150332438211362,
        3.914862772467848,
        1.9460808594561156,
        -0.11176218976254386,
        6.049397621752935,
        5.721102801402893,
        0.12068280163878492,
        1.765446479221907,
        0.40395037815532386,
        4.542004530324151,
        2.1179002883099574,
        1.5700826663097354,
        0.06681061117125513,
        1.1800020508158826,
        2.9013117983816925,
        1.121983453186452,
        6.002113389473114,
        3.675878535001114,
        5.1206935574751435,
        2.522569834698663,
        4.33272040098012,
        1.819843667527723,
        2.132233205506448,
        6.635438649422653,
        2.7763678043418007,
        4.708448923258963,
        4.415802923590015,
        5.466111050476016,
        3.2307515752277096,
        3.518320535922217,
        3.046514556111821,
        1.4807604834419723,
        1.3491152128555157,
        1.027157903851857
      ],
      [
        4.417775798933034,
        2.765297795117802,
        3.814883685893069,
        5.25921808918849,
        4.047134315617767,
        5.879734622455781,
        6.786675662597645,
        2.394618843654349,
        3.994068063925244,
        1.83559641064378,
        3.8330947758922758,
        3.0617267612133365,
        3.8345961066083096,
        2.7808797643304883,
        5.870592279844526,
        1.5152771570015546,
        3.0940367778296918,
        3.246499326092651,
        2.043445753907579,
        3.010299580835625,
        3.8358925951313436,
        1.2813185370361195,
        1.8669210434950234,
        3.308175271976281,
        0.2545279737030534,
        6.120335332493515,
        3.9460393793124786,
        2.74953686021271,
        3.787420450127083,
        0.5832615030621778,
        2.2557669667953233,
        3.5128709006305954,
        3.101427531636011,
        2.795673790242456,
        5.060411629508904,
        0.2672747566098042,
        5.426690626622512,
        3.879180681429553,
        1.6506425745161792,
        3.292713302143128,
        6.162816475819719,
        4.3458124031059455,
        3.376627219697945,
        4.835398639001504,
        0.6172682885234775,
        2.3770254414742746,
        3.571083268694067,
        0.984068316261837,
        1.701543570180173,
        2.199595480982975,
        0.757657976599529,
        2.9569215786531378,
        4.07421742579823,
        3.1472980084525926,
        1.5308390138496633,
        3.447984896748148,
        5.655926885714567,
        0.1056898495397282,
        0.049584986035050314,
        6.023077720236117,
        5.9375709069799925,
        1.8942863154798755,
        0.0782088847948274,
        1.8598808122644575,
        4.550269870261499,
        5.349544023335382,
        1.3144478202950944,
        3.1442127544250504,
        4.494454191700688,
        4.30378016264635,
        4.944717852004395,
        2.9494261301609748
      ],
      [
        2.7864081906356635,
        1.9399151235099836,
        6.485640419991614,
        2.2934929576538,
        1.783740963169034,
        6.284254617666536,
        4.806924013894971,
        6.195244293178263,
        0.7170649731275549,
        1.4903938411836386,
        3.5165016407580834,
        5.699798922505021,
        4.63356042480848,
        1.7021072093316723,
        4.989410038283981,
        4.632565656007255,
        1.2557387916315408,
        4.346421685176848,
        4.444130241720509,
        0.6418959425541281,
        4.832940507023991,
        2.3112502644898036,
        4.397393067720248,
        2.495245400374276,
        2.7494672684240458,
        5.937917779191809,
        0.7660644756853738,
        4.701565923505923,
        5.276044582319117,
        5.273373928618998,
        6.154045737996876,
        3.43393173827619,
        4.7613949988317605,
        4.342483077447044,
        4.563395469830044,
        4.662779646305939,
        2.4554512372051773,
        0.21900341759473593,
        1.7454842034768208,
        5.500105721422873,
        4.843027771740689,
        2.3818522726704106,
        2.083474088012058,
        4.87848302091318,
        5.70895224145122,
        4.366568533718344,
        2.642838417162607,
        0.5761849884988848,
        2.057795776109051,
        3.291748805222735,
        2.7941738704314507,
        4.214625103263056,
        5.808622489173356,
        5.911416642239804,
        3.7729606565443836,
        6.226940958208618,
        1.352419057667265,
        3.0435399230985527,
        0.493733170495378,
        2.143557907546569,
        5.340478268102676,
        2.5843073583039287,
        0.3013257134290913,
        3.5990131337948172,
        1.2115834437987842,
        2.875208756568319,
        2.1401928023272916,
        1.8834103206836923,
        6.198452496292361,
        5.7935799398146255,
        4.453600625387967,
        2.121651341718432,
        5.265047123020537,
        1.719610615048567,
        4.655501415297844,
        5.16384563669306,
        4.509868786609218,
        5.208518118134313,
        3.0562565330660862,
        5.141017095392041,
        4.4463911074668285,
        2.7929186807704913,
        4.7053130806483034,
        0.6200870549601482,
        1.623362347403622,
        5.146305506740105,
        2.275352301803201,
        3.0487058497126673,
        5.745965777127584,
        1.6692420674135047,
        0.2795954027313432,
        4.641381170177224,
        0.8978217077640878,
        0.7474464767988298,
        2.771304668709467,
        4.830179777975932,
        6.021432976594759,
        1.2079779913572963,
        1.0503098718586503,
        4.952055268340959,
        1.934682976482951,
        5.840908761616669,
        4.830777346375007,
        4.177342482434357,
        5.773616414258446,
        2.194502385727753,
        4.8789789898225555,
        0.9625190265512168
      ]
    ],
    "vqe2_time": [
      81.45333576202393,
      42.40918278694153,
      88.32197523117065
    ],
    "solution_vector": [
      0,
      0,
      0,
      0,
      0,
      0,
      1,
      1,
      1,
      1,
      1,
      1
    ],
    "solution_min_energy": -3076.8978830655074,
    "solution_time": 0.02184605598449707,
    "matrix_size": 12,
    "qubo_matrix": [
      [
        -189.26872824027205,
        6.007561926316303,
        12.015123852632605,
        24.03024770526521,
        48.06049541053042,
        3.0037809631581514,
        3.0037809574921095,
        6.007561914984219,
        12.015123829968438,
        24.030247659936876,
        48.06049531987375,
        3.0037809574921095
      ],
      [
        6.007561926316303,
        -372.52989455422784,
        24.03024770526521,
        48.06049541053042,
        96.12099082106084,
        6.007561926316303,
        6.007561914984219,
        12.015123829968438,
        24.030247659936876,
        48.06049531987375,
        96.1209906397475,
        6.007561914984219
      ],
      [
        12.015123852632605,
        24.03024770526521,
        -721.0295414031905,
        96.12099082106084,
        192.2419816421217,
        12.015123852632605,
        12.015123829968438,
        24.030247659936876,
        48.06049531987375,
        96.1209906397475,
        192.241981279495,
        12.015123829968438
      ],
      [
        24.03024770526521,
        48.06049541053042,
        96.12099082106084,
        -1345.93809198532,
        384.4839632842434,
        24.03024770526521,
        24.030247659936876,
        48.06049531987375,
        96.1209906397475,
        192.241981279495,
        384.48396255899,
        24.030247659936876
      ],
      [
        48.06049541053042,
        96.12099082106084,
        192.2419816421217,
        384.4839632842434,
        -2307.3922206863967,
        48.06049541053042,
        48.06049531987375,
        96.1209906397475,
        192.241981279495,
        384.48396255899,
        768.96792511798,
        48.06049531987375
      ],
      [
        3.0037809631581514,
        6.007561926316303,
        12.015123852632605,
        24.03024770526521,
        48.06049541053042,
        -189.26872824027205,
        3.0037809574921095,
        6.007561914984219,
        12.015123829968438,
        24.030247659936876,
        48.06049531987375,
        3.0037809574921095
      ],
      [
        3.0037809574921095,
        6.007561914984219,
        12.015123829968438,
        24.030247659936876,
        48.06049531987375,
        3.0037809574921095,
        -189.27027338183126,
        6.007562228131238,
        12.015124456262477,
        24.030248912524954,
        48.06049782504991,
        3.003781114065619
      ],
      [
        6.007561914984219,
        12.015123829968438,
        24.030247659936876,
        48.06049531987375,
        96.1209906397475,
        6.007561914984219,
        6.007562228131238,
        -372.5329845355313,
        24.030248912524954,
        48.06049782504991,
        96.12099565009981,
        6.007562228131238
      ],
      [
        12.015123829968438,
        24.030247659936876,
        48.06049531987375,
        96.1209906397475,
        192.241981279495,
        12.015123829968438,
        12.015124456262477,
        24.030248912524954,
        -721.0357201585376,
        96.12099565009981,
        192.24199130019963,
        12.015124456262477
      ],
      [
        24.030247659936876,
        48.06049531987375,
        96.1209906397475,
        192.241981279495,
        384.48396255899,
        24.030247659936876,
        24.030248912524954,
        48.06049782504991,
        96.12099565009981,
        -1345.9504446669753,
        384.48398260039926,
        24.030248912524954
      ],
      [
        48.06049531987375,
        96.1209906397475,
        192.241981279495,
        384.48396255899,
        768.96792511798,
        48.06049531987375,
        48.06049782504991,
        96.12099565009981,
        192.24199130019963,
        384.48398260039926,
        -2307.4169067335515,
        48.06049782504991
      ],
      [
        3.0037809574921095,
        6.007561914984219,
        12.015123829968438,
        24.030247659936876,
        48.06049531987375,
        3.0037809574921095,
        3.003781114065619,
        6.007562228131238,
        12.015124456262477,
        24.030248912524954,
        48.06049782504991,
        -189.27027338183126
      ]
    ],
    "ansatze": [
      "twolocal",
      "alternating_ry_rz",
      "random_circuit"
    ],
    "histories_energy": [
      [
        [
          -2504.0131067786224,
          -2516.7306077839526,
          -2135.541251948222,
          -2578.133824029854,
          -2598.8120877191495,
          -2517.9493677416785,
          -2550.134370928255,
          -2603.0404272485157,
          -2607.313164023728,
          -2519.296623882117,
          -2535.0761803183077,
          -2572.215746081009,
          -2579.049549116075,
          -2600.7431471174455,
          -2673.1513641857846,
          -2637.84355851919,
          -2643.99083674389,
          -2660.9084044716915,
          -2640.372860127908,
          -2672.3869607724173,
          -2692.92085762573,
          -2603.6927989364563,
          -2642.045670619998,
          -2681.8507906014215,
          -2684.144945137805,
          -2673.3446620222267,
          -2508.3711089757608,
          -2651.4939454201294,
          -2654.965303843929,
          -2667.0474487072597,
          -2690.0762818173716,
          -2672.4314324234742,
          -2658.513259372446,
          -2578.2693617682253,
          -2682.5187427728724,
          -2680.890211472437,
          -2666.9060834017387,
          -2675.0861716482827,
          -2663.715258524939,
          -2662.7797548640924,
          -2691.816343213964,
          -2672.6451438513195,
          -2688.052599293427,
          -2667.796710062662,
          -2665.5580818144026,
          -2679.74631831504,
          -2689.630513106726,
          -2687.3991302089107,
          -2664.85756032076,
          -2691.4574876655224,
          -2699.48920270533,
          -2764.844258829471,
          -2795.094338119508,
          -2730.0788957965938,
          -2788.0269273558533,
          -2754.428011151501,
          -2806.4877129907177,
          -2800.8782954129706,
          -2846.776003885745,
          -2836.2225141934337,
          -2841.1636724842174,
          -2832.842568583726,
          -2743.2757139235055,
          -2783.7570823946744,
          -2840.7811663960106,
          -2828.909986333274,
          -2810.492574505757,
          -2846.1840721143426,
          -2829.5277355323524,
          -2840.9740713520946,
          -2837.1399543569937,
          -2827.762659312064,
          -2812.0501967979294,
          -2854.529144235052,
          -2824.7667518801018,
          -2831.542390735905,
          -2807.317432971274,
          -2845.0504316345714,
          -2862.982003541314,
          -2851.7396655530915,
          -2847.6002538784714,
          -2863.7457057284123,
          -2878.0509280305437,
          -2835.102089351297,
          -2864.9257664334377,
          -2864.1726845809603,
          -2838.717946759813,
          -2860.3750650928055,
          -2859.957132655768,
          -2846.404536659234,
          -2858.0792752785364,
          -2853.9043992906563,
          -2861.7005020092984,
          -2861.0417154789707,
          -2856.35919442595,
          -2864.2050169068766,
          -2865.239909701079,
          -2870.6023560664003,
          -2903.4507281338088,
          -2872.176884205952,
          -2789.821995162454,
          -2916.8127560259604,
          -2882.880421263046,
          -2909.2064842296727,
          -2869.0171507103096,
          -2919.2706080611447,
          -2891.6789834836836,
          -2873.7402766578707,
          -2874.481994750512,
          -2889.8771005521025,
          -2867.7165867165795,
          -2919.021587776422,
          -2919.0688570166694,
          -2902.6224216562205,
          -2892.7471539175267,
          -2913.4525886501888,
          -2872.48292749873,
          -2887.37996923402,
          -2895.052687279268,
          -2886.2828997200045
        ]
      ],
      [
        [
          -2619.0478062640777,
          -2622.7780965082266,
          -2531.1332384800157,
          -2663.087295768029,
          -2645.6014617746114,
          -2671.797774762214,
          -2666.9429710490463,
          -2687.9077835703893,
          -2689.777663963592,
          -2609.935976099485,
          -2695.691905770502,
          -2652.216189750159,
          -2677.5002189153047,
          -2672.163102829258,
          -2699.774626026321,
          -2733.9424804333275,
          -2717.2422306756876,
          -2753.1326707172725,
          -2737.5672479665727,
          -2750.945314070531,
          -2986.372305384741,
          -2934.1408635709895,
          -2966.9497371118796,
          -2981.2205952187496,
          -2969.049289207305,
          -2984.985573846864,
          -2800.265717002028,
          -2884.768392637932,
          -2988.0382413308025,
          -2985.2642932607373,
          -2983.5348338689573,
          -2978.6224530602744,
          -2649.5345988931863,
          -2912.3574537688532,
          -2983.3826886481293,
          -2966.1925891972746,
          -2978.4493419018495,
          -2974.4458765747045,
          -2979.150148406142,
          -2979.543510273932,
          -2978.0263426691563,
          -2984.825687597791,
          -2983.8657633113967,
          -2978.902228379033,
          -2974.259208257047,
          -2981.585340672926,
          -2988.6944078436554,
          -2978.965958940287,
          -2977.0905356264525,
          -2973.918496404625,
          -2976.8693612580305,
          -2974.3073590916347,
          -2970.021337784646,
          -2984.7316144406,
          -2991.222558040944,
          -2981.4711938441696,
          -2976.2073615938702,
          -2979.25187157235,
          -2980.9524081233294,
          -2977.611625304071,
          -2975.2782936464428,
