[
  {
    "vqe2_energy": [
      -136.25521292575866,
      -134.2049948803684,
      -134.0649858104673
    ],
    "vqe2_vector": [
      [
        0,
        0,
        1,
        1,
        1,
        1,
        0,
        0
      ],
      [
        1,
        0,
        1,
        0,
        1,
        1,
        0,
        1
      ],
      [
        0,
        1,
        0,
        1,
        0,
        0,
        1,
        0
      ]
    ],
    "vqe2_min_error": [
      4.5436539786170016e-05,
      1.504734372704919,
      1.6074893449951055
    ],
    "vqe2_params": [
      [
        2.728092362402224,
        4.925634234081054,
        2.7159153850103026,
        4.586327780165932,
        3.5000372705010947,
        4.315025939013332,
        4.707994363668146,
        6.019306960765977,
        5.175443377027745,
        6.143030024561274,
        3.1715231482182564,
        3.4940111209802764,
        2.121423968023279,
        4.077531549572917,
        5.770254285336127,
        4.627418875557144,
        4.055503774629781,
        1.4198478936082803,
        0.33074029405628413,
        2.3352110535534027,
        5.716943361632868,
        5.473178055767251,
        -0.7795401859862209,
        1.3437713192253724,
        0.38207480628212676,
        5.188737823646935,
        5.282115933715783,
        3.5944108817422533,
        0.7964804612341724,
        5.724325252108633,
        2.6030865978424993,
        3.541566537076982
      ],
      [
        0.29799610433408397,
        3.721528150800922,
        1.1766448963729939,
        5.041284185972477,
        2.3268807116535015,
        1.7613781747793784,
        0.2856973883260161,
        2.9582020272237517,
        1.8615987001547423,
        5.721838939726314,
        4.319594975758638,
        1.1443568467598386,
        0.5471908510168768,
        5.169670094085445,
        1.153556512256322,
        6.422681646358761,
        3.4119783264786756,
        3.2203841049185495,
        2.4814688169902603,
        1.245092148606789,
        3.8959760487183774,
        4.403975968958164,
        5.123283929451993,
        0.7203544761245342,
        0.3286279928190577,
        3.5121596465057046,
        2.8913074283794686,
        0.03470416961161529,
        1.117822661143647,
        0.19307297543030208,
        3.6514149641859626,
        1.7716793217093705,
        2.9390931002713216,
        3.8062346944275456,
        5.057821106552872,
        5.603230543290206,
        3.026818809372826,
        3.4755733841024554,
        2.0951327365254175,
        0.9054322193666657,
        -0.05865602268620973,
        2.193804783579184,
        1.9182761627427558,
        5.823794258033264,
        2.657487632329342,
        5.003366449776284,
        2.848672452036485,
        5.12085796016464
      ],
      [
        3.7630513167633315,
        4.661104294116662,
        5.186983409717518,
        5.515820312881685,
        1.1679408364166348,
        0.8004134099473651,
        1.7654272312571297,
        2.357240034482049,
        2.8592483651897482,
        3.374773244304096,
        2.7908215465571784,
        2.487514250610821,
        1.7802242036284097,
        3.7956262772879423,
        4.527980729092368,
        7.241093909373232,
        5.7814025026697715,
        2.1472888709683726,
        3.9715873078301036,
        4.3960025802975835,
        0.5095192107545932,
        0.12759332283602332,
        4.290273188901596,
        3.726067363700982,
        4.02820903964409,
        2.707208181223655,
        3.576953707611388,
        1.3945074398883126,
        6.251031593779881,
        5.939389242157026,
        4.683632350139412,
        4.884774390304229,
        3.660015028096686,
        5.883244950370571,
        5.678056024664959,
        3.58104355999218,
        2.299282044809865,
        2.49148049263259,
        1.4356320726047855,
        4.0857460531622785,
        5.289138529738048,
        3.7397655877533063,
        0.9542151791704763,
        3.9724231714670997,
        2.193073934158933,
        2.46247344132169,
        0.9843925147000387,
        0.9319424351151013,
        0.5894445242022591,
        3.945193533336662,
        0.17525117649677593,
        0.8833976833427247,
        0.5025819060839134,
        3.5296429451033315,
        2.8238123636725683,
        7.206291016387945,
        5.403017256227176,
        1.1300188220535445,
        2.363180887581117,
        1.8503639694029737,
        0.9549758218875464,
        2.2067076489343744,
        2.9177369954215413,
        4.734019690195883,
        0.8080650867218807,
        3.309848487186472,
        1.5854445338952694,
        3.4309653789017016,
        2.5648921031105743,
        0.012650544687131305,
        1.4637810027267957,
        4.169039538458762
      ]
    ],
    "vqe2_time": [
      3.2438206672668457,
      2.646446943283081,
      4.154391527175903
    ],
    "solution_vector": [
      0,
      0,
      0,
      0,
      1,
      1,
      1,
      1
    ],
    "solution_min_energy": -136.25527483544082,
    "solution_time": 0.021018028259277344,
    "matrix_size": 8,
    "qubo_matrix": [
      [
        -31.87355120320647,
        4.240472962881558,
        8.480945925763116,
        2.120236481440779,
        2.120236412271311,
        4.240472824542622,
        8.480945649085244,
        2.120236412271311
      ],
      [
        4.240472962881558,
        -59.50662944353139,
        16.961891851526232,
        4.240472962881558,
        4.240472824542622,
        8.480945649085244,
        16.96189129817049,
        4.240472824542622
      ],
      [
        8.480945925763116,
        16.961891851526232,
        -102.05136703553654,
        8.480945925763116,
        8.480945649085244,
        16.96189129817049,
        33.92378259634098,
        8.480945649085244
      ],
      [
        2.120236481440779,
        4.240472962881558,
        8.480945925763116,
        -31.87355120320647,
        2.120236412271311,
        4.240472824542622,
        8.480945649085244,
        2.120236412271311
      ],
      [
        2.120236412271311,
        4.240472824542622,
        8.480945649085244,
        2.120236412271311,
        -31.87356641467919,
        4.2404734457854545,
        8.480946891570909,
        2.1202367228927272
      ],
      [
        4.240472824542622,
        8.480945649085244,
        16.96189129817049,
        4.240472824542622,
        4.2404734457854545,
        -59.506659383572924,
        16.961893783141818,
        4.2404734457854545
      ],
      [
        8.480945649085244,
        16.96189129817049,
        33.92378259634098,
        8.480945649085244,
        8.480946891570909,
        16.961893783141818,
        -102.05142498400403,
        8.480946891570909
      ],
      [
        2.120236412271311,
        4.240472824542622,
        8.480945649085244,
        2.120236412271311,
        2.1202367228927272,
        4.2404734457854545,
        8.480946891570909,
        -31.87356641467919
      ]
    ],
    "ansatze": [
      "twolocal",
      "alternating_ry_rz",
      "random_circuit"
    ]
  },
  {
    "vqe2_energy": [
      -93.47197821386237,
      -94.98232489405555,
      -93.47196800755822
    ],
    "vqe2_vector": [
      [
        0,
        1,
        0,
        0,
        1,
        0,
        1,
        0
      ],
      [
        0,
        0,
        0,
        1,
        1,
        1,
        1,
        0
      ],
      [
        0,
        0,
        1,
        0,
        0,
        1,
        0,
        1
      ]
    ],
    "vqe2_min_error": [
      1.5901382946450715,
      3.895382838514649e-06,
      1.5901490401219465
    ],
    "vqe2_params": [
      [
        3.372357229376037,
        2.6662868306689345,
        1.3877967880770006,
        2.2054312673824144,
        2.734075473432266,
        0.8397531012540814,
        5.1598506261871755,
        6.037990682911684,
        2.0144616837854814,
        1.5375420399284572,
        0.6565589521921822,
        6.815780480887037,
        0.5619488300205759,
        7.018120996774346,
        4.4276292869154315,
        7.061918806906537,
        3.48819528502919,
        -0.18698243975011042,
        4.901396510252503,
        -0.045658056644851334,
        2.955431798907713,
        0.8250732528790781,
        2.4281630514941823,
        1.2619300087310805,
        4.958167403883242,
        4.356120695359253,
        5.074160102730908,
        2.1906624921734146,
        2.3465179567821215,
        3.461458177124531,
        5.609848572790824,
        6.881072154973641
      ],
      [
        2.065666803458904,
        1.7222302786586154,
        2.5261421269707043,
        0.08099872280712375,
        0.16547110805298612,
        6.998569000829482,
        3.784456725999626,
        3.004282471092574,
        1.770144440974235,
        5.08531220140749,
        3.5823270368227367,
        0.8379963210605207,
        2.8397949324526515,
        3.6619656074256834,
        4.240278595685745,
        1.7130342434841284,
        1.2776452567138896,
        4.570812149113858,
        4.08467162590312,
        4.518788642916294,
        5.607016028137,
        3.0627254458800874,
        5.948714666082712,
        3.3890562663092143,
        4.287935068046693,
        0.5617408155372726,
        5.852542256911865,
        5.4671086305865035,
        2.0023855462083455,
        0.32720988228124637,
        5.805246988566957,
        3.8124481119033193,
        3.2968988580077987,
        0.4742201844629845,
        5.428805752025752,
        0.6095859400716283,
        5.328567639088211,
        5.010325971494235,
        5.118261498855942,
        0.7360121875462703,
        1.5331279197143237,
        2.667059665051151,
        3.475507427438619,
        0.3119266875240695,
        0.637270597517432,
        5.092654586504204,
        1.1928481560145627,
        3.241533910845076
      ],
      [
        7.160167596880079,
        2.428415995161235,
        6.069047336726619,
        4.475300410516849,
        3.7673453551054266,
        1.7404464019813892,
        1.6565257842455354,
        6.925190267829198,
        1.1632599472862375,
        5.293280143696515,
        4.93647815231975,
        4.803941507127875,
        4.733009107332575,
        3.145969877311087,
        4.547581537961261,
        2.2882763182641637,
        3.1102409041967434,
        1.285440534276089,
        0.7643985074594482,
        2.7060163280623803,
        0.34947290199213693,
        5.5056777604400216,
        5.0588035745729885,
        2.381333494176376,
        2.4031753729476595,
        3.8329536865846694,
        3.4744737195374427,
        -0.012163305471312877,
        0.9297159091451622,
        4.8591242344971795,
        5.755004815728898,
        4.394154452845071,
        0.05362369496047595,
        2.673600357025885,
        1.3773041372980148,
        0.5099730364282832,
        2.5509693579936563,
        2.3025903719426495,
        0.22652720921357017,
        0.15097915993497635,
        0.2150429080411456,
        4.432127291972195,
        3.4595039238345136,
        2.960267140219044,
        4.0011934683712225,
        3.6951462179333006,
        3.346064993264847,
        4.03301014212499,
        1.774795983543565,
        2.5608235877991317,
        5.979769691520514,
        3.2422902253077126,
        4.7154020166740525,
        5.760898921044144,
        5.813635209640739,
        0.3418650793354421,
        2.9856716331994697,
        0.897995968415091,
        4.105658269236494,
        5.483670001655057,
        1.5076370118219415,
        -0.00021407028383958748,
        1.4285940340195236,
        3.8595259655880145,
        2.0652059033070627,
        4.630203210087581,
        1.6210633567415538,
        3.9423521912687094,
        3.656982762718248,
        0.6312040125634236,
        1.0533470125160371,
        1.3391756370207133
      ]
    ],
    "vqe2_time": [
      2.3557658195495605,
      2.110511302947998,
      4.948606014251709
    ],
    "solution_vector": [
      1,
      0,
      0,
      1,
      0,
      1,
      1,
      0
    ],
    "solution_min_energy": -94.98232859398088,
    "solution_time": 0.021060943603515625,
    "matrix_size": 8,
    "qubo_matrix": [
      [
        -22.235220935700195,
        2.960696301719794,
        5.921392603439588,
        1.480348150859897,
        1.4803478050125554,
        2.9606956100251107,
        5.9213912200502214,
        1.4803478050125554
      ],
      [
        2.960696301719794,
        -41.5097455696806,
        11.842785206879176,
        2.960696301719794,
        2.9606956100251107,
        5.9213912200502214,
        11.842782440100443,
        2.9606956100251107
      ],
      [
        5.921392603439588,
        11.842785206879176,
        -71.17670593248201,
        5.921392603439588,
        5.9213912200502214,
        11.842782440100443,
        23.685564880200886,
        5.9213912200502214
      ],
      [
        1.480348150859897,
        2.960696301719794,
        5.921392603439588,
        -22.235220935700195,
        1.4803478050125554,
        2.9606956100251107,
        5.9213912200502214,
        1.4803478050125554
      ],
      [
        1.4803478050125554,
        2.9606956100251107,
        5.9213912200502214,
        1.4803478050125554,
        -22.235235181365123,
        2.960698716239273,
        5.921397432478546,
        1.4803493581196365
      ],
      [
        2.9606956100251107,
        5.9213912200502214,
        11.842782440100443,
        2.9606956100251107,
        2.960698716239273,
        -41.50977164649097,
        11.842794864957092,
        2.960698716239273
      ],
      [
        5.9213912200502214,
        11.842782440100443,
        23.685564880200886,
        5.9213912200502214,
        5.921397432478546,
        11.842794864957092,
        -71.17674842802485,
        5.921397432478546
      ],
      [
        1.4803478050125554,
        2.9606956100251107,
        5.9213912200502214,
        1.4803478050125554,
        1.4803493581196365,
        2.960698716239273,
        5.921397432478546,
        -22.235235181365123
      ]
    ],
    "ansatze": [
      "twolocal",
      "alternating_ry_rz",
      "random_circuit"
    ]
  },
  {
    "vqe2_energy": [
      -96.31103170666415,
      -94.84364158597701,
      -94.78412060953342
    ],
    "vqe2_vector": [
      [
        0,
        1,
        1,
        0,
        0,
        1,
        0,
        0
      ],
      [
        0,
        0,
        1,
        1,
        0,
        0,
        1,
        0
      ],
      [
        0,
        1,
        0,
        0,
        1,
        0,
        1,
        0
      ]
    ],
    "vqe2_min_error": [
      0.009542148698638009,
      1.5329918243377372,
      1.5947867151294592
    ],
    "vqe2_params": [
      [
        2.4251820081775537,
        3.1870120913921087,
        2.411959843056187,
        5.968663136962538,
        3.2831375505922216,
        6.091133721350669,
        3.096113438791142,
        3.9622253936567837,
        4.022474818915839,
        5.7118015281227486,
        6.852759935954492,
        0.8646250318386756,
        3.554949286751907,
        2.9042331765640976,
        3.8692922716994897,
        4.597653018300282,
        3.9276073936549274,
        3.0283232750365654,
        5.517493238996014,
        7.2432193017512585,
        3.5583822957885696,
        3.091214291439074,
        0.6809470932182684,
        4.391930725386581,
        3.476462622069204,
        3.6387642629839503,
        2.8633396985716115,
        5.739227487234806,
        4.426393951194713,
        4.257801491209635,
        1.2763236691112478,
        2.191086544801677
      ],
      [
        2.4477767971639564,
        2.6590412787165834,
        0.34875587408475694,
        3.151199791971719,
        3.408542285887159,
        6.164420762041823,
        4.306658535702468,
        1.2433857338752092,
        2.9844832323644495,
        4.26426625787836,
        3.0442952859305077,
        3.4921606902190163,
        0.7896632527715995,
        5.928018217084441,
        2.203708356956607,
        1.1607780505512177,
        6.134838090408401,
        4.115849342109816,
        2.5266318855351417,
        5.751327393570229,
        2.485609994489537,
        2.9147967041994316,
        3.290299189562417,
        -0.326839185709044,
        2.943093172089797,
        3.6469552784858155,
        2.758676934777751,
        0.14514443667203536,
        1.1052269938182346,
        1.4899680321220856,
        2.298456333139937,
        2.3322903800194217,
        0.6982469762423597,
        2.69796901610129,
        5.039282784174672,
        1.4251474234376054,
        5.221433800674154,
        4.048030651262813,
        0.9626882830018483,
        0.0045404514627563775,
        5.9097629241102245,
        6.106274270298868,
        0.4184837017778483,
        6.060225903096806,
        2.6656583342727163,
        1.0011062742886576,
        3.019073105317725,
        5.875093280767315
      ],
      [
        5.836987721917362,
        1.7851441286533465,
        5.047491344416032,
        3.5190153536607776,
        1.7010162124434567,
        2.809858962019559,
        4.6278505198658015,
        0.46589884714076146,
        6.192339347383688,
        1.440271014025715,
        0.4889003064276813,
        4.366681824206956,
        4.496063198273989,
        4.14334110436238,
        1.643599622024932,
        3.056511504293262,
        3.508599801445258,
        5.6898221059369005,
        3.4141064053390995,
        2.498954608897012,
        5.981732894764728,
        3.3413389414002377,
        3.3638659642826045,
        0.30857976918515057,
        4.323510989573551,
        0.19256087793767887,
        2.9147892712524093,
        5.963024605583358,
        0.5816536797353831,
        2.325090215496538,
        4.608378554249427,
        5.1150343462038785,
        4.290101270576084,
        2.2333611355001843,
        3.4315022305619065,
        5.95229688887021,
        0.4485554294634881,
        4.045079127504536,
        2.0415128333453554,
        1.2405037558855612,
        5.016780631676053,
        0.9062644640554822,
        0.9884855365160244,
        0.9133537502877632,
        0.02596896320772226,
        6.130365760690019,
        2.735378369528693,
        3.925484004451134,
        6.94620728631103,
        3.9739277978687007,
        4.824260439852452,
        2.101872191359324,
        0.8324544079530107,
        5.331297094202045,
        3.377401361440349,
        3.1371370249695847,
        0.6950702631469249,
        0.8537064167508961,
        1.1835813044831738,
        6.040390404485197,
        4.383386402128013,
        0.6821358446381128,
        5.33917491033463,
        5.881779277362469,
        0.35639458233244004,
        0.8183167304402128,
        2.3503836933955236,
        5.941265165558005,
        3.252482530398897,
        6.119010558078728,
        4.147827230580925,
        1.2697196210927126
      ]
    ],
    "vqe2_time": [
      1.949169635772705,
      2.656344175338745,
      3.854929208755493
    ],
    "solution_vector": [
      0,
      0,
      0,
      0,
      1,
      1,
      1,
      1
    ],
    "solution_min_energy": -96.32022272554349,
    "solution_time": 0.021530866622924805,
    "matrix_size": 8,
    "qubo_matrix": [
      [
        -22.545464173921616,
        3.001991990747832,
        6.003983981495664,
        1.500995995373916,
        1.5009956495265744,
        3.0019912990531488,
        6.0039825981062975,
        1.5009956495265744
      ],
      [
        3.001991990747832,
        -42.0889363570954,
        12.007967962991328,
        3.001991990747832,
        3.0019912990531488,
        6.0039825981062975,
        12.007965196212595,
        3.0019912990531488
      ],
      [
        6.003983981495664,
        12.007967962991328,
        -72.16990475119947,
        6.003983981495664,
        6.0039825981062975,
        12.007965196212595,
        24.01593039242519,
        6.0039825981062975
      ],
      [
        1.500995995373916,
        3.001991990747832,
        6.003983981495664,
        -22.545464173921616,
        1.5009956495265744,
        3.0019912990531488,
        6.0039825981062975,
        1.5009956495265744
      ],
      [
        1.5009956495265744,
        3.0019912990531488,
        6.0039825981062975,
        1.5009956495265744,
        -22.547008259128525,
        3.001994405267311,
        6.003988810534622,
        1.5009972026336555
      ],
      [
        3.0019912990531488,
        6.0039825981062975,
        12.007965196212595,
        3.0019912990531488,
        3.001994405267311,
        -42.09202211298974,
        12.007977621069244,
        3.001994405267311
      ],
      [
        6.0039825981062975,
        12.007965196212595,
        24.01593039242519,
        6.0039825981062975,
        6.003988810534622,
        12.007977621069244,
        -72.17606660491023,
        6.003988810534622
      ],
      [
        1.5009956495265744,
        3.0019912990531488,
        6.0039825981062975,
        1.5009956495265744,
        1.5009972026336555,
        3.001994405267311,
        6.003988810534622,
        -22.547008259128525
      ]
    ],
    "ansatze": [
      "twolocal",
      "alternating_ry_rz",
      "random_circuit"
    ]
  },
  {
    "vqe2_energy": [
      -115.62232460010509,
      -113.87196950332982,
      -99.2691718882815
    ],
    "vqe2_vector": [
      [
        1,
        1,
        0,
        1,
        1,
        1,
        0,
        1
      ],
      [
        1,
        0,
        1,
        1,
        1,
        1,
        0,
        0
      ],
      [
        0,
        1,
        0,
        1,
        0,
        1,
        0,
        0
      ]
    ],
    "vqe2_min_error": [
      3.454242636369287e-06,
      1.5138590546793007,
      14.143597438800127
    ],
    "vqe2_params": [
      [
        6.075059001079743,
        4.790626774708373,
        4.48076654921999,
        5.309615186614193,
        2.5857249902077633,
        6.294208726831601,
        2.901931474465372,
        3.722388140685955,
        3.574031437259024,
        1.017565231706473,
        1.8063294351458854,
        1.215235436937337,
        6.061378024580814,
        4.975672634169126,
        5.419932216645835,
        3.8088504072377614,
        3.9499181779402592,
        4.935104131990731,
        1.1004798101206958,
        4.133950859993157,
        5.486134636046778,
        -0.22726338521153513,
        5.528831898774498,
        5.318695573642404,
        6.509612442711319,
        6.6721961878456755,
        6.884762429496468,
        7.303023047419212,
        2.4306775263565363,
        -0.06167000052516345,
        5.671903864880035,
        1.262580612542236
      ],
      [
        4.356166285309891,
        5.680257664599472,
        4.333734126091674,
        6.464244506655643,
        0.6688450231816367,
        3.226603670620135,
        2.40304834670554,
        3.718077608009719,
        3.8385241407261557,
        2.9305550785445975,
        1.9207902938833434,
        1.4987815584629667,
        0.3106703113951308,
        1.936891007674892,
        2.132142009952218,
        1.0227217555556976,
        0.7357390242758313,
        2.5832389911915077,
        1.7732202317541526,
        3.5633304607746896,
        2.801975355240529,
        5.402429970130225,
        6.089991470519437,
        2.3181319160819336,
        4.386495507781157,
        6.118798015924249,
        4.543433794624039,
        5.517729420915084,
        3.176055701663495,
        6.091558741108274,
        4.648074775042794,
        5.60205024397572,
        1.648971360976313,
        5.217764583458686,
        3.4368442154877488,
        5.442305243260271,
        5.964085123938328,
        6.062532440802969,
        4.563194995605233,
        3.104304387312801,
        1.3649374917366763,
        4.228076031903568,
        0.9552796826626256,
        0.26975716349640627,
        1.0668516201122076,
        2.0399223521309597,
        1.7505713811290144,
        0.03589611649905409
      ],
      [
        -0.5006067816519565,
        5.645147294818462,
        0.6816802524107959,
        -0.044324099642893175,
        1.3953429824923376,
        1.882845406267047,
        3.112039859072398,
        3.9728858971018046,
        5.175254778834741,
        4.777594762131186,
        0.8093217733783794,
        0.7394255128705395,
        4.282843070963119,
        5.297142833756893,
        1.1849303031431144,
        3.2761731487516337,
        5.371399411046785,
        5.573703139653928,
        7.292646483911079,
        4.407331140672707,
        1.7146712781614908,
        1.760306582209913,
        6.136910357216553,
        6.989663468567443,
        1.9551645826533417,
        0.5314230000076805,
        1.9703021786118795,
        1.6896387676912672,
        2.8560026831699523,
        4.161219631296741,
        1.7613865548342016,
        1.2382729942965875,
        3.2028477520050513,
        5.638557057412977,
        6.0235856333109075,
        5.347181425697242,
        5.220258592785588,
        5.8823693120177385,
        3.7577692413474497,
        5.755313759334985,
        2.5866910968521135,
        2.3372072625512788,
        3.7151278263341068,
        3.8359940350940454,
        3.9102417073865574,
        3.6711622084171354,
        0.1496911921983454,
        3.9456740576728824,
        0.9061726569168396,
        6.133500876886152,
        5.566359062448738,
        0.7846919856052881,
        0.08777305866092956,
        0.7847138059596095,
        4.218621821790225,
        3.667382478008508,
        5.519350403705629,
        1.6074342740984324,
        4.939148055491046,
        3.55320308348916,
        2.0184817725589106,
        -0.1699760240209318,
        3.6120007747136373,
        3.875491942416534,
        0.26424493749261524,
        5.291300699078345,
        1.7584282678119245,
        4.396052908740029,
        2.4623744440772173,
        2.5151472443433347,
        6.01471294595027,
        1.0325435085468053
      ]
    ],
    "vqe2_time": [
      3.0091142654418945,
      3.4944632053375244,
      4.798551082611084
    ],
    "solution_vector": [
      1,
      0,
      0,
      1,
      0,
      1,
      1,
      0
    ],
    "solution_min_energy": -115.62232859398085,
    "solution_time": 0.0207827091217041,
    "matrix_size": 8,
    "qubo_matrix": [
      [
        -27.055220935700195,
        3.6006963017197937,
        7.201392603439587,
        1.8003481508598969,
        1.8003478050125552,
        3.6006956100251104,
        7.201391220050221,
        1.8003478050125552
      ],
      [
        3.6006963017197937,
        -50.5097455696806,
        14.402785206879175,
        3.6006963017197937,
        3.6006956100251104,
        7.201391220050221,
        14.402782440100442,
        3.6006956100251104
      ],
      [
        7.201392603439587,
        14.402785206879175,
        -86.61670593248202,
        7.201392603439587,
        7.201391220050221,
        14.402782440100442,
        28.805564880200883,
        7.201391220050221
      ],
      [
        1.8003481508598969,
        3.6006963017197937,
        7.201392603439587,
        -27.055220935700195,
        1.8003478050125552,
        3.6006956100251104,
        7.201391220050221,
        1.8003478050125552
      ],
      [
        1.8003478050125552,
        3.6006956100251104,
        7.201391220050221,
        1.8003478050125552,
        -27.05523518136512,
        3.6006987162392727,
        7.2013974324785455,
        1.8003493581196364
      ],
      [
        3.6006956100251104,
        7.201391220050221,
        14.402782440100442,
        3.6006956100251104,
        3.6006987162392727,
        -50.50977164649097,
        14.402794864957091,
        3.6006987162392727
      ],
      [
        7.201391220050221,
        14.402782440100442,
        28.805564880200883,
        7.201391220050221,
        7.2013974324785455,
        14.402794864957091,
        -86.61674842802483,
        7.2013974324785455
      ],
      [
        1.8003478050125552,
        3.6006956100251104,
        7.201391220050221,
        1.8003478050125552,
        1.8003493581196364,
        3.6006987162392727,
        7.2013974324785455,
        -27.05523518136512
      ]
    ],
    "ansatze": [
      "twolocal",
      "alternating_ry_rz",
      "random_circuit"
    ]
  },
  {
    "vqe2_energy": [
      -115.18823347363747,
      -116.95564430669364,
      -115.18517601310602
    ],
    "vqe2_vector": [
      [
        0,
        1,
        0,
        0,
        1,
        1,
        1,
        0
      ],
      [
        0,
        1,
        0,
        1,
        1,
        0,
        1,
        0
      ],
      [
        0,
        0,
        1,
        0,
        0,
        0,
        1,
        1
      ]
    ],
    "vqe2_min_error": [
      1.5150358050053936,
      0.003914509346136796,
      1.517649907868912
    ],
    "vqe2_params": [
      [
        4.8818132374870045,
        4.48331617695697,
        6.201174345518031,
        5.641716082054115,
        6.284996376627782,
        2.6940540928402856,
        7.085661557536262,
        5.048116847378789,
        0.4983615449092247,
        3.5346855958678036,
        4.3058880169959615,
        4.007280153747756,
        5.208099654493416,
        2.7896467323156084,
        5.559457113506298,
        2.079059799070925,
        1.0418773267301655,
        1.7525692159872654,
        3.187419392621446,
        2.2395226922111338,
        0.696904843654126,
        2.7715584683764987,
        4.243315025134854,
        5.395609306214851,
        5.556107106872616,
        0.38468995691414476,
        1.6745810356438544,
        1.5290376671374875,
        5.616349774164608,
        1.5254367143725063,
        2.8066210938112337,
        4.511164624578839
      ],
      [
        3.231518768248354,
        4.832464271576436,
        6.428159849034484,
        1.102860358567435,
        4.452824806711778,
        6.1899055552731586,
        5.580718258181107,
        1.520424074991498,
        0.057494582692177915,
        2.628436938655922,
        6.130174906294804,
        3.7478010228407954,
        2.5224696587619193,
        2.6356581896611617,
        1.2920508622474955,
        2.996603762318231,
        3.829579246774592,
        5.170096974610004,
        5.408302202597842,
        0.8144839760329008,
        1.3801996081879597,
        2.5058424007001863,
        1.6237998950363066,
        6.383313621266796,
        4.427527001306911,
        3.2313123547868137,
        5.334141430998364,
        2.8655455459450643,
        1.3367120770660859,
        5.238404334966281,
        3.011901836344531,
        1.0455532745468377,
        0.3460932369830901,
        0.8485738278488345,
        2.3917623229556826,
        6.1079258830838565,
        2.6211824936695414,
        2.520541557290756,
        0.29406911276832726,
        5.4063059897661265,
        3.5416078995394686,
        4.786578209372342,
        3.5295419663617484,
        5.020965951390868,
        2.442524989692497,
        5.171778129915905,
        1.1633066157761385,
        1.1494348471727345
      ],
      [
        1.8751750576240913,
        7.245236354881442,
        -0.29008834126265104,
        5.162376622700013,
        4.110891963597723,
        5.061720947783598,
        6.177633257102714,
        4.995725363714575,
        4.872704911566774,
        1.8251583987253062,
        3.857622713599796,
        2.1938706303446502,
        4.063050479375232,
        2.8065603355674478,
        4.422788715610619,
        4.0498015276457435,
        4.8911970849405115,
        1.7935817332445365,
        6.029951970221695,
        4.8705203877740075,
        0.33295056484944074,
        3.4397864441891994,
        0.8616763473948235,
        2.5932036811107184,
        3.7880811979170907,
        3.3198893998222587,
        4.8672040373307714,
        2.167020788790958,
        5.599995175777269,
        2.691501885624758,
        0.211101236403557,
        0.05160631110709455,
        0.8455915663185096,
        4.208855120606483,
        5.675458011357804,
        2.748500485375865,
        4.727126004552914,
        6.135753122386368,
        4.9467574803218755,
        0.14234032134842767,
        1.4447342397244656,
        5.545785669777872,
        5.187084463431052,
        4.224231318522107,
        0.4007938477526228,
        3.184896006961394,
        5.60706272166386,
        1.8518890152019147,
        4.803723689356217,
        1.4372362538019952,
        3.0156993699980994,
        5.891672216598621,
        1.474355907892575,
        4.10332384597565,
        1.1330614008855453,
        0.30288580632459383,
        1.6871029728347267,
        5.554854557117114,
        4.56452900121356,
        4.640533832166334,
        5.280645163952071,
        2.82251688512445,
        1.48432362482397,
        1.5555245378921831,
        1.1416699184616212,
        1.9180245171645154,
        4.134596795979921,
        3.0716604653059982,
        6.008112814224401,
        5.298004966964745,
        1.5693513395210361,
        2.4325818402941515
      ]
    ],
    "vqe2_time": [
      2.0625898838043213,
      2.6069483757019043,
      3.616912841796875
    ],
    "solution_vector": [
      0,
      0,
      0,
      0,
      1,
      1,
      1,
      1
    ],
    "solution_min_energy": -116.9602227255435,
    "solution_time": 0.020984172821044922,
    "matrix_size": 8,
    "qubo_matrix": [
      [
        -27.365464173921616,
        3.641991990747832,
        7.283983981495664,
        1.820995995373916,
        1.8209956495265747,
        3.6419912990531493,
        7.283982598106299,
        1.8209956495265747
      ],
      [
        3.641991990747832,
        -51.0889363570954,
        14.567967962991329,
        3.641991990747832,
        3.6419912990531493,
        7.283982598106299,
        14.567965196212597,
        3.6419912990531493
      ],
      [
        7.283983981495664,
        14.567967962991329,
        -87.60990475119948,
        7.283983981495664,
        7.283982598106299,
        14.567965196212597,
        29.135930392425195,
        7.283982598106299
      ],
      [
        1.820995995373916,
        3.641991990747832,
        7.283983981495664,
        -27.365464173921616,
        1.8209956495265747,
        3.6419912990531493,
        7.283982598106299,
        1.8209956495265747
      ],
      [
        1.8209956495265747,
        3.6419912990531493,
        7.283982598106299,
        1.8209956495265747,
        -27.36700825912853,
        3.6419944052673117,
        7.283988810534623,
        1.8209972026336558
      ],
      [
        3.6419912990531493,
        7.283982598106299,
        14.567965196212597,
        3.6419912990531493,
        3.6419944052673117,
        -51.092022112989746,
        14.567977621069247,
        3.6419944052673117
      ],
      [
        7.283982598106299,
        14.567965196212597,
        29.135930392425195,
        7.283982598106299,
        7.283988810534623,
        14.567977621069247,
        -87.61606660491024,
        7.283988810534623
      ],
      [
        1.8209956495265747,
        3.6419912990531493,
        7.283982598106299,
        1.8209956495265747,
        1.8209972026336558,
        3.6419944052673117,
        7.283988810534623,
        -27.36700825912853
      ]
    ],
    "ansatze": [
      "twolocal",
      "alternating_ry_rz",
      "random_circuit"
    ]
  },
  {
    "vqe2_energy": [
      -134.06495752536352,
      -134.0649422434389,
      -127.63425820677236
    ],
    "vqe2_vector": [
      [
        0,
        0,
        1,
        1,
        1,
        0,
        0,
        1
      ],
      [
        1,
        0,
        1,
        1,
        1,
        0,
        0,
        0
      ],
      [
        0,
        1,
        0,
        1,
        0,
        1,
        0,
        1
      ]
    ],
    "vqe2_min_error": [
      1.6075101039006334,
      1.607521319557892,
      6.327106704001217
    ],
    "vqe2_params": [
      [
        1.0404909557735709,
        7.27987896974447,
        6.0566263362772075,
        3.524605338297806,
        0.9900273289399741,
        6.389404974313742,
        2.5307469260232747,
        3.2371766346330983,
        0.13946636761865275,
        2.983494424131489,
        0.40086112865384627,
        2.072609503595282,
        0.8482863025471823,
        1.0595872421246635,
        4.477808393373723,
        5.002579635974846,
        2.247134551276536,
        0.8311266076344218,
        5.937742093949403,
        0.6176698363932557,
        2.7835450783975326,
        2.7713567421013865,
        3.916660767156965,
        2.667455649136221,
        4.715008181532278,
        3.4723429326851982,
        5.160159026360568,
        0.5501525600178171,
        4.273453716072492,
        3.755562141306237,
        5.463049635390382,
        4.828337747007434
      ],
      [
        4.764629301419972,
        1.1439329053416185,
        3.1966965138880856,
        3.647412176502011,
        6.400801119992818,
        5.993489861050444,
        0.25130592299462157,
        0.8586996987759472,
        4.370453524349452,
        6.903239458988102,
        6.151661013115935,
        0.649315888040865,
        5.8265506439084245,
        3.211976210421752,
        3.7829617953747965,
        5.260584326377132,
        4.957261550292809,
        2.2065200121191935,
        4.1633698637716465,
        4.869085359970603,
        2.568525143613951,
        5.857033235397203,
        3.50057795578662,
        2.3547848581226223,
        2.483049930730759,
        5.05725894544319,
        5.941699519676325,
        3.2196706112017393,
        4.465053735326663,
        3.8456423040511516,
        3.0740282222989315,
        0.976631318874536,
        1.8409826182096312,
        0.5975906799680067,
        0.555314047840644,
        0.9023950167462419,
        1.0454401546145284,
        2.1284324211476537,
        4.081892538518505,
        0.8376333570203138,
        2.237721830122954,
        4.534503847178659,
        5.477523102307891,
        1.358977710340512,
        1.7728475268868487,
        2.255414050500033,
        3.764647694088212,
        5.0795572228972095
      ],
      [
        3.5006483369098165,
        2.949566424593219,
        1.660274146887892,
        6.634382172651092,
        7.153535074278773,
        3.8054076583934444,
        0.2543037740268026,
        1.4500428056729362,
        4.320472796532073,
        2.586566200292317,
        0.6246595452246272,
        2.4274080545866465,
        2.6287253244080255,
        0.5316809147260486,
        1.6324390965614337,
        5.072102213702916,
        3.721696167488689,
        4.663232971015377,
        0.14882400942555565,
        5.427773580320738,
        3.3190860761186887,
        3.124008518330473,
        1.1641186299032247,
        2.3224468309266832,
        5.989472759992598,
        5.785523547118281,
        2.3267335312194395,
        1.259702063707092,
        3.5650008803596736,
        0.5330358930562971,
        4.918459319104671,
        1.5668545874278128,
        0.9510684881249557,
        3.1292987634645524,
        0.9016570707979175,
        6.422664657615925,
        4.861757121384545,
        3.365519256158163,
        0.79998345836981,
        5.602535735830222,
        0.27460239341238457,
        2.585966475896692,
        5.835700994733274,
        3.242958333078896,
        4.194785645185412,
        2.6106913395066966,
        6.008932720435229,
        6.170381584417459,
        0.834693195295448,
        4.000690292291704,
