[
  {
    "vqe2_energy": [
      -5265.95294241927,
      -5617.464273288617,
      -5568.321636775609
    ],
    "vqe2_vector": [
      [
        0,
        1,
        1,
        1,
        0,
        0,
        0,
        1,
        0,
        1,
        0,
        0
      ],
      [
        0,
        0,
        0,
        0,
        1,
        1,
        0,
        1,
        1,
        1,
        0,
        1
      ],
      [
        0,
        1,
        0,
        0,
        1,
        1,
        0,
        0,
        0,
        0,
        1,
        0
      ]
    ],
    "vqe2_min_error": [
      6.257473797350133,
      4.577935475147399e-07,
      0.874819306606045
    ],
    "vqe2_params": [
      [
        1.2625821597034523,
        2.5194320211159593,
        3.7041217212971183,
        6.31495671449103,
        6.5673901895336275,
        5.826380495759134,
        3.132248324602492,
        2.4233238310463934,
        5.929178130125187,
        3.400920034636033,
        2.5496812243693223,
        2.3660862853308755,
        5.170132867100873,
        2.7155713808942887,
        6.135534712144222,
        2.622735730377368,
        0.2146580408288876,
        5.654507755632558,
        2.4178554975327082,
        4.072264036240748,
        0.4042352608741083,
        0.35079583797580804,
        3.0145968981341515,
        1.4494104042587956,
        6.184507034117987,
        2.6718503400204985,
        0.6318004241493812,
        4.6255414961476955,
        2.000468942372361,
        5.879101427537501,
        4.741008599434541,
        3.7396541207040945,
        2.931012417188402,
        5.992012805884612,
        0.892115121730935,
        1.6903416510517264,
        0.7863773989354532,
        6.293984953041456,
        3.2969315288894423,
        2.107754793827206,
        3.5897224930483365,
        4.151233349969721,
        3.0159778250854212,
        4.404100355543352,
        2.89307564320934,
        3.9768279010821055,
        3.887403701577489,
        5.224551907049247
      ],
      [
        4.755959078808691,
        6.711668952341678,
        7.635474225551779,
        1.2623241374752459,
        4.9681812296828465,
        1.0317586651724344,
        1.909929526783369,
        0.10894758952815685,
        4.712192007137588,
        6.759181839094819,
        6.0620321483607045,
        5.2235783778149205,
        1.1406100227731042,
        3.2174179823277305,
        -0.2973588801794259,
        -0.11343427823745358,
        1.0249812256773938,
        1.4659737342908001,
        3.8102428520232072,
        3.1921284797828666,
        3.0596617343130568,
        0.3395542722255578,
        1.0461122161950076,
        4.388109456024787,
        1.1941595175761326,
        2.6862721511850993,
        4.785936243741491,
        2.5561580139882043,
        1.87199277962623,
        3.8018486345451854,
        5.203891675253723,
        6.234832963436848,
        3.326540287605345,
        1.9922941017509335,
        5.770699709144243,
        3.5056201130376063,
        3.1566225739380047,
        5.6250324142101285,
        5.090818358706293,
        4.269521661362411,
        4.583861843939522,
        3.965251581717087,
        2.2689999729699313,
        3.2802137003302483,
        2.4522110472707417,
        5.542533543360455,
        3.4790498110484553,
        4.201655112215141,
        6.024025404059629,
        2.0535375075283144,
        0.15380256384339744,
        4.220458792121299,
        5.448669920132981,
        1.6606155469879371,
        1.7107847935394267,
        0.05545310741571863,
        2.0418261746898816,
        1.9364598747915283,
        2.5908898415606854,
        3.874582038193491,
        0.1806653219363003,
        4.556278906093253,
        2.554903456207533,
        0.7580723585275678,
        3.945271238542235,
        4.364298947627278,
        3.1905624314264576,
        3.9150651290680005,
        2.567731202329733,
        2.7395428708678984,
        2.6939685977077636,
        5.937528776773075
      ],
      [
        4.819573037263584,
        4.579171866019331,
        5.642085154943371,
        3.5668937806201058,
        0.7424293727631414,
        4.053977152118259,
        5.226097058131645,
        5.12562615656545,
        0.10574445502110545,
        5.740405006383217,
        5.273200367013902,
        5.805771944563641,
        3.5089015667989205,
        5.161118537969724,
        1.9281386256033772,
        3.875090202866305,
        0.13638949513453774,
        4.515512494593469,
        5.617384290402586,
        4.698251717866012,
        5.504863509293488,
        2.3914383664407413,
        5.388325196542022,
        3.963022423265817,
        2.2486968534250127,
        0.47754566734087733,
        6.087461398301139,
        3.3997393561294955,
        6.033867774047903,
        0.6765720922699604,
        6.0548446371313345,
        4.391453098197562,
        2.8493664005160606,
        3.035626685557171,
        1.1344044411893874,
        6.066305308993814,
        5.230114415240553,
        3.2117716587573364,
        5.43345016540033,
        5.31048481495512,
        0.034900350742599694,
        5.265424119002836,
        0.3410712613708284,
        4.496585309883013,
        0.9594403948805704,
        3.565796895994026,
        3.171041797718246,
        3.421793813864308,
        1.555819289626214,
        1.5844981717054243,
        1.1373059330125146,
        3.4311122036602053,
        4.7278923235738874,
        4.047274536563738,
        5.712316251563276,
        0.19438480859047594,
        6.230599435046739,
        6.040869902798877,
        3.287111396953385,
        5.676104696664095,
        3.621940362683912,
        0.5249851842554032,
        2.5252551632138482,
        1.3008960185001233,
        1.8081598047214178,
        0.6067027533249195,
        6.0981046540879555,
        4.673797882852951,
        6.243774845340879,
        3.018030457478454,
        4.1563116631859565,
        3.4415178170088603,
        1.6363146264030193,
        2.298860472358062,
        1.746344972635994,
        2.656976652923279,
        0.9205044307569743,
        5.117198850200509,
        1.8535174754975294,
        4.58529310959101,
        0.18712839426012864,
        5.017609662399623,
        1.084032539598624,
        2.501149525863595,
        4.2006787835274775,
        5.676492358085923,
        6.236845011724462,
        1.3688096175217628,
        0.5236918481892172,
        0.6625633780076445,
        1.2048156462574535,
        1.272864600466347,
        5.261875556579292,
        4.150796277150155,
        4.499256422643224,
        2.5515859256731233,
        3.8850741421916304,
        0.15264510726348904,
        5.77340417878833,
        1.796496027666027,
        1.982981595674418,
        0.7577305004286984,
        2.6708552944010835,
        3.8100695231164794,
        3.847138084346863,
        3.553280958321282,
        5.362230747644575,
        2.285475787011388
      ]
    ],
    "vqe2_time": [
      91.04278922080994,
      98.51770305633545,
      106.56569147109985
    ],
    "solution_vector": [
      1,
      0,
      0,
      0,
      1,
      1,
      0,
      1,
      1,
      1,
      0,
      0
    ],
    "solution_min_energy": -5617.464299005006,
    "solution_time": 0.023845434188842773,
    "matrix_size": 12,
    "qubo_matrix": [
      [
        -345.5379196908231,
        10.967236430539257,
        21.934472861078515,
        43.86894572215703,
        87.73789144431406,
        5.483618215269629,
        5.483617782960451,
        10.967235565920902,
        21.934471131841804,
        43.86894226368361,
        87.73788452736721,
        5.483617782960451
      ],
      [
        10.967236430539257,
        -680.1086029511071,
        43.86894572215703,
        87.73789144431406,
        175.47578288862812,
        10.967236430539257,
        10.967235565920902,
        21.934471131841804,
        43.86894226368361,
        87.73788452736721,
        175.47576905473443,
        10.967235565920902
      ],
      [
        21.934472861078515,
        43.86894572215703,
        -1316.348260180057,
        175.47578288862812,
        350.95156577725623,
        21.934472861078515,
        21.934471131841804,
        43.86894226368361,
        87.73788452736721,
        175.47576905473443,
        350.95153810946886,
        21.934471131841804
      ],
      [
        43.86894572215703,
        87.73789144431406,
        175.47578288862812,
        -2457.220737471486,
        701.9031315545125,
        43.86894572215703,
        43.86894226368361,
        87.73788452736721,
        175.47576905473443,
        350.95153810946886,
        701.9030762189377,
        43.86894226368361
      ],
      [
        87.73789144431406,
        175.47578288862812,
        350.95156577725623,
        701.9031315545125,
        -4212.538343388459,
        87.73789144431406,
        87.73788452736721,
        175.47576905473443,
        350.95153810946886,
        701.9030762189377,
        1403.8061524378754,
        87.73788452736721
      ],
      [
        5.483618215269629,
        10.967236430539257,
        21.934472861078515,
        43.86894572215703,
        87.73789144431406,
        -345.5379196908231,
        5.483617782960451,
        10.967235565920902,
        21.934471131841804,
        43.86894226368361,
        87.73788452736721,
        5.483617782960451
      ],
      [
        5.483617782960451,
        10.967235565920902,
        21.934471131841804,
        43.86894226368361,
        87.73788452736721,
        5.483617782960451,
        -345.53793363467315,
        10.967239448688606,
        21.93447889737721,
        43.86895779475442,
        87.73791558950884,
        5.483619724344303
      ],
      [
        10.967235565920902,
        21.934471131841804,
        43.86894226368361,
        87.73788452736721,
        175.47576905473443,
        10.967235565920902,
        10.967239448688606,
        -680.1086278206577,
        43.86895779475442,
        87.73791558950884,
        175.4758311790177,
        10.967239448688606
      ],
      [
        21.934471131841804,
        43.86894226368361,
        87.73788452736721,
        175.47576905473443,
        350.95153810946886,
        21.934471131841804,
        21.93447889737721,
        43.86895779475442,
        -1316.3482978465609,
        175.4758311790177,
        350.9516623580354,
        21.93447889737721
      ],
      [
        43.86894226368361,
        87.73788452736721,
        175.47576905473443,
        350.95153810946886,
        701.9030762189377,
        43.86894226368361,
        43.86895779475442,
        87.73791558950884,
        175.4758311790177,
        -2457.2207645141043,
        701.9033247160708,
        43.86895779475442
      ],
      [
        87.73788452736721,
        175.47576905473443,
        350.95153810946886,
        701.9030762189377,
        1403.8061524378754,
        87.73788452736721,
        87.73791558950884,
        175.4758311790177,
        350.9516623580354,
        701.9033247160708,
        -4212.538204312137,
        87.73791558950884
      ],
      [
        5.483617782960451,
        10.967235565920902,
        21.934471131841804,
        43.86894226368361,
        87.73788452736721,
        5.483617782960451,
        5.483619724344303,
        10.967239448688606,
        21.93447889737721,
        43.86895779475442,
        87.73791558950884,
        -345.53793363467315
      ]
    ],
    "ansatze": [
      "twolocal",
      "alternating_ry_rz",
      "random_circuit"
    ],
    "histories_energy": [
      [
        [
          -4660.596603862005,
          -4710.0599093618275,
          -4730.405181620562,
          -4588.281677125134,
          -4621.100806767211,
          -4752.681459619406,
          -4797.318976638483,
          -4770.653631077899,
          -4597.493851202761,
          -4888.457938363251,
          -4720.977508701421,
          -4828.468125327308,
          -4873.299640121028,
          -4842.338549336654,
          -4902.535840791691,
          -4863.698323667473,
          -4812.206790154815,
          -4856.093947993505,
          -4835.844024827652,
          -4897.598062489584,
          -4914.99841533146,
          -4891.468265695787,
          -4880.387590648158,
          -4844.506864474596,
          -4854.973416407651,
          -4849.978232511808,
          -4847.563914058655,
          -4775.210329107169,
          -4864.17405283604,
          -4877.127722250127,
          -4861.566788345862,
          -4864.327265426288,
          -4838.33377316123,
          -4708.4436119274915,
          -4888.606435779229,
          -4838.048021588153,
          -4826.222182671212,
          -4868.7584968104065,
          -4884.849029016593,
          -4860.861179387054,
          -4886.786282763971,
          -4895.939873043545,
          -4832.576684314546,
          -4888.815900476353,
          -4881.263199359533,
          -4875.114871424275,
          -4832.563736297531,
          -4890.967184198218,
          -4824.808666952574,
          -5024.117238930037,
          -4944.601382229198,
          -5005.982402418636,
          -5065.4836012505775,
          -5057.126973268202,
          -4997.851769361828,
          -5032.9190478280025,
          -5002.274945450431,
          -4994.554612924495,
          -5078.101591465787,
          -5044.355968426875,
          -4984.913762161184,
          -5073.480906018823,
          -5083.393448572462,
          -5088.6104481063985,
          -5105.50392664901,
          -5065.1065901918255,
          -5004.497234579312,
          -5007.845043217703,
          -5068.202401199018,
          -5063.562480465451,
          -5074.316161692489,
          -5081.08890570754,
          -5054.045127865112,
          -5066.385027501496,
          -5055.310604784674,
          -5041.367533278289,
          -4996.7319883839045,
          -5055.154713398977,
          -5155.5884307850265,
          -5163.099263352258,
          -5180.988290653206,
          -5147.752729791012,
          -5159.735673521737,
          -5138.8779684434,
          -5163.415912172436,
          -5166.461382425053,
          -5191.270504230125,
          -5134.645591697892,
          -5154.868289045045,
          -5128.148651098271,
          -5207.619523388586,
          -5114.0968399881185,
          -5144.729237150103,
          -5168.3540475887785,
          -5160.311904479668,
          -5156.629903333419,
          -5183.546573085995,
          -5154.01538979897,
          -5196.940364964527,
          -5189.343529134872,
          -5012.689757572188,
          -5239.253747488785,
          -5233.0624535338775,
          -5221.055951252177,
          -5258.996780822931,
          -5204.677421729351,
          -5184.299271072732,
          -5162.704330130686,
          -5171.889941911312,
          -5265.597188695277,
          -5162.76065834984,
          -5269.210473785418,
          -5233.637739788249,
          -5259.618583365127,
          -5244.811860313617,
          -5230.590375998822,
          -5251.2165443403555,
          -5242.432361319039,
          -5155.669880310224,
          -5260.297013830012
        ]
      ],
      [
        [
          -4709.2681227958265,
          -4694.949368927356,
          -4828.243478671699,
          -4863.699827546432,
          -4827.933998543773,
          -4777.679903035315,
          -4816.894315011344,
          -4765.741900369201,
          -4778.8641449804645,
          -4763.862043460917,
          -4786.9316816959345,
          -4836.845834279851,
          -4803.850240949665,
          -4772.76743898967,
          -4857.641081511699,
          -4850.158857332534,
          -4821.532454680436,
          -4739.282178386663,
          -4833.2996173589845,
          -4875.8033318412745,
          -4194.983073287865,
          -4852.473714077229,
          -4785.3604758535,
          -4849.72042047082,
          -4821.551893197057,
          -4772.0604911058,
          -4810.850988900982,
          -4816.12224327961,
          -4863.575007912266,
          -4792.68512245763,
          -4836.139302807327,
          -4860.947182194519,
          -4490.258126165498,
          -4862.33393547032,
          -4861.435820619997,
          -4779.513008631136,
          -4824.528496544517,
          -4830.484895562683,
          -4836.624153211287,
          -4849.718675204756,
          -4832.203769957603,
          -4776.852108860418,
          -4847.29390896499,
          -4845.611292142234,
          -4874.935452314225,
          -4809.241951603311,
          -4788.721912107601,
          -4798.12799685387,
          -4853.913768663325,
          -4835.956902556404,
          -4821.2542843744795,
          -4849.643801649907,
          -4832.1345320846785,
          -4868.166460852615,
          -4859.510922429171,
          -4774.247350976959,
          -4854.126748434533,
          -4838.386831529091,
          -4820.154806919636,
          -4845.154662793136,
          -4820.695640287827,
          -4777.598562718023,
          -4813.645968705336,
          -4826.494072239791,
          -4863.195368948052,
          -4879.202507640673,
          -4826.8365756373705,
          -4847.295880075705,
          -4802.744851064109,
          -4816.321553426853,
          -4758.497753731803,
          -4867.575163906681,
          -4806.392651813569,
          -5047.229201810068,
          -4893.579380598099,
          -5044.705284373855,
          -5034.895730481182,
          -4870.601805507691,
          -4986.274915007542,
          -5066.839387029661,
          -4991.604411011619,
          -5088.499837540451,
          -5169.614645558537,
          -5180.791160359041,
          -5254.268237571577,
          -5110.069427462609,
          -5251.371630689986,
          -5243.143799883192,
          -5291.307416205763,
          -5307.094309231418,
          -5319.625933270884,
          -5277.275248328451,
          -5317.318110846779,
          -5307.634294149858,
          -5355.562889795173,
          -5362.0582574791415,
          -5343.026972369317,
          -5354.218105306501,
          -5382.893501381162,
          -5375.1509399880215,
          -5325.127833806329,
          -5375.473967328532,
          -5353.88874506592,
          -5393.371065704156,
          -5347.3381778246685,
          -5376.657202923676,
          -5351.628138258458,
          -5350.913429620642,
          -5248.974738856429,
          -5352.366150216479,
          -5331.199408243181,
          -5366.60592734331,
          -5352.11843671496,
          -5367.346315228199,
          -5367.739881807291,
          -5389.70676295319,
          -5364.674027460402,
          -5365.438166065299,
          -5372.556385313749,
          -5395.2179679357305
        ]
      ],
      [
        [
          -4593.54041568124,
          -4310.569929068598,
          -4843.690728094182,
          -4640.348072991383,
          -4700.342485159665,
          -4840.4994366798,
          -4752.769013522859,
          -4782.754204533552,
          -4690.996423064447,
          -4812.06055396486,
          -4824.95501749626,
          -4849.87385685223,
          -4843.475113783646,
          -4690.723332718967,
          -4732.640177113743,
          -4873.825393127105,
          -4764.217751350836,
          -4792.911081187416,
          -4866.894980436065,
          -4777.198656704928,
          -4538.729187136223,
          -4811.773479439511,
          -4825.789738458131,
          -4793.506690162103,
          -4804.597855967204,
          -4811.667621607654,
          -4872.695391064718,
          -4829.661687878128,
          -4806.170714904261,
          -4847.394605117601,
          -4793.576689903877,
          -4775.178976239918,
          -4735.975725330198,
          -4777.63049463613,
          -4783.6561287544,
          -4802.811382709453,
          -4795.494696177744,
          -4793.118623515907,
          -4751.398900250049,
          -4809.310838674456,
          -4821.653725914896,
          -4808.647499869691,
          -4845.584447668161,
          -4801.472342971055,
          -4847.068028861171,
          -4813.615568907019,
          -4850.166782834559,
          -4851.447169987654,
          -4796.438887263689,
          -4804.653482409963,
          -4745.8636319442785,
          -4838.916278231064,
          -4772.897702627802,
          -4816.978723521768,
          -4794.759500211636,
          -4832.666231214662,
          -4740.857547902903,
          -4823.241987459405,
          -4819.047245097645,
          -4795.861682060154,
          -4758.206404459537,
          -4778.028315478198,
          -4791.260910345054,
          -4802.341131175438,
          -4816.2316926389285,
          -4765.627497242159,
          -4802.787227466062,
          -4837.72504075456,
          -4837.986386183942,
          -4765.914263154086,
          -4838.019148868837,
          -4793.603521766684,
          -4818.440188696241,
          -4841.362435038938,
          -4849.004142477002,
          -4825.0200764497395,
          -4797.103239297255,
          -4784.5111992216,
          -4753.279021534232,
          -4858.986025876277,
          -4836.364888747903,
          -4803.19014146108,
          -4813.348633353309,
          -4851.055320691107,
          -4812.324239070438,
          -4787.8347969851175,
          -4766.5112706924765,
          -4849.372041344803,
          -4839.057861131565,
          -4787.25833959483,
          -4822.358552498101,
          -4779.527658107138,
          -4842.955156636437,
          -4781.948552520964,
          -4802.849994265961,
          -4798.98042624077,
          -4879.607224043648,
          -4804.750065011919,
          -4823.143900985732,
          -4767.250355802347,
          -4824.701151510491,
          -4782.107069244054,
          -4823.26278758878,
          -4833.0490823141745,
          -4819.5337040373015,
          -4837.066333791923,
          -4772.308869299249,
          -4826.10511262539,
          -4781.678893505407,
          -4645.279065439197,
          -4747.789597187889,
          -4775.958720097106,
          -4809.661817286012,
          -4824.468217799928,
          -4918.562476462916,
          -4807.736928239995,
          -4837.235887243366,
          -4799.9249575936055,
          -4850.559564369598,
          -4830.528914559536
        ]
      ]
    ]
  },
  {
    "vqe2_energy": [
      -5696.442388516729,
      -4612.102580508306,
      -4899.68060847382
    ],
    "vqe2_vector": [
      [
        1,
        1,
        1,
        1,
        0,
        0,
        1,
        1,
        1,
        1,
        0,
        1
      ],
      [
        0,
        0,
        1,
        0,
        1,
        1,
        1,
        0,
        0,
        1,
        1,
        0
      ],
      [
        0,
        0,
        0,
        0,
        1,
        0,
        0,
        0,
        1,
        0,
        0,
        0
      ]
    ],
    "vqe2_min_error": [
      0.09885378680615231,
      19.115422781343582,
      14.072033827318641
    ],
    "vqe2_params": [
      [
        0.6001761833641309,
        3.024839301173781,
        3.36007599206128,
        5.863320122252651,
        3.3681204644731797,
        3.6938883099998816,
        3.0032622065562524,
        1.1564693987215715,
        3.072446366729041,
        6.214206224331023,
        5.564267229817561,
        6.302881391831287,
        2.062641420378625,
        3.160008185048607,
        6.163149834374328,
        2.9678226423968845,
        4.174525880369774,
        3.211485956090828,
        4.559826226551056,
        6.564017176063712,
        3.2966744276502276,
        5.0476194127661955,
        2.3601650314833234,
        3.9256878753040954,
        4.046079684784776,
        3.5344819752052272,
        0.028181690174895475,
        3.49894135822621,
        1.2107030993589956,
        1.6501513131478276,
        3.185107091705866,
        5.15240999692035,
        0.21481618449424952,
        3.370287957565581,
        1.8979868871320082,
        3.736411440611346,
        3.244858188462706,
        5.771236709532727,
        1.6873514833519356,
        3.93833190405882,
        2.810147045914275,
        2.2604196895814663,
        3.5321097948317868,
        1.5213746282303606,
        4.368688935785268,
        2.4627133224404143,
        2.9652959005515735,
        1.9986783806028514
      ],
      [
        4.652434284927433,
        0.9562602249373199,
        1.786411621880971,
        2.0091660105212674,
        3.738741472926304,
        5.071193767232232,
        3.3184009675920287,
        3.8916383399001306,
        5.261146502043579,
        4.221934059893573,
        2.1104498345898777,
        4.153991868898293,
        6.448751716813409,
        5.683797156087433,
        2.541511141949871,
        2.8803703293008556,
        5.590705069133173,
        1.9416314587148447,
        0.8289819272405559,
        2.797363744084299,
        1.3424783295311788,
        4.505892862246182,
        5.678500858016121,
        4.496196517648407,
        6.198862728950876,
        1.1778535865578452,
        3.3894939330076785,
        1.004345699830513,
        2.5484306971639543,
        4.077711167994514,
        2.604409664933753,
        4.47040468488494,
        6.220632124133846,
        2.812348740513405,
        2.638655245666746,
        5.125921844115846,
        3.5044730750823287,
        1.0358745895967263,
        5.303669944380145,
        1.5588261070643243,
        0.3082946599452233,
        2.8465525727742436,
        3.2459685002629626,
        0.09774375049469855,
        4.723829504119853,
        2.8116503630073457,
        4.834795227971821,
        4.190369369446184,
        3.701554672384666,
        2.1650706055130424,
        0.4198012690167317,
        1.9156034233040735,
        3.657808056610085,
        3.928257710641043,
        0.46363478291486493,
        2.6018284975194526,
        6.057652072882838,
        1.7303767685778675,
        5.177649019686583,
        2.135743065961984,
        5.1891713092414244,
        2.745295624507899,
        3.438785150291377,
        3.9150395143656582,
        5.300000297935423,
        3.750310031556907,
        2.412085180574032,
        3.730978894746353,
        4.970186417486592,
        1.1441300992875865,
        3.9217316390855514,
        2.384739220227704
      ],
      [
        1.9087979529697972,
        2.8471485666553096,
        0.34499649790511255,
        0.8916926589300602,
        1.5565401340408571,
        2.9280872378839766,
        2.0928678709308746,
        5.31058050808344,
        0.4748531892166098,
        4.038363275230509,
        6.59141989111676,
        6.069910673772346,
        4.959075595150258,
        1.8878053700579562,
        4.040172452988174,
        2.0654719955105554,
        5.721211781118148,
        4.042541237474677,
        5.37637515522382,
        1.8487675067780895,
        6.352974645814565,
        5.624842573341412,
        6.107413569633529,
        0.13654234611008786,
        5.5954861051423475,
        2.8293207146580137,
        3.6061237513437336,
        1.7873484045801717,
        2.9657612528879835,
        2.854543677522351,
        5.93489471987416,
        0.9718691696339586,
        5.018252820034599,
        3.6204973577237567,
        3.293744658998005,
        0.8231666580826017,
        0.8274366995445357,
        0.6061204621202414,
        4.282071199502458,
        6.204258748195159,
        0.4075320941008246,
        4.414785771762272,
        3.9568881279589845,
        0.1832339794117567,
        3.611850031559443,
        7.2671605417431495,
        5.913137820717802,
        3.985909590764832,
        4.641557325063007,
        3.3701257550985835,
        3.978576135203846,
        3.4395546961620607,
        3.67918177316228,
        6.2067827504618425,
        5.100253931724992,
        0.5819990030083786,
        0.8199375581022014,
        1.9800990689202969,
        0.3107718876126819,
        4.9429033641562965,
        2.0444487936440003,
        4.846591026287665,
        1.1897601370540098,
        2.7519481688082763,
        1.4732788586056995,
        2.513799330604471,
        0.3943726029933561,
        1.6260988631665063,
        6.102954848558918,
        2.015128538239925,
        1.2279697696083574,
        0.08681883206240833,
        0.03307036928179297,
        4.68891255988269,
        2.977654139636679,
        1.974775420437636,
        4.881894829981899,
        3.9294743972092396,
        1.1083811551508855,
        2.6972986921804245,
        5.77580499162688,
        2.500761758519657,
        2.637699121788417,
        3.3059748108817217,
        2.417379173433158,
        4.812198803647337,
        0.3944398905683823,
        4.999027594961815,
        2.902056584370495,
        1.5214393758030123,
        3.4821847302254185,
        0.8828118349342582,
        0.2072814704539727,
        3.6830259849026885,
        5.667003204444638,
        5.472458038325247,
        3.379694135066555,
        1.6186631551947068,
        3.0871885401209926,
        4.947119275636901,
        0.4772097744767784,
        3.189127135119876,
        3.000051128394903,
        0.09995910923441931,
        3.618092361521645,
        5.865090530372694,
        0.17215993227161855,
        2.4151340262011742
      ]
    ],
    "vqe2_time": [
      43.5328323841095,
      74.40494966506958,
      90.74918007850647
    ],
    "solution_vector": [
      0,
      0,
      0,
      0,
      1,
      0,
      1,
      1,
      1,
      1,
      0,
      1
    ],
    "solution_min_energy": -5702.079109643294,
    "solution_time": 0.021942853927612305,
    "matrix_size": 12,
    "qubo_matrix": [
      [
        -350.7417020788671,
        11.132419186651411,
        22.264838373302823,
        44.529676746605645,
        89.05935349321129,
        5.566209593325706,
        5.566209161016529,
        11.132418322033057,
        22.264836644066115,
        44.52967328813223,
        89.05934657626446,
        5.566209161016529
      ],
      [
        11.132419186651411,
        -690.3509849710828,
        44.529676746605645,
        89.05935349321129,
        178.11870698642258,
        11.132419186651411,
        11.132418322033057,
        22.264836644066115,
        44.52967328813223,
        89.05934657626446,
        178.11869315252892,
        11.132418322033057
      ],
      [
        22.264838373302823,
        44.529676746605645,
        -1336.1722931955599,
        178.11870698642258,
        356.23741397284516,
        22.264838373302823,
        22.264836644066115,
        44.52967328813223,
        89.05934657626446,
        178.11869315252892,
        356.23738630505784,
        22.264836644066115
      ],
      [
        44.529676746605645,
        89.05935349321129,
        178.11870698642258,
        -2494.2258794046975,
        712.4748279456903,
        44.529676746605645,
        44.52967328813223,
        89.05934657626446,
        178.11869315252892,
        356.23738630505784,
        712.4747726101157,
        44.52967328813223
      ],
      [
        89.05935349321129,
        178.11870698642258,
        356.23741397284516,
        712.4748279456903,
        -4275.976930863704,
        89.05935349321129,
        89.05934657626446,
        178.11869315252892,
        356.23738630505784,
        712.4747726101157,
        1424.9495452202314,
        89.05934657626446
      ],
      [
        5.566209593325706,
        11.132419186651411,
        22.264838373302823,
        44.529676746605645,
        89.05935349321129,
        -350.7417020788671,
        5.566209161016529,
        11.132418322033057,
        22.264836644066115,
        44.52967328813223,
        89.05934657626446,
        5.566209161016529
      ],
      [
        5.566209161016529,
        11.132418322033057,
        22.264836644066115,
        44.52967328813223,
        89.05934657626446,
        5.566209161016529,
        -350.74324586225913,
        11.132422204800761,
        22.264844409601523,
        44.529688819203045,
        89.05937763840609,
        5.566211102400381
      ],
      [
        11.132418322033057,
        22.264836644066115,
        44.52967328813223,
        89.05934657626446,
        178.11869315252892,
        11.132418322033057,
        11.132422204800761,
        -690.3540695197174,
        44.529688819203045,
        89.05937763840609,
        178.11875527681218,
        11.132422204800761
      ],
      [
        22.264836644066115,
        44.52967328813223,
        89.05934657626446,
        178.11869315252892,
        356.23738630505784,
        22.264836644066115,
        22.264844409601523,
        44.529688819203045,
        -1336.178450220232,
        178.11875527681218,
        356.23751055362436,
        22.264844409601523
      ],
      [
        44.52967328813223,
        89.05934657626446,
        178.11869315252892,
        356.23738630505784,
        712.4747726101157,
        44.52967328813223,
        44.529688819203045,
        89.05937763840609,
        178.11875527681218,
        -2494.2381451636516,
        712.4750211072487,
        44.529688819203045
      ],
      [
        89.05934657626446,
        178.11869315252892,
        356.23738630505784,
        712.4747726101157,
        1424.9495452202314,
        89.05934657626446,
        89.05937763840609,
        178.11875527681218,
        356.23751055362436,
        712.4750211072487,
        -4276.001269220054,
        89.05937763840609
      ],
      [
        5.566209161016529,
        11.132418322033057,
        22.264836644066115,
        44.52967328813223,
        89.05934657626446,
        5.566209161016529,
        5.566211102400381,
        11.132422204800761,
        22.264844409601523,
        44.529688819203045,
        89.05937763840609,
        -350.74324586225913
      ]
    ],
    "ansatze": [
      "twolocal",
      "alternating_ry_rz",
      "random_circuit"
    ],
    "histories_energy": [
      [
        [
          -4920.237473602756,
          -4985.947943630137,
          -4524.039898264192,
          -4756.245210591574,
          -5032.387390539719,
          -5057.700274212154,
          -4968.402482282152,
          -4978.639570810991,
          -4536.017103515235,
          -5058.803325496058,
          -5116.942553283011,
          -5099.957552798528,
          -5119.61327683073,
          -5103.279992862565,
          -5128.046533171507,
          -5117.4853912325625,
          -5164.517147635199,
          -5165.0281629398805,
          -5124.509573678289,
          -5160.971722189625,
          -5131.402605781132,
          -5140.749623951548,
          -5174.990296966333,
          -5129.826391231115,
          -5110.427061143696,
          -5159.359366013325,
          -5166.9334585158695,
          -5044.384179649422,
          -5167.420189591078,
          -5167.41476619006,
          -5119.717081520656,
          -5127.859660252259,
          -4817.003472211068,
          -5040.200537827278,
          -5095.593678874614,
          -5116.274490992689,
          -5140.078811957819,
          -5178.60828859887,
          -5146.35622342871,
          -5138.175387362031,
          -5120.578322315051,
          -5108.53175137778,
          -5147.288232210678,
          -5159.494284731865,
          -5167.231023599175,
          -5132.386571033348,
          -5133.086669609985,
          -5100.626878426146,
          -5121.849115019019,
          -5061.351653247029,
          -5126.115805964519,
          -5189.0218017464285,
          -5243.068607766301,
          -5087.722692688627,
          -5218.130972593229,
          -5254.14320230464,
          -5263.229629985331,
          -5219.8718809568645,
          -5238.847558599882,
          -5050.809481928414,
          -5333.828113709508,
          -5265.158444280789,
          -5312.205055449737,
          -5287.355886262034,
          -5315.645625257733,
          -5364.604985958452,
          -5349.062316549236,
          -5352.449445962698,
          -5266.733940285994,
          -5383.213749015603,
          -5376.814304467147,
          -5337.505924658323,
          -5390.718036333549,
          -5284.698920754625,
          -5419.10696746035,
          -5453.702415753052,
          -5463.165607329754,
          -5484.520425467491,
          -5475.7020395957525,
          -5476.958826877162,
          -5486.799600230333,
          -5441.479364463621,
          -5416.9096521579695,
          -5457.997078136852,
          -5493.572098596558,
          -5450.750789364436,
          -5449.7401340599245,
          -5362.452304270943,
          -5488.063172960319,
          -5500.180022984972,
          -5468.694336815155,
          -5471.197925815406,
          -5474.679048164878,
          -5474.689615381002,
          -5484.2872536338955,
          -5480.86518641921,
          -5485.053532531768,
          -5464.421813546053,
          -5491.98432833379,
          -5425.047832843701,
          -5552.135740647223,
          -5375.30351433462,
          -5504.009007886464,
          -5476.021120003762,
          -5560.315382196169,
          -5486.279975791469,
          -5550.61140028946,
          -5370.892549892593,
          -5547.872214775248,
          -5536.886172569355,
          -5538.390670895675,
          -5561.641728872773,
          -5539.377361204088,
          -5534.313580968911,
          -5551.55875171875,
          -5541.808334116528,
          -5563.986192823003,
          -5507.43289051618,
          -5545.474145843865,
          -5458.896881230947
        ]
      ],
      [
        [
          -4576.825592574256,
          -4622.5477616271955,
          -4382.702302324097,
          -4571.600772277498,
          -4619.126362261863,
          -4495.82487674603,
          -4571.064351438433,
          -4562.946599855835,
          -4383.600792659409,
          -4523.206741164881,
          -4566.099477764483,
          -4662.461999903038,
          -4598.087698663978,
          -4665.41087883892,
          -4809.138126923315,
          -4806.078160763523,
          -4691.707768079176,
          -4740.613839159548,
          -4831.677593513276,
          -4802.093647984962,
          -4914.57104929858,
          -4626.095193986832,
          -4820.523194364676,
          -4855.859375430644,
          -4775.522716071411,
          -4816.729513237574,
          -4770.2627367268615,
          -4716.48465452988,
          -4801.041344459788,
          -4829.069217943457,
          -4822.120572269433,
          -4811.112618880618,
          -4779.499696574189,
          -4694.230306391653,
          -4795.152200573331,
          -4758.242818872235,
          -4724.824919801975,
          -4836.652120651709,
          -4737.645963364936,
          -4818.266606162558,
          -4798.004832233805,
          -4870.643732137338,
          -4793.453875736939,
          -4793.042873574287,
          -4883.228007565356,
          -4796.657501702642,
          -4777.163457775069,
          -4809.679367522672,
          -4813.299660073449,
          -4814.935060702183,
          -4890.762799262646,
          -4767.899076250005,
          -4830.973206350123,
          -4812.296357034081,
          -4802.434297379451,
          -4814.46209116056,
          -4777.592181814878,
          -4881.5457117863925,
          -4810.269535692731,
          -4818.53919670096,
          -4832.880589153641,
          -4834.360682236536,
          -4827.808660373747,
          -4783.850806555781,
          -4809.769693865996,
          -4764.355508343415,
          -4838.027320538659,
          -4802.209628418045,
