[
  {
    "vqe2_energy": [
      -27.15785773330329,
      -21.706282919105703,
      -29.008370685911007
    ],
    "vqe2_vector": [
      [
        0,
        1,
        0,
        0,
        0,
        1,
        0,
        0,
        0,
        0,
        0,
        0
      ],
      [
        0,
        0,
        1,
        0,
        0,
        0,
        1,
        0,
        0,
        0,
        0,
        0
      ],
      [
        0,
        1,
        0,
        0,
        0,
        0,
        0,
        0,
        1,
        1,
        0,
        0
      ]
    ],
    "vqe2_min_error": [
      6.37925309859213,
      25.172359348213934,
      1.6323910356774718e-05
    ],
    "vqe2_params": [
      [
        3.663477614731182,
        6.070529680459222,
        2.5991857566967926,
        0.10360230066925655,
        1.8209191892044576,
        6.225469107016759,
        4.866953580427445,
        0.1277096035265734,
        -0.0054187107346096025,
        2.3780166747369256,
        6.450523196669968,
        4.372783048189747,
        2.3755078849540223,
        0.24683233303241167,
        6.076710887063466,
        5.818658581981754,
        3.0742520627743053,
        3.313044164799344,
        1.3762982082532929,
        3.2138360906463337,
        3.4433215247577875,
        6.0495443803717,
        5.854725354509819,
        2.4888169026617692,
        3.963807968347321,
        0.7177165191537642,
        5.104262257903227,
        1.462310378834687,
        1.5331954152161815,
        -0.2086429626114692,
        3.7342897853328942,
        -0.18483363191438956,
        0.2199731074814324,
        4.342926324981818,
        2.8968306588360413,
        3.747105217521707,
        4.823525687992407,
        5.88172642080143,
        0.9267884833916578,
        3.1560036445072073,
        2.016475199171724,
        0.23635059172864872,
        3.0631414770357974,
        3.515529951819161,
        3.4187277114159884,
        5.177546587782168,
        4.498958886978706,
        5.828507652283835
      ],
      [
        5.537014893948065,
        2.7895465644379076,
        4.7499977808682745,
        5.3170298486300585,
        3.5309473717655577,
        4.210415070282832,
        0.9721542555336526,
        2.373489549938778,
        0.2762869234298414,
        0.8632611215337676,
        1.0538092343356922,
        4.83452250431173,
        4.11558164557281,
        2.1654800407896637,
        4.243659830535262,
        4.820908647903157,
        1.8192352831252032,
        1.2782233054700747,
        0.16921858644150908,
        2.20414568562887,
        6.06045646206311,
        4.434670722523244,
        2.1970512394274686,
        4.437363867292264,
        3.8456840049515777,
        0.5345449732157933,
        4.670908471153467,
        3.649964381902182,
        3.9798253024893393,
        2.860139572189709,
        5.454049505153261,
        0.6463570727176225,
        5.5704277101237905,
        5.68401118766346,
        6.168231223492361,
        0.9748018492898041,
        3.389596499043856,
        4.356494166955499,
        1.2143989996838018,
        5.622233118208731,
        4.62909935011618,
        5.758109312416334,
        5.016946455624074,
        1.207380322810913,
        3.1100049988184333,
        0.17173870067361138,
        1.3122529956887843,
        2.4452641710840535,
        5.058774926234598,
        0.15769267706977155,
        2.4562189498909675,
        4.430805764495244,
        3.8193838238847375,
        5.0027770928785715,
        3.949918049902084,
        0.702201772704309,
        6.098145446759282,
        3.5681727758182507,
        2.3809883763008726,
        0.9710338810968004,
        0.34422410853704255,
        4.28306072894511,
        1.6769899378818032,
        0.8145412067806103,
        4.427725754435454,
        6.10449793651065,
        4.915005822652311,
        0.47201976676480967,
        2.602833448499143,
        3.6160747768704855,
        2.1372325690691096,
        3.1578431904180992
      ],
      [
        3.702176182728402,
        3.731020075962742,
        4.467768836285828,
        3.562665530909805,
        4.682307531107418,
        3.363126045718339,
        5.3663162912536295,
        3.8040174996876077,
        3.5774879915353575,
        3.642746833124619,
        1.5347653572198028,
        1.9800814582625466,
        6.183713624229525,
        6.896254034586422,
        5.3470716317942,
        0.7101448019718338,
        0.6926169764154566,
        2.429544382718192,
        4.750379380771654,
        0.14611355557847125,
        3.2751049011668276,
        2.2685860119395667,
        1.52213042651094,
        2.522001470293245,
        2.9061693884160027,
        5.269175802342355,
        3.930544443212253,
        1.1090877726030504,
        4.535832941275967,
        2.8091783436124897,
        5.177861812978439,
        0.9040063036171372,
        2.673073525183718,
        0.4128087159037092,
        3.094343108663134,
        2.872911420498381,
        7.202104196892502,
        0.970178375753342,
        2.925659000910626,
        0.6822641623361383,
        5.186337226694214,
        6.110509176018258,
        5.475601811694146,
        0.8571111847491268,
        5.937955659330277,
        2.183072350044233,
        3.943465639890878,
        4.220866716047562,
        3.8329127665029525,
        5.777566902031681,
        5.5000619995191595,
        2.712530066911675,
        6.110683086657525,
        3.127638136398474,
        2.696257318290302,
        1.977986406757438,
        1.5944753009744674,
        3.972958928540138,
        5.41543866885737,
        5.543142817878959,
        5.228100481529693,
        1.5318805881602438,
        4.268722492632723,
        5.823547932945873,
        5.877379146209371,
        0.36694594067618164,
        3.7485917691610724,
        5.615940954364793,
        3.6889110825103484,
        6.278568350328253,
        0.5840663258955444,
        1.3491405511521048,
        2.0576026071255646,
        5.038409522440369,
        6.011787683969244,
        3.161434032380002,
        3.0539887960043934,
        3.255421953306649,
        4.055209287541438,
        0.6909980130100504,
        5.740708427188579,
        1.1611308924384407,
        2.905739481118062,
        0.8839194090917436,
        0.5304423102053157,
        1.7971108413813695,
        6.068691179191177,
        1.4596221585231384,
        6.222995167676628,
        3.4313016802679996,
        1.2695091474818836,
        2.2280598234292013,
        4.3728777275496755,
        0.5633508283130774,
        1.3852728520949207,
        4.932153578990949,
        2.0920309580781042,
        0.1706440456274343,
        5.011200182349839,
        3.996261548565605,
        2.1388522832336325,
        0.1470171222357547,
        4.339646198925063,
        3.6070641382739863,
        2.9873970907278764,
        2.2260648578145776,
        4.189379379111986,
        2.297924082542857
      ]
    ],
    "vqe2_time": [
      47.23859429359436,
      43.10666227340698,
      88.54733777046204
    ],
    "solution_vector": [
      0,
      0,
      1,
      1,
      0,
      0,
      0,
      1,
      0,
      0,
      0,
      0
    ],
    "solution_min_energy": -29.008375421212207,
    "solution_time": 0.02276015281677246,
    "matrix_size": 12,
    "qubo_matrix": [
      [
        -12.653665323486372,
        3.6010533024738685,
        1.8005266512369342,
        1.8005226823821776,
        3.601045364764355,
        1.8005226823821776,
        1.8005230552159062,
        3.6010461104318123,
        1.8005230552159062,
        1.800523611493093,
        3.601047222986186,
        1.800523611493093
      ],
      [
        3.6010533024738685,
        -21.706277344498876,
        3.6010533024738685,
        3.601045364764355,
        7.20209072952871,
        3.601045364764355,
        3.6010461104318123,
        7.202092220863625,
        3.6010461104318123,
        3.601047222986186,
        7.202094445972372,
        3.601047222986186
      ],
      [
        1.8005266512369342,
        3.6010533024738685,
        -12.653665323486372,
        1.8005226823821776,
        3.601045364764355,
        1.8005226823821776,
        1.8005230552159062,
        3.6010461104318123,
        1.8005230552159062,
        1.800523611493093,
        3.601047222986186,
        1.800523611493093
      ],
      [
        1.8005226823821776,
        3.601045364764355,
        1.8005226823821776,
        -12.653671118333122,
        3.6010726186297015,
        1.8005363093148508,
        1.8005257340146215,
        3.601051468029243,
        1.8005257340146215,
        1.8005237236855636,
        3.601047447371127,
        1.8005237236855636
      ],
      [
        3.601045364764355,
        7.20209072952871,
        3.601045364764355,
        3.6010726186297015,
        -21.706269618036544,
        3.6010726186297015,
        3.601051468029243,
        7.202102936058486,
        3.601051468029243,
        3.601047447371127,
        7.202094894742254,
        3.601047447371127
      ],
      [
        1.8005226823821776,
        3.601045364764355,
        1.8005226823821776,
        1.8005363093148508,
        3.6010726186297015,
        -12.653671118333122,
        1.8005257340146215,
        3.601051468029243,
        1.8005257340146215,
        1.8005237236855636,
        3.601047447371127,
        1.8005237236855636
      ],
      [
        1.8005230552159062,
        3.6010461104318123,
        1.8005230552159062,
        1.8005257340146215,
        3.601051468029243,
        1.8005257340146215,
        -12.653663706051143,
        3.601047911023099,
        1.8005239555115495,
        1.800523614956254,
        3.601047229912508,
        1.800523614956254
      ],
      [
        3.6010461104318123,
        7.202092220863625,
        3.6010461104318123,
        3.601051468029243,
        7.202102936058486,
        3.601051468029243,
        3.601047911023099,
        -21.706279501079187,
        3.601047911023099,
        3.601047229912508,
        7.202094459825016,
        3.601047229912508
      ],
      [
        1.8005230552159062,
        3.6010461104318123,
        1.8005230552159062,
        1.8005257340146215,
        3.601051468029243,
        1.8005257340146215,
        1.8005239555115495,
        3.601047911023099,
        -12.653663706051143,
        1.800523614956254,
        3.601047229912508,
        1.800523614956254
      ],
      [
        1.800523611493093,
        3.601047222986186,
        1.800523611493093,
        1.8005237236855636,
        3.601047447371127,
        1.8005237236855636,
        1.800523614956254,
        3.601047229912508,
        1.800523614956254,
        -12.653663532109498,
        3.601047331217619,
        1.8005236656088095
      ],
      [
        3.601047222986186,
        7.202094445972372,
        3.601047222986186,
        3.601047447371127,
        7.202094894742254,
        3.601047447371127,
        3.601047229912508,
        7.202094459825016,
        3.601047229912508,
        3.601047331217619,
        -21.706279733001377,
        3.601047331217619
      ],
      [
        1.800523611493093,
        3.601047222986186,
        1.800523611493093,
        1.8005237236855636,
        3.601047447371127,
        1.8005237236855636,
        1.800523614956254,
        3.601047229912508,
        1.800523614956254,
        1.8005236656088095,
        3.601047331217619,
        -12.653663532109498
      ]
    ],
    "ansatze": [
      "twolocal",
      "alternating_ry_rz",
      "random_circuit"
    ],
    "histories_energy": [
      [
        [
          -1.1770986727745445,
          -2.7659520319017816,
          -4.505127419747631,
          -3.971579305385186,
          -3.833705926455674,
          -10.51288519651916,
          -15.08461051523189,
          -13.166325540608666,
          -8.14667464794831,
          -10.54616460722082,
          -13.150820190923458,
          -15.822050705193465,
          -14.09648699825366,
          -17.15860684354883,
          -14.098267641961192,
          -18.091826306253274,
          -18.19224365148502,
          -13.241291172195638,
          -18.459877094904193,
          -16.7711601893297,
          -17.84569666029679,
          -18.705782525028305,
          -17.477866661095522,
          -17.888932966272137,
          -17.226518776304708,
          -15.208257388455568,
          -11.952414138076216,
          -16.313525901415957,
          -16.018271349200745,
          -12.886799703373253,
          -15.813379575802323,
          -18.818317248095912,
          -15.033144192919506,
          -15.246820146632302,
          -13.776002564359237,
          -17.561285640024817,
          -20.503758460734133,
          -20.758443027665685,
          -19.783993411557997,
          -19.689574874180323,
          -20.345543195718907,
          -20.292196002771004,
          -20.24579364022315,
          -20.448575449612054,
          -19.97393759527679,
          -20.478028212535502,
          -20.471915590207377,
          -20.516928926546157,
          -19.226382749895265,
          -23.860977871578676,
          -21.898165207936398,
          -22.589935567978245,
          -23.737211179184573,
          -24.35645564925058,
          -19.605726706005814,
          -24.511389581582304,
          -23.427625665558367,
          -24.69572002926761,
          -24.343007680785412,
          -24.47565546587845,
          -23.913040741244696,
          -25.06932590767142,
          -23.363605282312818,
          -24.502938436772602,
          -23.927102614352627,
          -25.011477116894042,
          -23.711594120140486,
          -25.132401958389533,
          -24.663600723571946,
          -24.97668846235486,
          -23.209555159371163,
          -25.03715194262371,
          -24.59574378661232,
          -24.61830839991218,
          -24.53311084306465,
          -24.694713301165038,
          -24.91044413617981,
          -24.873381684625176,
          -25.1221211681816,
          -24.648372222541713,
          -25.488064346581552,
          -25.38948215731092,
          -24.371287398441105,
          -25.194810626004184,
          -24.771862393006185,
          -25.07994201681533,
          -25.28100049093532,
          -24.752793661456575,
          -25.65622494426346,
          -25.717130674982222,
          -25.636330684935828,
          -25.336909828286768,
          -25.602098979672473,
          -25.444108246752496,
          -25.23421354276146,
          -25.22910011385091,
          -25.210984173424336,
          -25.391148756823277,
          -21.589299736286247,
          -25.47811824507752,
          -23.21278510110822,
          -25.919305273260175,
          -24.93373794322201,
          -25.347524461152297,
          -24.766965352143718,
          -25.41593197724616,
          -25.63521944881965,
          -25.514740695637343,
          -25.859176849235425,
          -25.860342737628038,
          -25.578094346086612,
          -26.040063223832117,
          -26.32925893801948,
          -26.371771192103733,
          -26.07990622726174,
          -25.092562483601167,
          -26.151372623910795,
          -26.322369805621655,
          -26.312643245583818,
          -26.247626962071074
        ]
      ],
      [
        [
          -11.224199005636827,
          -14.139994806310602,
          -14.32393614147569,
          -14.658368732222966,
          -14.955012410871447,
          -17.747163261666813,
          -16.101181085564342,
          -16.59382495442525,
          -17.300257156374656,
          -15.905957177750794,
          -15.327065517056802,
          -14.82830542580084,
          -17.78156444039054,
          -18.049589550377927,
          -17.88070487988984,
          -19.135521043352625,
          -18.405025277902894,
          -16.8842373879267,
          -19.323293012949595,
          -18.705333294809712,
          -22.23055360476998,
          -22.116409618739866,
          -22.107017034060558,
          -21.13967001195024,
          -21.967695153069915,
          -22.023825396559793,
          -19.81961927059237,
          -21.67366858691344,
          -21.088937136600542,
          -21.56580321404076,
          -22.579381356595036,
          -22.529814422027343,
          -22.452851668361536,
          -22.06451112151615,
          -23.195611795521923,
          -21.397083228748503,
          -21.512673488617136,
          -22.319968776212953,
          -21.973312944194124,
          -22.34197553042712,
          -21.635658782458492,
          -22.229719121194766,
          -22.39982457604828,
          -22.1490314930775,
          -22.105793805360925,
          -21.880286994171836,
          -22.347477213200424,
          -22.424221488960853,
          -21.678558069974475,
          -22.650231208116786,
          -21.975812085567913,
          -21.74513394472937,
          -22.173315652470365,
          -22.128023830796753,
          -21.392029572511646,
          -21.97903556208107,
          -22.647231963942797,
          -22.49046468552182,
          -21.97070004759616,
          -22.47795764315353,
          -22.40682695779432,
          -22.407886246538965,
          -22.14641827453354,
          -22.024439326273814,
          -22.721752602828573,
          -21.740520579876385,
          -22.775323508463604,
          -22.558872036577128,
          -22.281901589971458,
          -22.40299106182152,
          -21.991095287414904,
          -22.319744587653073,
          -21.9516385019858,
          -21.786423702038622,
          -20.890214148719856,
          -22.242611562843976,
          -21.738631314794375,
          -21.851272670905615,
          -22.30424108438508,
          -21.36346622668328,
          -20.598455432363753,
          -23.400901058577965,
          -22.800780660132293,
          -23.515210856284696,
          -23.12381998828543,
          -23.29364678916717,
          -22.966492944667145,
          -23.000663838402332,
          -21.855220593206354,
          -23.344935924868302,
          -23.201953023000378,
          -22.78833153260911,
          -23.328436071115,
          -20.34454383479746,
          -23.56211167951497,
          -22.101739514290223,
          -22.8113885569852,
          -24.04909566504393,
          -23.80730305506794,
          -23.09920007578923,
          -23.46453254889192,
          -23.076203411701997,
          -23.630528489716358,
          -23.507324596738773,
          -23.120928645007115,
          -23.878484147431685,
          -23.383119928805563,
          -23.462980134053552,
          -23.828978812056285,
          -23.48720189704062,
          -23.359893857155836,
          -23.41879882949854,
          -23.259196083732864,
          -23.374729723847423,
          -23.706384758375645,
          -22.58199155024923,
          -23.885768949139635,
          -23.815307655651846,
          -23.60941011339506,
          -23.76517871627694
        ]
      ],
      [
        [
          4.562537748358218,
          11.986596614469601,
          8.065621205670476,
          7.2799456342901765,
          5.954279804881114,
          10.495382451451274,
          3.3204539489494347,
          0.8653436048483334,
          6.881447463783868,
          -2.2884715866243948,
          1.3213116760276518,
          -3.6814887696064416,
          -2.7414355711375133,
          0.1810284841192411,
          -7.90150251914267,
          -6.1581027962759105,
          -7.500884292169965,
          -7.026078982200855,
          -10.747613099016606,
          -12.154699954802483,
          -8.579185879965745,
          -13.480757211737473,
          -16.372159491217666,
          -14.822152114000259,
          -16.964392728391058,
          -12.71497878468729,
          -15.720859589759499,
          -15.8272212865431,
          -15.549694338219378,
          -15.418823106150816,
          -15.390648208933229,
          -16.369883828047417,
          -16.20550391525761,
          -14.976196529433333,
          -15.003037968011974,
          -14.713839437716763,
          -14.354345158826954,
          -17.227688466068923,
          -14.26659901219985,
          -15.780710732217626,
          -14.453319867286412,
          -15.306514532696024,
          -14.841599815345615,
          -14.709062251255574,
          -15.437609164330466,
          -15.963151345794625,
          -16.465801015113936,
          -16.650908624797758,
          -13.852033176475272,
          -15.1265739242593,
          -16.349044226156266,
          -16.515925635724823,
          -14.959302769699345,
          -15.371367950350056,
          -15.3099614049626,
          -15.25427750537691,
          -15.295623426957421,
          -16.12108952494611,
          -16.46263181719595,
          -16.59228172633726,
          -15.731416781936515,
          -15.42755112791826,
          -14.916288593079317,
          -15.123852321461543,
          -15.217712916955332,
          -15.982934940595733,
          -15.968709082720894,
          -15.314407591119178,
          -16.349876223341596,
          -15.594543499472229,
          -16.052509435050172,
          -15.763927597044505,
          -15.257054978586785,
          -15.947482358069687,
          -16.398223501150742,
          -15.46328532892023,
          -15.108849640886111,
          -15.210654876987192,
          -15.986436676254161,
          -15.746587858650575,
          -15.601880614112828,
          -16.428288598318296,
          -15.96509734486719,
          -15.38364795454381,
          -15.171254354129015,
          -15.024875918583092,
          -15.47384352880046,
          -15.11145770190072,
          -16.143426632581242,
          -15.857064575152231,
          -15.059945121018536,
          -15.61816323448185,
          -15.565702519202311,
          -16.151317774264918,
          -16.270577591075988,
          -15.65811924098413,
          -15.236438855008053,
          -16.223173976686386,
          -15.695629897888491,
          -16.26379530041543,
          -16.283802505523308,
          -14.830319893448376,
          -16.255796109239988,
          -15.812216203764521,
          -15.60626986411839,
          -16.013501725608037,
          -15.621330016225498,
          -15.742199464654277,
          -16.15304003187263,
          -16.271802017145298,
          -14.36440835647342,
          -13.80046252410568,
          -18.659610165637652,
          -12.664854699583334,
          -16.739376167989995,
          -17.64419985180732,
          -15.919302587645102,
          -12.488657966638732,
          -19.25017706900277,
          -18.627996097887383
        ]
      ]
    ]
  },
  {
    "vqe2_energy": [
      -29.185451222196118,
      -27.32241318649553,
      -27.324425277824442
    ],
    "vqe2_vector": [
      [
        0,
        0,
        0,
        0,
        0,
        1,
        0,
        0,
        0,
        1,
        1,
        0
      ],
      [
        0,
        0,
        1,
        0,
        0,
        0,
        0,
        0,
        0,
        0,
        1,
        0
      ],
      [
        0,
        0,
        1,
        1,
        0,
        0,
        0,
        0,
        0,
        0,
        0,
        1
      ]
    ],
    "vqe2_min_error": [
      0.01006131141568778,
      6.392866824545074,
      6.385973359472974
    ],
    "vqe2_params": [
      [
        4.323090363585085,
        1.6753862139039277,
        0.7662719588390607,
        3.8825725708069703,
        3.463616189288246,
        2.4883305586711897,
        3.8951321048550245,
        2.0972247813174922,
        6.17524108049474,
        4.661547214024467,
        6.5146231084628745,
        1.511441877172625,
        0.8041233138851722,
        5.549556517120318,
        1.160891547114844,
        3.5782358242897208,
        0.3190268877432933,
        4.464114314839753,
        1.2751228781205588,
        3.8403373675142594,
        3.3993888740715144,
        5.955657036615262,
        6.123336159729396,
        2.1402138265167463,
        5.295510401707425,
        1.2281502755718443,
        1.7341863145411704,
        3.337721463514239,
        3.0418809310065633,
        1.6999522127725957,
        4.804784259364233,
        4.37409493053255,
        0.8828133112573173,
        2.1830186394871647,
        6.304148756627802,
        7.261310725026137,
        1.2358999585476063,
        4.590725184258705,
        6.0201371937630705,
        4.796126541536932,
        4.217123834983947,
        1.9561881886563346,
        6.145039764713146,
        5.11647211367353,
        5.736146963330158,
        2.2708387895816697,
        2.7748368320824186,
        5.175702549448679
      ],
      [
        1.150269915405432,
        7.326421539063366,
        2.91584294528632,
        0.7269148156231781,
        5.820237796520224,
        0.44787350358628625,
        0.020319069111033573,
        2.3909725953244996,
        4.737773381488204,
        5.402829618872555,
        4.221005005937033,
        0.40467608382023207,
        1.492930220411251,
        5.674269653581537,
        3.0168626477516525,
        2.395672449193681,
        0.8091340090527976,
        1.8278612955158444,
        5.780753163007431,
        7.22675743132722,
        5.727371287879591,
        5.949373600212275,
        0.3661402988671746,
        3.715925879952252,
        5.072093438498887,
        3.61632377852782,
        6.804289911743857,
        2.042060190440044,
        -0.2696174366283614,
        1.9908381415189182,
        6.382658587387385,
        3.6971277032025984,
        3.149713282786404,
        2.195605788903559,
        3.9928742118225435,
        2.5259418244479117,
        4.826080027748569,
        0.627519261148461,
        2.26585723752588,
        3.9563731841423526,
        5.351461655748173,
        1.9052060842591914,
        3.763901415820335,
        3.8093520140882524,
        1.3681871526932707,
        3.394012958085759,
        0.6549243468914014,
        5.9777625624600255,
        2.230034342288803,
        5.420260768631467,
        1.063135836082169,
        5.354708056098134,
        1.474930444777304,
        3.737580688781113,
        2.277569514515169,
        2.598747061772989,
        3.9699538630572615,
        5.206512431627757,
        0.5477300228856616,
        3.8737976333972672,
        4.823292224958064,
        1.157548036408666,
        0.5042566029274802,
        3.525987375662756,
        4.874840469322602,
        5.078247895276694,
        3.797567494784676,
        3.4395402911775923,
        6.151562430236884,
        3.2999802789814163,
        1.614373538705224,
        0.17623945068194416
      ],
      [
        1.1291854494749112,
        2.7930233389230272,
        2.969635567983915,
        3.234765419341825,
        3.3890903098811695,
        3.0196057144146935,
        5.321090068781984,
        3.498231086680791,
        7.024535681332935,
        4.300021805669963,
        3.556447336545687,
        3.764982053175323,
        5.625555975112999,
        2.3124336775906693,
        3.4046741301316046,
        0.02592298803680626,
        6.3375155598185495,
        3.5454268759670864,
        2.8457672446950832,
        2.8875966946369793,
        3.3838797236836973,
        0.38388635055334985,
        3.0096563432111014,
        3.2550757274860205,
        1.0864108225776963,
        3.3880303324738454,
        6.265771614018903,
        6.057878307460458,
        2.988255978052274,
        5.455162590586337,
        4.82324108371525,
        2.6527889617407943,
        2.3480255368811065,
        6.719210969848577,
        2.093165628439334,
        1.523307930104705,
        2.0636006416800696,
        5.00057991903582,
        3.918081346442273,
        1.1526833374949113,
        4.782927074290186,
        0.31686956604053007,
        6.137274327664404,
        2.1644776493277695,
        4.584275125118155,
        5.295402549591872,
        4.998200494849909,
        3.9905786646646306,
        1.3201691628926118,
        4.01700124440448,
        5.905179560597047,
        1.3325398808681228,
        0.9202195177380383,
        2.7008251305500903,
        2.567988006606853,
        3.653002479790013,
        1.9773320023742826,
        5.144291010044234,
        3.386303452243465,
        4.551532223717539,
        2.0694482204995746,
        6.028818295516826,
        0.782796910123047,
        0.6287341709456391,
        4.249517504578053,
        5.800604620043066,
        0.9482180195804005,
        5.4528272123314006,
        3.691019437813744,
        0.2580160617231651,
        2.1510380041806068,
        5.740274592047554,
        5.785747156843337,
        2.042103799339138,
        4.851385868872903,
        4.451325198600655,
        3.7202378688596793,
        6.156205179039204,
        4.736857910757818,
        5.303390761242089,
        5.265448886896545,
        2.4072051497523694,
        5.31433735256386,
        0.9278780881372569,
        2.6411070707431867,
        3.2822621189816688,
        0.011443239981979424,
        3.8808798916725147,
        0.5170672809931849,
        5.634514416995573,
        5.153367376993491,
        6.229475079589102,
        5.269169090409238,
        0.6171909821914227,
        2.1621687887546943,
        3.9504984006757025,
        5.638773954348831,
        2.3211872582906454,
        3.150383702204272,
        6.214429005640352,
        5.0869720498223145,
        5.958778886675042,
        4.6171788191394745,
        1.1563982304441973,
        3.2418115837851693,
        0.9490731839890356,
        0.6483856592960968,
        1.9536735748387986
      ]
    ],
    "vqe2_time": [
      78.96854948997498,
      53.125972509384155,
      59.31977677345276
    ],
    "solution_vector": [
      1,
      0,
      1,
      1,
      0,
      1,
      0,
      0,
      0,
      0,
      0,
      0
    ],
    "solution_min_energy": -29.18838795680567,
    "solution_time": 0.022160053253173828,
    "matrix_size": 12,
    "qubo_matrix": [
      [
        -12.73069235933464,
        3.6229108639987637,
        1.8114554319993819,
        1.8114514631446252,
        3.6229029262892505,
        1.8114514631446252,
        1.8114518359783538,
        3.6229036719567076,
        1.8114518359783538,
        1.8114523922555406,
        3.622904784511081,
        1.8114523922555406
      ],
      [
        3.6229108639987637,
        -21.838473854670518,
        3.6229108639987637,
        3.6229029262892505,
        7.245805852578501,
        3.6229029262892505,
        3.6229036719567076,
        7.245807343913415,
        3.6229036719567076,
        3.622904784511081,
        7.245809569022162,
        3.622904784511081
      ],
      [
        1.8114554319993819,
        3.6229108639987637,
        -12.73069235933464,
        1.8114514631446252,
        3.6229029262892505,
        1.8114514631446252,
        1.8114518359783538,
        3.6229036719567076,
        1.8114518359783538,
        1.8114523922555406,
        3.622904784511081,
        1.8114523922555406
      ],
      [
        1.8114514631446252,
        3.6229029262892505,
        1.8114514631446252,
        -12.732227993723374,
        3.622930180154597,
        1.8114650900772984,
        1.8114545147770689,
        3.6229090295541377,
        1.8114545147770689,
        1.8114525044480114,
        3.622905008896023,
        1.8114525044480114
      ],
      [
        3.6229029262892505,
        7.245805852578501,
        3.6229029262892505,
        3.622930180154597,
        -21.84152580729215,
        3.622930180154597,
        3.6229090295541377,
        7.2458180591082755,
        3.6229090295541377,
        3.622905008896023,
        7.245810017792046,
        3.622905008896023
      ],
      [
        1.8114514631446252,
        3.6229029262892505,
        1.8114514631446252,
        1.8114650900772984,
        3.622930180154597,
        -12.732227993723374,
        1.8114545147770689,
        3.6229090295541377,
        1.8114545147770689,
        1.8114525044480114,
        3.622905008896023,
        1.8114525044480114
      ],
      [
        1.8114518359783538,
        3.6229036719567076,
        1.8114518359783538,
        1.8114545147770689,
        3.6229090295541377,
        1.8114545147770689,
        -12.730263738998481,
        3.6229054725479943,
        1.8114527362739972,
        1.8114523957187019,
        3.6229047914374037,
        1.8114523957187019
      ],
      [
        3.6229036719567076,
        7.245807343913415,
        3.6229036719567076,
        3.6229090295541377,
        7.2458180591082755,
        3.6229090295541377,
        3.6229054725479943,
        -21.837622005448967,
        3.6229054725479943,
        3.6229047914374037,
        7.2458095828748075,
        3.6229047914374037
      ],
      [
        1.8114518359783538,
        3.6229036719567076,
        1.8114518359783538,
        1.8114545147770689,
        3.6229090295541377,
        1.8114545147770689,
        1.8114527362739972,
        3.6229054725479943,
        -12.730263738998481,
        1.8114523957187019,
        3.6229047914374037,
        1.8114523957187019
      ],
      [
        1.8114523922555406,
        3.622904784511081,
        1.8114523922555406,
        1.8114525044480114,
        3.622905008896023,
        1.8114525044480114,
        1.8114523957187019,
        3.6229047914374037,
        1.8114523957187019,
        -12.730217644462785,
        3.622904892742514,
        1.811452446371257
      ],
      [
        3.622904784511081,
        7.245809569022162,
        3.622904784511081,
        3.622905008896023,
        7.245810017792046,
        3.622905008896023,
        3.6229047914374037,
        7.2458095828748075,
        3.6229047914374037,
        3.622904892742514,
        -21.837530396183055,
        3.622904892742514
      ],
      [
        1.8114523922555406,
        3.622904784511081,
        1.8114523922555406,
        1.8114525044480114,
        3.622905008896023,
        1.8114525044480114,
        1.8114523957187019,
        3.6229047914374037,
        1.8114523957187019,
        1.811452446371257,
        3.622904892742514,
        -12.730217644462785
      ]
    ],
    "ansatze": [
      "twolocal",
      "alternating_ry_rz",
      "random_circuit"
    ],
    "histories_energy": [
      [
        [
          -15.845165392190811,
          -16.02041013402477,
          -13.031709432241822,
          -14.895104396366786,
          -11.324350783111502,
          -8.763853232525621,
          -13.274595974353254,
          -11.014160063415222,
          -12.649187508342806,
          -12.975740774125233,
          -18.109232768874083,
          -19.89630259232956,
          -17.497594640046653,
          -19.586254125711363,
          -19.70086797964725,
          -19.978527377840145,
          -19.65787744049286,
          -19.85504075692301,
          -20.44809595892255,
          -19.197027579389896,
          -14.050494718694399,
          -19.27169679308687,
          -20.737531080666642,
          -19.39935335964416,
          -20.730815956139693,
          -19.77281854021485,
          -17.904624872654743,
          -18.64906075939534,
          -18.54414408523922,
          -16.02389400471304,
          -21.574150487280107,
          -19.579401764168047,
          -19.332409288456454,
          -18.70733042101888,
          -21.955109857370545,
          -24.264414151784813,
          -24.732252326527913,
          -24.290157877894178,
          -24.437944841538446,
          -24.920226521262023,
          -24.467613742142788,
          -24.853853918744544,
          -24.9493379176946,
          -25.217619488958768,
          -24.957600948882508,
          -25.152322288128353,
          -24.64692031825281,
          -24.754286664757934,
          -24.836894149718823,
          -24.619965240460488,
          -24.157902382137234,
          -24.262756724995,
          -25.079590080758184,
          -24.47721473038781,
          -24.600358069557746,
          -24.582683678838883,
          -24.642557165613745,
          -24.564861679050743,
          -23.79806112956739,
          -24.030163821598375,
          -24.92646238294516,
          -23.599851622451418,
          -24.63748582373971,
          -24.715201413362223,
          -24.749019816749502,
          -23.424926670489057,
          -24.448061113259055,
          -23.92286826991498,
          -24.78939500615433,
          -24.919107246694804,
          -24.880397084765576,
          -24.618420376720834,
          -24.364465546026953,
          -25.399373215123195,
          -25.41110531061304,
          -23.61884570225532,
          -24.597804171172548,
          -25.2763935667603,
          -25.145502297161705,
          -24.859335986170784,
          -24.690535490306413,
          -24.06887325370105,
          -24.984080971467485,
          -24.807024664611745,
          -25.082419003887345,
          -23.849450057280272,
          -25.29555562258343,
          -24.71205658368688,
          -24.432077089729844,
          -24.93902330447745,
          -24.76830456863073,
          -25.01358491884481,
          -24.472568226287784,
          -25.15600185633754,
          -24.67022303951751,
          -25.442169653386486,
          -25.090598043997044,
          -25.05853936428207,
          -25.03593799159112,
          -24.83285248602754,
          -25.480355459876108,
          -25.073330682432335,
          -24.422170882840284,
          -25.431324736504813,
          -25.046644850519606,
          -25.07104723539762,
          -24.929861860046064,
          -25.0016533829489,
          -25.46307560545725,
          -25.035439134668636,
          -25.166430897428956,
          -25.120133257366632,
          -24.47051335847972,
          -25.094859125838596,
          -25.253435086296935,
          -25.08601186172824,
          -24.579772887332737,
          -25.275961697352642,
          -24.794785888568292,
          -25.264073764157843
        ]
      ],
      [
        [
          3.4588108255310743,
          -0.29413845057843907,
          8.783039442937225,
          -2.341411724637835,
          2.0390965946920163,
          1.4405461353777458,
          -5.67779780819473,
          -4.692845235203074,
          -13.153956780437985,
          -9.099377836142079,
          -9.366858922427053,
          -3.7027759531326545,
          -13.014279261935965,
          -12.082746814706857,
          -6.791413959642478,
          -9.950504820862253,
          -11.314662426702958,
          -4.314547422876193,
          -9.494947266766207,
          -13.265600460472712,
          -20.21238973976835,
          -18.001470881320362,
          -17.886386567826488,
          -18.868986515048842,
          -18.103737586511667,
          -17.65314818659856,
          -19.673252889662535,
          -18.416263374637634,
          -19.226821720872053,
          -16.09703520826245,
          -20.771481182218295,
          -21.482018317844716,
          -18.594872562171023,
          -21.965166404558204,
          -20.48852952553719,
          -21.096842072381023,
          -22.143714117980462,
          -21.696045342298326,
          -21.919170839204703,
          -22.435851286785535,
          -21.995349880416146,
          -22.5666055823702,
          -22.21362275123289,
          -22.39843874963141,
          -21.880085895211508,
          -21.761640115301248,
          -22.21677164753203,
          -21.831179988116237,
          -22.132223587520215,
          -21.880903748356108,
          -22.61375604155454,
          -21.823648781927446,
          -22.141180681539474,
          -22.25381331150007,
          -22.045942051178578,
          -21.952944119188366,
