[
  {
    "vqe2_energy": [
      -25.24610457247937,
      -25.245997447163845,
      -25.24606620145699
    ],
    "vqe2_vector": [
      [
        1,
        0,
        1,
        0,
        1,
        0
      ],
      [
        0,
        0,
        0,
        1,
        1,
        1
      ],
      [
        1,
        0,
        0,
        1,
        1,
        0
      ]
    ],
    "vqe2_min_error": [
      3.163953102847117e-05,
      0.00045596353445143123,
      0.00018362737583821342
    ],
    "vqe2_params": [
      [
        4.763225902607314,
        5.908805552421937,
        3.3656948935721056,
        0.3760456166164325,
        3.210244415700447,
        3.015774072311373,
        5.593796287988291,
        6.242278330017268,
        6.248019582003631,
        3.231155947102966,
        3.3444929414610383,
        4.210550112820761,
        2.1241192144124907,
        3.1169176945885058,
        3.821197042430251,
        3.9341856175399545,
        2.9984693107717333,
        5.887269365524542,
        4.859613746659236,
        5.597960448898106,
        4.771941700579243,
        2.229685690638154,
        2.897603204537092,
        3.2529741664422605
      ],
      [
        0.38295338312604454,
        5.07197772303938,
        5.112620224129007,
        4.179774578041233,
        5.972076749402471,
        2.562231445886265,
        1.7341999431136264,
        1.1118347011031429,
        1.4436605305362717,
        5.043575012752075,
        2.5392244798954327,
        2.5457560449847745,
        3.3302445177569613,
        4.465186140730043,
        0.9094244061249965,
        2.7400034524579677,
        2.9240856322304274,
        6.684457637567,
        1.902419732219022,
        4.988163497008544,
        4.839467449588647,
        5.975687303606436,
        1.8942979036566037,
        2.2687107060793443,
        3.003859965363422,
        0.7512098373439573,
        3.7955702868827155,
        -0.056118083259461,
        4.068442671130573,
        4.545554702749777,
        4.3037304554401015,
        2.542406632848372,
        4.022665434856842,
        3.5230753526648466,
        4.788243507710604,
        5.732489663591007
      ],
      [
        5.866616898160681,
        1.087370117942498,
        0.5263624014109074,
        3.651233643786394,
        2.013608014286934,
        1.3490007849495815,
        3.358744289231776,
        2.299332065389841,
        1.698352572089585,
        4.541259758749955,
        4.773550147191653,
        4.250252525281633,
        1.102874103169318,
        4.8021300206868895,
        4.58512403514722,
        4.366135376640692,
        5.2494593018788605,
        2.0313526556204775,
        1.520820057073041,
        4.301080329418315,
        1.6772535955735834,
        1.6084310537277364,
        2.8667991484773796,
        0.4441015813200708,
        4.861325085283267,
        6.138678816317322,
        1.060212440894396,
        2.2836417590589653,
        1.630744156896459,
        1.6950003556040973,
        5.7686570970504905,
        2.3888981433340715,
        1.5543114078331077,
        0.24670661496423554,
        5.302465909101249,
        2.048667819118946,
        4.093890433489206,
        0.8668460717021781,
        1.4647504403800093,
        5.822863912236106,
        3.25935749834366,
        4.963290807268409,
        5.842164202041389,
        2.438904241269099,
        0.4970422396592796,
        4.0960716498506775,
        2.0865636170198005,
        5.511063164610483,
        5.879170049556561,
        5.845970115539067,
        1.995934998768695,
        4.914773981106662,
        1.7864831105286842,
        5.5647638856875705
      ]
    ],
    "vqe2_time": [
      0.6466693878173828,
      0.5702700614929199,
      0.9934935569763184
    ],
    "solution_vector": [
      0,
      1,
      1,
      0,
      0,
      1
    ],
    "solution_min_energy": -25.246112560230987,
    "solution_time": 0.021117210388183594,
    "matrix_size": 6,
    "qubo_matrix": [
      [
        -10.992680373440555,
        3.1207718881750637,
        1.5603859440875318,
        1.5603831773087988,
        3.1207663546175977,
        1.5603831773087988
      ],
      [
        3.1207718881750637,
        -18.864588858706046,
        3.1207718881750637,
        3.1207663546175977,
        6.241532709235195,
        3.1207663546175977
      ],
      [
        1.5603859440875318,
        3.1207718881750637,
        -10.992680373440555,
        1.5603831773087988,
        3.1207663546175977,
        1.5603831773087988
      ],
      [
        1.5603831773087988,
        3.1207663546175977,
        1.5603831773087988,
        -10.992686168287307,
        3.1207912043308967,
        1.5603956021654484
      ],
      [
        3.1207663546175977,
        6.241532709235195,
        3.1207663546175977,
        3.1207912043308967,
        -18.864581132243714,
        3.1207912043308967
      ],
      [
        1.5603831773087988,
        3.1207663546175977,
        1.5603831773087988,
        1.5603956021654484,
        3.1207912043308967,
        -10.992686168287307
      ]
    ],
    "ansatze": [
      "twolocal",
      "alternating_ry_rz",
      "random_circuit"
    ]
  },
  {
    "vqe2_energy": [
      -23.75204098233276,
      -25.24216911611645,
      -23.612032353405237
    ],
    "vqe2_vector": [
      [
        1,
        0,
        1,
        0,
        1,
        1
      ],
      [
        1,
        0,
        0,
        0,
        1,
        1
      ],
      [
        0,
        0,
        0,
        1,
        1,
        0
      ]
    ],
    "vqe2_min_error": [
      5.903354596809585,
      2.785894072099282e-05,
      6.458016081242823
    ],
    "vqe2_params": [
      [
        6.363800889981749,
        1.9616316820409485,
        4.061199061760285,
        5.989491548433916,
        3.5687305863572396,
        -0.16154952076158197,
        2.2094302686110736,
        0.4523072424408222,
        1.5416838349610849,
        6.4411827904567955,
        2.875812422233875,
        3.246384873750578,
        3.940362161552296,
        4.981544411917959,
        3.6086466657319365,
        2.8373795947990774,
        3.6427017938527015,
        1.8040156112994208,
        3.268221101354568,
        2.519198310793244,
        2.0918887518536193,
        1.4849983212352185,
        0.371777909597689,
        3.397103341638919
      ],
      [
        5.090793162150441,
        2.1509844747392113,
        5.425585066365288,
        2.607119637362808,
        4.130250108926531,
        2.262693227939501,
        1.094619013248684,
        2.6889302039695493,
        3.771488004042868,
        1.9742494741287318,
        4.3518075918679,
        3.722788544682975,
        1.4614247111668546,
        3.495897868626869,
        7.165527959953278,
        1.408011250938007,
        5.769893568051625,
        6.6097086007107615,
        1.6073291077347107,
        6.210245238821816,
        6.0267664605210785,
        1.427515610769204,
        1.9702243490817666,
        1.2649803869845586,
        5.001409115440524,
        4.701680559574376,
        3.0402212239976762,
        3.6189572846241784,
        1.5395597977312931,
        0.9916450264409098,
        1.4970161867315115,
        1.7534410296589338,
        0.9334097425832439,
        5.825034141390339,
        1.5530459474941707,
        0.7771347962559069
      ],
      [
        2.143988124294709,
        3.609201214410044,
        5.5639613003402815,
        0.33445028401820076,
        5.550831443751246,
        6.821705150787387,
        3.170004712055824,
        3.6938078899544915,
        4.807717134084179,
        4.553453352338869,
        1.2535021125613686,
        6.334122915536604,
        3.8137552019091023,
        4.693271660415971,
        4.311533258728311,
        2.0688003556482584,
        3.0671808161903673,
        4.134930563737352,
        4.948232308071259,
        6.701869472609683,
        3.8532811853941706,
        5.529083544801263,
        2.4636406362243437,
        3.618097732253548,
        3.886928118429582,
        1.7732510371813228,
        4.773152768079338,
        0.9741921834282578,
        4.017560602377664,
        1.3970830559752232,
        2.964951828402316,
        2.124659738950075,
        6.12964547694817,
        5.198034973294222,
        3.0842636741163414,
        5.675481248662519,
        0.6091359220303493,
        2.2387734717600427,
        3.573593650625864,
        5.680873001200488,
        0.17238954555382124,
        4.133423562115144,
        2.0515742532658803,
        3.940038430344794,
        2.3441303773666022,
        4.47629763970565,
        3.129351565359087,
        4.688709153140788,
        0.8140832835950613,
        2.1440681628482476,
        3.186767943314877,
        3.312711482633273,
        5.930006782948981,
        5.160530635413616
      ]
    ],
    "vqe2_time": [
      0.6460607051849365,
      0.7347376346588135,
      0.9322655200958252
    ],
    "solution_vector": [
      0,
      0,
      0,
      1,
      1,
      1
    ],
    "solution_min_energy": -25.24217614831934,
    "solution_time": 0.021352052688598633,
    "matrix_size": 6,
    "qubo_matrix": [
      [
        -10.990929792128693,
        3.1202648964949065,
        1.5601324482474532,
        1.5601321715695797,
        3.1202643431391595,
        1.5601321715695797
      ],
      [
        3.1202648964949065,
        -18.861594687762476,
        3.1202648964949065,
        3.1202643431391595,
        6.240528686278319,
        3.1202643431391595
      ],
      [
        1.5601324482474532,
        3.1202648964949065,
        -10.990929792128693,
        1.5601321715695797,
        3.1202643431391595,
        1.5601321715695797
      ],
      [
        1.5601321715695797,
        3.1202643431391595,
        1.5601321715695797,
        -10.990944279245568,
        3.1202668281104895,
        1.5601334140552447
      ],
      [
        3.1202643431391595,
        6.240528686278319,
        3.1202643431391595,
        3.1202668281104895,
        -18.861621730380648,
        3.1202668281104895
      ],
      [
        1.5601321715695797,
        3.1202643431391595,
        1.5601321715695797,
        1.5601334140552447,
        3.1202668281104895,
        -10.990944279245568
      ]
    ],
    "ansatze": [
      "twolocal",
      "alternating_ry_rz",
      "random_circuit"
    ]
  },
  {
    "vqe2_energy": [
      -19.963912613094436,
      -18.69366992966127,
      -19.96390115404558
    ],
    "vqe2_vector": [
      [
        0,
        1,
        0,
        1,
        0,
        1
      ],
      [
        1,
        0,
        0,
        0,
        1,
        0
      ],
      [
        1,
        0,
        0,
        1,
        1,
        0
      ]
    ],
    "vqe2_min_error": [
      0.0,
      6.36269406729425,
      5.739881293598259e-05
    ],
    "vqe2_params": [
      [
        4.567163308549222,
        5.492161189578145,
        4.083370687219286,
        2.7326892903060176,
        6.437874711131812,
        2.685108578491372,
        3.166432170590943,
        4.695725665712688,
        0.7551419327137817,
        4.500307662686301,
        0.7397235381706708,
        5.835935119424995,
        1.7849225084558762,
        -0.15690818577181959,
        0.8560014284316289,
        3.8433679770755713,
        2.8330840801066657,
        3.7315325353191455,
        6.672714814360689,
        5.552906007632422,
        1.9050232929865776,
        6.688664262351325,
        -0.005978816325376283,
        3.1304987449483175
      ],
      [
        4.104431830698344,
        6.458762204665563,
        1.2703455281461082,
        4.024450509939444,
        7.7999968788455165,
        5.9450344050422315,
        4.7481733293657555,
        -0.05082529917933206,
        6.072412949746592,
        4.4633944074456915,
        1.6818325784214212,
        6.574722552404815,
        2.24238657152867,
        3.26872123009133,
        6.619176516826946,
        7.152450751402713,
        4.576623237097041,
        2.718564505073164,
        6.104131725649683,
        5.533140416129562,
        4.974992381088675,
        3.779927231071617,
        1.0343978553337068,
        4.338838081848697,
        3.874929439694401,
        5.400521740579366,
        1.9969747005020382,
        5.416616362335202,
        4.974662132285951,
        4.790833754607798,
        3.652948296779153,
        5.9265689015264025,
        3.581268088795873,
        0.09838142200009835,
        3.7907029231171125,
        5.975764837749723
      ],
      [
        4.0175933975118365,
        4.896647020939382,
        1.5928092797009858,
        0.9222214134639001,
        6.87437562022386,
        5.700581175843982,
        5.25006680248083,
        4.51481316907875,
        2.271256373075026,
        0.2133281780548331,
        4.67609977531496,
        5.698305121937583,
        2.2072909859262912,
        5.445646207528167,
        1.8372182874282303,
        5.326194818659933,
        2.8824388536275034,
        2.6785430759199205,
        1.3247314024092962,
        3.5795033081710277,
        5.056980881294938,
        2.112267417232009,
        3.940991501819221,
        1.7441996572259317,
        1.574042202793618,
        6.08464698540827,
        1.2679287917564348,
        1.3649078463095035,
        0.85524566247226,
        5.251434307766801,
        0.20526690733055863,
        4.321844376700954,
        6.127858261107623,
        0.527408796504821,
        5.307992529501645,
        4.5075233340590035,
        4.107341423060653,
        3.883920814110808,
        4.607974555955488,
        3.9734741950604167,
        3.703963356880118,
        0.22473609129261699,
        2.692198872156616,
        5.785481634055143,
        2.77782703024743,
        3.9564812559779536,
        3.266082880258861,
        0.22148835517083637,
        4.26647687457138,
        2.0356323150146696,
        3.8139088816284135,
        5.076885077674599,
        3.8837643112630813,
        4.5737328416881695
      ]
    ],
    "vqe2_time": [
      0.627061128616333,
      0.6524672508239746,
      1.0296070575714111
    ],
    "solution_vector": [
      1,
      0,
      1,
      0,
      1,
      0
    ],
    "solution_min_energy": -19.963912613094436,
    "solution_time": 0.021486997604370117,
    "matrix_size": 6,
    "qubo_matrix": [
      [
        -8.7117078282673,
        2.480490226130532,
        1.240245113065266,
        1.2402437296758997,
        2.4804874593517994,
        1.2402437296758997
      ],
      [
        2.480490226130532,
        -14.942925430404067,
        2.480490226130532,
        2.4804874593517994,
        4.960974918703599,
        2.4804874593517994
      ],
      [
        1.240245113065266,
        2.480490226130532,
        -8.7117078282673,
        1.2402437296758997,
        2.4804874593517994,
        1.2402437296758997
      ],
      [
        1.2402437296758997,
        2.4804874593517994,
        1.2402437296758997,
        -8.711718452153008,
        2.4804998842084487,
        1.2402499421042243
      ],
      [
        2.4804874593517994,
        4.960974918703599,
        2.4804874593517994,
        2.4804998842084487,
        -14.942937020097567,
        2.4804998842084487
      ],
      [
        1.2402437296758997,
        2.4804874593517994,
        1.2402437296758997,
        1.2402499421042243,
        2.4804998842084487,
        -8.711718452153008
      ]
    ],
    "ansatze": [
      "twolocal",
      "alternating_ry_rz",
      "random_circuit"
    ]
  },
  {
    "vqe2_energy": [
      -20.134257330335096,
      -20.131174994442695,
      -20.132723758206584
    ],
    "vqe2_vector": [
      [
        0,
        1,
        0,
        0,
        1,
        0
      ],
      [
        1,
        1,
        1,
        0,
        0,
        0
      ],
      [
        1,
        1,
        0,
        1,
        0,
        0
      ]
    ],
    "vqe2_min_error": [
      0.015004854260181055,
      0.030311469954169556,
      0.022620441927967416
    ],
    "vqe2_params": [
      [
        4.160921173899762,
        4.93149170217098,
        0.15324309112389348,
        3.5537587659260312,
        0.4751942031318652,
        2.9853440874481754,
        1.7955326909039608,
        1.0669985980666912,
        4.446466985742612,
        4.047708486579244,
        2.452807905743522,
        2.2137341400333566,
        4.5952445180581245,
        1.6743677057653845,
        -0.25820385278341634,
        2.12920924015404,
        2.946701701849771,
        3.2155182456251747,
        3.2354396183804894,
        6.430467355511857,
        5.385082254505996,
        3.950219271925132,
        2.5752018995978454,
        0.22395914035790204
      ],
      [
        1.247225632962343,
        7.569950763720141,
        4.752039373730168,
        5.629298196274915,
        3.862801781455082,
        3.084184620764909,
        3.7177772589542233,
        1.6392114029144784,
        4.71855515247173,
        2.162650297891458,
        3.378107432730557,
        -0.21368934785821117,
        2.6336569350995154,
        4.892114443331093,
        4.702070717329773,
        1.178072659896064,
        2.710824259549339,
        0.5900421837650005,
        5.934851183185917,
        4.607730423262718,
        3.521089544916879,
        2.0114028003368825,
        5.021894078849039,
        2.6070685850003836,
        2.5678448759277,
        3.086580204379336,
        2.097320545313228,
        5.63602760129266,
        5.15841122102444,
        1.4766424604434978,
        1.9659393565439514,
        1.7267570718955891,
        2.5849759830101036,
        3.565481585278455,
        0.3531090617368365,
        0.4024580183607164
      ],
      [
        3.5152473096372,
        5.986795385861499,
        2.209794706843171,
        5.653475687628764,
        4.650605054035295,
        1.7581167122297698,
        7.055390973468053,
        2.726487279077593,
        0.6238357486711532,
        3.3736614610522886,
        5.639911104447101,
        4.138377222266893,
        2.6260503054951707,
        5.573278401966396,
        1.9212414178722617,
        0.7972796576085733,
        6.149763269426676,
        2.577100264602836,
        5.007345802007199,
        0.49351848919327235,
        0.5167381701300061,
        1.5399577439735515,
        2.1850988857931646,
        2.5409153258912576,
        0.5237286383241877,
        1.3048145406352445,
        0.17485858562422973,
        1.9916545952812486,
        4.305797348017408,
        0.4071293547674453,
        1.1534415977909782,
        1.2454989072412872,
        5.898627509378406,
        1.217873708551799,
        4.524973854809,
        4.909861173975789,
        0.36195920296236284,
        4.893592387479676,
        2.9927862421158538,
        3.8779768267129584,
        4.508050781852589,
        0.5291123961234924,
        2.191369896938276,
        0.7466808291885445,
        5.625657377649385,
        2.497932259565812,
        1.5305339980869515,
        4.37649029621509,
        3.3453523962260103,
        0.8777231114935522,
        5.859362516484621,
        5.780452542267162,
        4.096215897377079,
        3.6949893287860696
      ]
    ],
    "vqe2_time": [
      0.5978515148162842,
      0.5567831993103027,
      0.937467098236084
    ],
    "solution_vector": [
      0,
      0,
      0,
      1,
      1,
      1
    ],
    "solution_min_energy": -20.13727889968596,
    "solution_time": 0.021272897720336914,
    "matrix_size": 6,
    "qubo_matrix": [
      [
        -8.7845008545775,
        2.501138070644551,
        1.2505690353222756,
        1.2505676519329092,
        2.5011353038658184,
        1.2505676519329092
      ],
      [
        2.501138070644551,
        -15.067863638510449,
        2.501138070644551,
        2.5011353038658184,
        5.002270607731637,
        2.5011353038658184
      ],
      [
        1.2505690353222756,
        2.501138070644551,
        -8.7845008545775,
        1.2505676519329092,
        2.5011353038658184,
        1.2505676519329092
      ],
      [
        1.2505676519329092,
        2.5011353038658184,
        1.2505676519329092,
        -8.786041318005193,
        2.5011477287224677,
        1.2505738643612339
      ],
      [
        2.5011353038658184,
        5.002270607731637,
        2.5011353038658184,
        2.5011477287224677,
        -15.070934907287919,
        2.5011477287224677
      ],
      [
        1.2505676519329092,
        2.5011353038658184,
        1.2505676519329092,
        1.2505738643612339,
        2.5011477287224677,
        -8.786041318005193
      ]
    ],
    "ansatze": [
      "twolocal",
      "alternating_ry_rz",
      "random_circuit"
    ]
  },
  {
    "vqe2_energy": [
      -22.603908880507916,
      -22.60390888050791,
      -22.60390888050791
    ],
    "vqe2_vector": [
      [
        0,
        1,
        1,
        0,
        0,
        1
      ],
      [
        1,
        1,
        0,
        1,
        0,
        0
      ],
      [
        1,
        1,
        0,
        1,
        0,
        0
      ]
    ],
    "vqe2_min_error": [
      1.6513010758778535e-05,
      1.6513010780982995e-05,
      1.6513010780982995e-05
    ],
    "vqe2_params": [
      [
        1.161740485220296,
        0.0045998948828858965,
        1.2323180162977345,
        7.050943811158411,
        6.319360424600268,
        3.6976721681158544,
        3.890018929496722,
        1.3736395642983954,
        0.798595120908644,
        5.342318508914296,
        3.170852298672447,
        5.416001133043375,
        3.530776582325133,
        6.033344045273397,
        4.938905654392862,
        3.50675923421354,
        3.2712052706724193,
        3.401340040422936,
        1.5686108995356136,
        0.6192214637873461,
        4.324792415888879,
        0.6651287560347858,
        3.712471819616688,
        0.8547673202136805
      ],
      [
        6.153975153369157,
        6.435876691224536,
        2.44105493680325,
        3.5400184416827734,
        3.297572422153376,
        6.052732421465327,
        6.023108673799411,
        6.233307643577284,
        2.290145310533512,
        2.1962967840642,
        2.992355694192465,
        1.1448774873144945,
        6.655885238261916,
        0.2465653931043198,
        2.8643860176344407,
        0.48150067282444525,
        2.7342244759745187,
        3.6761829986141277,
        3.770362865778062,
        4.2357734982216,
        1.5391235018303058,
        1.5314197011390216,
        4.600355432645647,
        4.312811053963294,
        4.896835801483936,
        3.6955678168426447,
        2.2023139157802465,
        4.648628919879181,
        1.2087790368264142,
        5.932239093186887,
        1.8659272799857134,
        0.8879311209058747,
        0.3783512602272793,
        3.163603559527361,
        2.03764895536185,
        1.743335835242992
      ],
      [
        1.0582704673268992,
        5.808919825424883,
        2.354230084285014,
        4.6285707156515565,
        2.6854437752655382,
        3.582797486903327,
        0.15427129467597023,
        3.4449852523037894,
        1.7250561875232326,
        3.9688075440131314,
        3.8446184708508633,
        4.961380688838858,
        3.2347909320644734,
        3.810536650703606,
        2.342536067171378,
        2.902804195404973,
        4.402618402056844,
        0.45330342285399244,
        5.515319312711724,
        0.8378096516336854,
        4.606128737375188,
        2.876094200219069,
        4.210873311422527,
        3.3668051737564983,
        0.24311873734316894,
        1.7709640268145508,
        2.239759388900073,
        5.828358576521897,
        0.5767616265905601,
        3.3304063182769013,
        5.60291998505074,
        5.869149382206334,
        1.3326814130662334,
        2.417141481193052,
        3.4564386520239756,
        3.6167690033990887,
        2.144576299164821,
        5.539830897099086,
        5.103331973153882,
        5.780000824921644,
        4.006286325843271,
        0.40991192208787725,
        0.1058366774577387,
        2.196038790308973,
        5.884900952845382,
        0.9120163009099803,
        4.974751297250302,
        2.409582286435656,
        5.5896392472422365,
        5.482429774164701,
        1.4558178055687836,
        3.6044087229188366,
        2.7037869263702885,
        1.8034679674800393
      ]
    ],
    "vqe2_time": [
      0.6101322174072266,
      0.6343121528625488,
      0.9882016181945801
    ],
    "solution_vector": [
      0,
      1,
      0,
      1,
      0,
      1
    ],
    "solution_min_energy": -22.603912613094437,
    "solution_time": 0.02114105224609375,
    "matrix_size": 6,
    "qubo_matrix": [
      [
        -9.8517078282673,
        2.800490226130532,
        1.400245113065266,
        1.4002437296758994,
        2.8004874593517988,
        1.4002437296758994
      ],
      [
        2.800490226130532,
        -16.902925430404068,
        2.800490226130532,
        2.8004874593517988,
        5.6009749187035975,
        2.8004874593517988
      ],
      [
        1.400245113065266,
        2.800490226130532,
        -9.8517078282673,
        1.4002437296758994,
        2.8004874593517988,
        1.4002437296758994
      ],
      [
        1.4002437296758994,
        2.8004874593517988,
        1.4002437296758994,
        -9.851718452153007,
        2.8004998842084485,
        1.4002499421042243
      ],
      [
        2.8004874593517988,
        5.6009749187035975,
        2.8004874593517988,
        2.8004998842084485,
        -16.902937020097564,
        2.8004998842084485
      ],
      [
        1.4002437296758994,
        2.8004874593517988,
        1.4002437296758994,
        1.4002499421042243,
        2.8004998842084485,
        -9.851718452153007
      ]
    ],
    "ansatze": [
      "twolocal",
      "alternating_ry_rz",
      "random_circuit"
    ]
  },
  {
    "vqe2_energy": [
      -21.414211435891858,
      -22.774257330335097,
      -21.41267509698462
    ],
    "vqe2_vector": [
      [
        1,
        1,
        0,
        1,
        0,
        1
      ],
      [
        0,
        1,
        0,
        1,
        0,
        1
      ],
      [
        1,
        1,
        1,
        0,
        0,
        1
      ]
    ],
    "vqe2_min_error": [
      5.984329690114576,
      0.013265716963728469,
      5.991074740364
    ],
    "vqe2_params": [
      [
        3.457405372723858,
        4.104892540924509,
        3.1118656871896198,
        1.486559440461261,
        1.8416199506728184,
        3.232421720831289,
        0.5749319854980771,
        3.185066550618757,
        4.834984525615656,
        5.815197342033378,
        1.157199585349163,
        3.8931354081152847,
        6.421596227039077,
        3.9765449601236846,
        7.11764966423416,
        4.815509962386957,
        5.742965997156904,
        5.5469653740784395,
        3.54415517910084,
        2.92577897797987,
        5.441616199719098,
        5.085289650459982,
        0.5931015889699994,
        4.21152266210494
      ],
      [
        4.605462261325642,
        5.660001965556501,
        1.6702128300115258,
        4.1639379672471275,
        2.7554138956339234,
        5.528003881070864,
        0.9594355508095154,
        0.2462516807370398,
        0.3573367184272776,
        4.127182898144082,
        1.0333195565189481,
        3.814229656103317,
        2.6216300861509065,
        0.24671946112767987,
        0.6501999137253534,
        5.882095525444998,
        5.97171227287279,
        3.397800576547434,
        4.758531948396965,
        4.657602316641721,
        3.662753827577499,
        0.36722496402018345,
        5.598132162015676,
        2.929731832168926,
        0.581866869091423,
        3.2483630369208027,
        1.1745266873947937,
        0.36408438413383226,
        0.9983572682103405,
        2.7239397267166545,
        5.406402997627299,
        1.0184209227765333,
        2.554689947389541,
        0.7406286998189637,
        2.3128149124635007,
        4.5767535972960784
      ],
      [
        7.173141555156309,
        6.681582837976306,
        3.18020594639297,
        1.5136012090033248,
        4.8034535464452395,
        5.759197239742708,
        2.4304477705107175,
        0.8119894125182789,
        0.6358775749628902,
        2.5494595479736324,
        6.5038038861046505,
        4.323265409291342,
        6.490672916991381,
        2.5863193643870286,
        3.325863344925732,
        2.3902513595950667,
        3.3184875467717068,
        3.3978381983414243,
        3.83817133613444,
        3.9395385609093854,
        4.293934899720589,
        4.063242601089214,
        1.0494362446573913,
        1.403066892236892,
        6.001544278763213,
        5.62217870572269,
        6.237841374142175,
        3.0296296416127775,
        0.2875129830576655,
        4.310796279969345,
        3.002955689064786,
        4.960872067620394,
        1.8920903853609616,
        5.695796076328329,
        3.9589716432929625,
        2.641495768583452,
        1.6046621458529555,
        5.236862698492445,
        3.1850610179514596,
        5.20910620497211,
        0.18180567298453582,
        5.283899305416532,
        4.941376423453815,
        6.109613679338938,
        3.926755277415112,
        4.97034943210008,
        2.9031211642591113,
        2.5892633145493194,
        3.6168296463862495,
        1.7658062202170945,
        0.41093219305196477,
        4.372866741453838,
        0.7992338077240385,
        1.1361220867590727
      ]
    ],
    "vqe2_time": [
      0.6536693572998047,
      0.6419041156768799,
      1.0040743350982666
    ],
    "solution_vector": [
      0,
      0,
      0,
      1,
      1,
      1
    ],
    "solution_min_energy": -22.777278899685967,
    "solution_time": 0.021472454071044922,
    "matrix_size": 6,
    "qubo_matrix": [
      [
        -9.924500854577502,
        2.8211380706445515,
        1.4105690353222757,
        1.4105676519329093,
        2.8211353038658187,
        1.4105676519329093
      ],
      [
        2.8211380706445515,
        -17.027863638510453,
        2.8211380706445515,
        2.8211353038658187,
        5.642270607731637,
        2.8211353038658187
      ],
      [
        1.4105690353222757,
        2.8211380706445515,
        -9.924500854577502,
        1.4105676519329093,
        2.8211353038658187,
        1.4105676519329093
      ],
      [
        1.4105676519329093,
        2.8211353038658187,
        1.4105676519329093,
        -9.926041318005193,
        2.821147728722468,
        1.410573864361234
      ],
      [
        2.8211353038658187,
        5.642270607731637,
        2.8211353038658187,
        2.821147728722468,
        -17.03093490728792,
        2.821147728722468
      ],
      [
        1.4105676519329093,
        2.8211353038658187,
        1.4105676519329093,
        1.410573864361234,
        2.821147728722468,
        -9.926041318005193
      ]
    ],
    "ansatze": [
      "twolocal",
      "alternating_ry_rz",
      "random_circuit"
    ]
  },
  {
    "vqe2_energy": [
      -25.24391261309443,
      -23.753656378126948,
      -25.243912613094434
    ],
    "vqe2_vector": [
      [
        1,
        0,
        1,
        1,
        0,
        1
      ],
      [
        0,
        1,
        0,
        1,
        1,
        0
      ],
      [
        1,
        0,
        1,
        0,
        1,
        0
      ]
    ],
    "vqe2_min_error": [
      3.3306690738754696e-14,
      5.903428116743159,
      1.1102230246251565e-14
    ],
    "vqe2_params": [
      [
        3.3649737069264725,
        2.797996145219753,
        3.228742205664892,
        3.3742110191759713,
        3.1468985534127536,
        7.211958075373597,
        4.650003920717612,
        4.056550451747892,
        3.5153830078853847,
        0.12370898807289352,
        5.646282384644502,
        6.1818408551903445,
        6.092152102468515,
        2.919840050279869,
        6.647003684941815,
        5.6289993198269626,
        3.127898244374274,
        4.275016978265498,
        1.2673574627629804,
        3.6079403462463833,
        2.464275702899811,
        4.824545069724716,
        1.9250398081115834,
        2.4220654331445766
      ],
      [
        5.80323279033173,
        5.310774927079109,
        3.413522708564508,
        1.1719508095503535,
        5.346920460794383,
        1.1743408393847854,
        3.2244437622422826,
        4.836488396210262,
        2.6222008522009137,
        1.7872186202919567,
        0.49699213109798446,
        1.6798339301489842,
        3.2430431150701153,
        2.8972011230069232,
        1.7357336139163673,
        4.751820381900032,
        2.5679654346315055,
        5.620368283911518,
        6.2154254537254285,
        -0.11703857737061663,
        5.714774100495725,
        2.4545303196909325,
        6.55828969174481,
        2.885712493464122,
        4.570480792433108,
        0.015468275247622836,
        1.9863933212486498,
        6.1688448824537865,
        3.9808309904501376,
        5.278212999736682,
        7.277720974376915,
        0.9461089906230914,
        5.813101703363708,
        2.5664616332358103,
        4.825573286851092,
        2.7013975512568673
      ],
      [
        1.2717405852742805,
        2.8976608350291793,
        2.8869725568730495,
        1.365281734572159,
        0.0384797290161501,
        1.3159614200479852,
        5.953359334399713,
        4.598917304001484,
        5.686951220824771,
        0.9068111225489902,
        3.8780778277263037,
        1.925590539710207,
        1.4569436468080432,
        3.37259985720934,
        0.7024456426880941,
        2.570893916506495,
        6.105507625373406,
        -0.053479864009230535,
        6.512234943951765,
        5.065838445283189,
        1.263709284821288,
        4.463940929135734,
        5.65009759603351,
        3.863089483959472,
        3.3914891656735646,
        5.892208709398748,
        0.7254754221458201,
        1.508153262241193,
        0.08854711702045101,
        6.004334180042714,
        5.016061131320037,
        0.14256996384749193,
        3.4118393281014128,
        5.245505405837138,
        2.091896717873842,
        4.631492514817018,
        3.9354718797946187,
        5.610455647356075,
        5.180912440111074,
        3.939619926062115,
        5.631306837064433,
        5.053820084930232,
        0.9884889097190362,
        4.38965502483547,
        0.729501975996289,
        6.080446460149817,
        0.6159543628774798,
        2.0068580984103037,
        0.6488999028994489,
        2.7332882334009923,
        2.2967340860242977,
        0.23479869898546799,
        5.53422169238835,
        -0.021167591381259315
      ]
    ],
    "vqe2_time": [
      0.5690879821777344,
      0.6225039958953857,
      0.9064953327178955
    ],
    "solution_vector": [
      1,
      0,
      1,
      0,
      1,
      0
    ],
    "solution_min_energy": -25.243912613094437,
    "solution_time": 0.02133488655090332,
    "matrix_size": 6,
    "qubo_matrix": [
      [
        -10.991707828267298,
        3.120490226130532,
        1.560245113065266,
        1.5602437296758995,
        3.120487459351799,
        1.5602437296758995
      ],
      [
        3.120490226130532,
        -18.862925430404065,
        3.120490226130532,
        3.120487459351799,
        6.240974918703598,
        3.120487459351799
      ],
      [
        1.560245113065266,
        3.120490226130532,
        -10.991707828267298,
        1.5602437296758995,
        3.120487459351799,
        1.5602437296758995
      ],
      [
        1.5602437296758995,
        3.120487459351799,
        1.5602437296758995,
        -10.991718452153007,
        3.1204998842084484,
        1.5602499421042242
      ],
      [
        3.120487459351799,
        6.240974918703598,
        3.120487459351799,
        3.1204998842084484,
        -18.86293702009757,
        3.1204998842084484
      ],
      [
        1.5602437296758995,
        3.120487459351799,
        1.5602437296758995,
        1.5602499421042242,
        3.1204998842084484,
        -10.991718452153007
      ]
    ],
    "ansatze": [
      "twolocal",
      "alternating_ry_rz",
      "random_circuit"
    ]
  },
  {
    "vqe2_energy": [
      -23.91421143589185,
      -25.415775710828214,
      -25.415775710828214
    ],
    "vqe2_vector": [
      [
        1,
        1,
        0,
        0,
        1,
        0
      ],
      [
        0,
        0,
        1,
        1,
        1,
        0
      ],
      [
        1,
        0,
        0,
        0,
        1,
        1
      ]
    ],
    "vqe2_min_error": [
      5.913565609152116,
      0.005914043213184339,
      0.005914043213184339
    ],
    "vqe2_params": [
      [
        3.8936124539179673,
        1.7696372734248653,
        7.24163300529268,
        3.168474525867973,
        3.24228542120473,
        0.09151763024561181,
        3.3926671068699004,
        6.000413754968717,
        3.022354082716239,
        6.668921811812819,
        4.401041313414618,
        5.001501837142825,
        3.2561737529450174,
        3.643832022866821,
        4.78207502277819,
        2.2687246182715763,
        0.07278735789067103,
        1.5848200563629053,
        1.1706327580739693,
        3.418046568840377,
        2.4902164745336868,
        1.332079359124322,
        3.3133887194907032,
        4.601135322945004
      ],
      [
        3.8892334527546204,
        1.3203938901052559,
        1.6734208810678035,
        4.535107246787168,
        3.16194743490464,
        1.7290756986256581,
        5.08361546562407,
        3.632475923408728,
        4.415790166036256,
        3.2555121270499137,
        5.32384342373109,
        2.520399047304972,
        4.713631077065391,
        0.7581238486018204,
        4.080932346643938,
        5.779424040986146,
        2.5475690829015982,
        2.0983975612425216,
        3.473096016483942,
        3.7305519181481843,
        6.121511002587445,
        5.639799444863443,
        2.939639108982522,
        2.696339022275875,
        4.7381750889714365,
        0.3230020810006342,
        1.7950308774167205,
        2.009003920313561,
        4.615748879373974,
        5.2433331502907885,
        4.093820942754722,
        0.08713476065517911,
        4.336601595235007,
        1.1762538633186823,
        3.671067588737724,
        0.10216121701440599
      ],
      [
        4.766551555341889,
        2.168231334778259,
        3.8790803208029447,
        5.208327817201886,
        5.6570277184152475,
        1.072860737236208,
        4.732550716435749,
        5.428120656258175,
        0.5894861564158848,
        5.0468259266019455,
        4.851490723249177,
        1.8193299589151344,
        1.4756799243078884,
        2.434410503890518,
        3.2548609354469704,
        5.022551666035022,
        1.4746257386452624,
        0.9898304517173446,
        4.55828897916334,
        2.9879382382303072,
        0.8270378317848951,
        0.7473535145483562,
        5.29046118915322,
        3.2001487772187502,
        0.5632153650538726,
        4.640097458398456,
        5.456341472750063,
        4.629467737676838,
        5.042520420667502,
        4.496308981630586,
        3.2527150520583294,
        6.115794357864122,
        1.8852594011838213,
        0.8509800553622973,
        4.59029763130753,
        5.659186350630936,
        1.5747174163316415,
        5.478662900005207,
        0.5813803349681189,
        6.059729699198663,
        4.115205154714402,
        1.6228177703376474,
        5.181317171929208,
        4.175100945877324,
        1.2969261925717641,
