[
  {
    "vqe2_energy": [
      -115.22641759294292,
      -100.45223662197809,
      -115.12387876529863
    ],
    "vqe2_vector": [
      [
        1,
        0,
        1,
        1,
        0,
        1,
        0,
        1
      ],
      [
        1,
        0,
        0,
        0,
        0,
        0,
        1,
        0
      ],
      [
        1,
        0,
        1,
        0,
        1,
        0,
        0,
        1
      ]
    ],
    "vqe2_min_error": [
      1.51996547571438,
      14.146947052357362,
      1.6076018658533475
    ],
    "vqe2_params": [
      [
        0.5146693008873768,
        3.0737514380317794,
        1.4574459521406065,
        1.663146075665826,
        2.836142203019898,
        6.078415368096382,
        6.879872153481033,
        0.8163640139981941,
        2.2870818056829836,
        1.899076611978465,
        6.445648851748213,
        2.4508660829543616,
        2.746315962531014,
        5.918862741284258,
        6.745310333446313,
        4.524228892146922,
        2.150116784058077,
        3.1365338775378824,
        3.522584174110679,
        5.178927158412072,
        5.487329565213068,
        3.1010448676700855,
        5.697743550275454,
        3.5159826635235243,
        0.22367864361090853,
        3.286124257387591,
        4.656650080919676,
        1.8981269772222984,
        1.9832369905929075,
        4.459289182267563,
        0.6864632083651991,
        3.732086034617606
      ],
      [
        1.2759792334417848,
        6.141373538494932,
        4.70560250416074,
        5.209531194890735,
        1.4107736429182873,
        4.44264543394297,
        2.249154817897561,
        6.778464850110541,
        2.1783106665825773,
        2.580083417840329,
        5.4379244635747215,
        4.486849696119563,
        2.0143974968781286,
        4.22150866861897,
        2.045709049548952,
        3.034809264207364,
        4.3005830057700924,
        0.7403435338847688,
        5.0201510147132,
        2.1240890427097594,
        5.398874600684958,
        2.320934001876996,
        5.933041561179911,
        1.289933254358519,
        3.326165471614333,
        6.136483738788228,
        4.083507419988597,
        1.5414217650082598,
        2.008397383458902,
        0.7490178074090479,
        2.6598875326084834,
        1.6162597878095426,
        3.911470140483661,
        5.749982437842431,
        3.773384449773041,
        3.281500867944118,
        3.741807916559553,
        0.9305285745105499,
        3.7753941026667106,
        2.0343873603706557,
        1.7860952140386277,
        2.416128095352961,
        5.373392328082756,
        0.5025912111860618,
        1.3929454010043663,
        2.57738906583312,
        4.84486847294954,
        0.674835700062294
      ],
      [
        3.546946231869104,
        2.2457545110830948,
        2.2559414290566027,
        5.91611241346679,
        3.9985907359685324,
        3.767866593965845,
        5.401369213716284,
        4.031564396474996,
        4.924745835452385,
        6.339164712727944,
        3.924390718360188,
        5.044379549499123,
        5.4506846699038425,
        7.153283791357191,
        5.971634622270094,
        2.023915919251793,
        5.224225534657424,
        7.093216132316317,
        5.000953149014814,
        1.109568035142106,
        4.1067291830699935,
        1.684057652643406,
        5.9766892555704585,
        6.983407201989105,
        0.09906196319910376,
        7.287381197810416,
        0.19430769704079556,
        1.3681215677561347,
        0.006181490244975718,
        4.700684196305409,
        3.5020427205887543,
        3.2701228361217143,
        0.09278701359272427,
        1.0281333291140293,
        5.518572991864223,
        1.6779997602538026,
        1.620805445289229,
        3.942204428527192,
        0.44274248488749474,
        4.505666805461649,
        5.171123179894926,
        4.36903541124798,
        2.879318639013169,
        4.513273698400294,
        2.663188464119448,
        5.988398035385079,
        3.2999990699572734,
        5.881488219312901,
        4.24008952542812,
        2.286514933381853,
        5.114861676958019,
        6.079620015624345,
        3.83216007695863,
        0.9948743533115353,
        5.399056602997164,
        3.8794756915200215,
        2.9093905092099694,
        1.482716191230457,
        5.3934300836483295,
        0.9907819255747439,
        4.711628779419552,
        5.210068255138794,
        5.0930527763154165,
        2.482834543770314,
        0.6986643926020143,
        4.679412513989154,
        1.0848247740445855,
        0.2472474813117964,
        1.6701861923538528,
        0.07680464815516397,
        2.223320169933684,
        3.1159831499662176
      ]
    ],
    "vqe2_time": [
      5.150773763656616,
      8.106679439544678,
      9.33559536933899
    ],
    "solution_vector": [
      0,
      0,
      0,
      0,
      1,
      1,
      1,
      1
    ],
    "solution_min_energy": -117.00485093202072,
    "solution_time": 0.023337841033935547,
    "matrix_size": 8,
    "qubo_matrix": [
      [
        -27.376043486757126,
        3.6434069897867687,
        7.286813979573537,
        1.8217034948933843,
        1.821700518252317,
        3.643401036504634,
        7.286802073009268,
        1.821700518252317
      ],
      [
        3.6434069897867687,
        -51.108679983727484,
        14.573627959147075,
        3.6434069897867687,
        3.643401036504634,
        7.286802073009268,
        14.573604146018535,
        3.643401036504634
      ],
      [
        7.286813979573537,
        14.573627959147075,
        -87.6437320083079,
        7.286813979573537,
        7.286802073009268,
        14.573604146018535,
        29.14720829203707,
        7.286802073009268
      ],
      [
        1.8217034948933843,
        3.6434069897867687,
        7.286813979573537,
        -27.376043486757126,
        1.821700518252317,
        3.643401036504634,
        7.286802073009268,
        1.821700518252317
      ],
      [
        1.821700518252317,
        3.643401036504634,
        7.286802073009268,
        1.821700518252317,
        -27.377581535665342,
        3.6434214769036433,
        7.2868429538072865,
        1.8217107384518216
      ],
      [
        3.643401036504634,
        7.286802073009268,
        14.573604146018535,
        3.643401036504634,
        3.6434214769036433,
        -51.11174159442704,
        14.573685907614573,
        3.6434214769036433
      ],
      [
        7.286802073009268,
        14.573604146018535,
        29.14720829203707,
        7.286802073009268,
        7.2868429538072865,
        14.573685907614573,
        -87.6497972812395,
        7.2868429538072865
      ],
      [
        1.821700518252317,
        3.643401036504634,
        7.286802073009268,
        1.821700518252317,
        1.8217107384518216,
        3.6434214769036433,
        7.2868429538072865,
        -27.377581535665342
      ]
    ],
    "ansatze": [
      "twolocal",
      "alternating_ry_rz",
      "random_circuit"
    ],
    "histories_energy": [
      [
        [
          -96.4177268433603,
          -95.63603329041923,
          -98.53735596020837,
          -96.01314793677577,
          -94.17473478636214,
          -99.6732801413311,
          -101.45554326900543,
          -104.20937123527793,
          -101.41348206665444,
          -105.01171635199847,
          -105.61698559879054,
          -102.85614879754536,
          -104.06343525537045,
          -103.92408579237916,
          -108.35318784007337,
          -108.93275212463979,
          -108.30545343212833,
          -108.05960403554457,
          -107.57925388926625,
          -107.67852850624041,
          -107.28823670219819,
          -107.04108139654585,
          -109.51444787260384,
          -107.74678784656243,
          -109.31308831923579,
          -109.19104533272653,
          -109.01969958729312,
          -109.07942270152317,
          -108.9524057099577,
          -109.97632816642604,
          -109.7890523135582,
          -109.66045975792848,
          -108.68558095917979,
          -107.44551935544163,
          -109.9094565750592,
          -109.6095027430516,
          -110.52919049162429,
          -110.65660685856454,
          -111.13860391450353,
          -103.94178959004917,
          -111.46457776748443,
          -110.78524266115615,
          -111.01948944484477,
          -111.4855017479953,
          -110.58068088242177,
          -109.9390328015329,
          -110.87622113563002,
          -109.78546995657064,
          -110.39957442368856,
          -111.12071008016889,
          -112.8994525608573,
          -111.59480082048998,
          -113.67526197689202,
          -113.26760672245086,
          -113.10678696540589,
          -111.91445187366855,
          -111.78210739666761,
          -109.01486984277065,
          -113.63513915464839,
          -113.18197744454037,
          -113.3237594632212,
          -113.39769462429052,
          -113.13546966868584,
          -113.31848521061053,
          -113.23050543666146,
          -110.05632044340585,
          -113.53997803512293,
          -113.59751215936151,
          -113.71216523578232,
          -111.50618891058379,
          -113.46200629621674,
          -113.55028060517836,
          -112.6506206258636,
          -114.62547502911218,
          -114.49138468828704,
          -112.27319001796265,
          -114.27107540913438,
          -114.49723656084711,
          -114.91407715536526,
          -114.30637437973768
        ]
      ],
      [
        [
          -104.2596845399253,
          -103.81593079679992,
          -98.81249684379549,
          -104.86852631654074,
          -104.968989060153,
          -102.69832492757965,
          -103.36733378640837,
          -103.44058597900012,
          -105.30073220107022,
          -103.98635963124849,
          -97.07923887313194,
          -104.0856122711461,
          -103.62004037593547,
          -104.9098516919002,
          -104.69160868784584,
          -105.27830554161461,
          -105.77218963663658,
          -104.77219039210571,
          -91.73726769815221,
          -102.51850767057763,
          -105.16637742953294,
          -103.38877459122632,
          -102.05554590086014,
          -104.80558089411139,
          -104.52987375115875,
          -104.70360955845115,
          -104.03752388264455,
          -103.97037488902934,
          -104.27107121609572,
          -103.68927453694265,
          -104.70929691630064,
          -104.4665570338374,
          -104.21537141822314,
          -104.61349627678082,
          -104.09275597561744,
          -103.92975553957515,
          -104.18765550218892,
          -104.21439607025121,
          -104.82221992210731,
          -103.91978660053725,
          -103.99553715678123,
          -105.03139714192093,
          -103.84486805766288,
          -103.02140067815826,
          -104.8321767774768,
          -104.37017720539451,
          -104.2938665974436,
          -104.10587407012473,
          -104.44027763225587,
          -102.53928157211791,
          -103.85216627772894,
          -99.15054345366826,
          -104.27041382318586,
          -104.86197527202525,
          -104.3301254629581,
          -104.29395085784415,
          -104.38768875008114,
          -103.6141464941252,
          -104.27138867238138,
          -104.29696463455788,
          -102.22850153920626,
          -103.9062617229072,
          -103.40063173287814,
          -104.99670780762698,
          -104.87279772231878,
          -103.41229364870381,
          -100.19506366934998,
          -103.40669233325849,
          -103.29599369415169,
          -105.93260075695459,
          -105.23666464243313,
          -104.2887229388631,
          -105.90189364069255,
          -103.37725609141498,
          -105.34688165810296,
          -105.45384807578927,
          -104.32076236690504,
          -104.69230254606107,
          -104.06521912466229,
          -104.85284675320524
        ]
      ],
      [
        [
          -73.03061273920754,
          -79.5003490612512,
          -74.41624889001345,
          -76.69154085530761,
          -84.59891236624964,
          -83.00998349977756,
          -86.14775388681467,
          -89.24176870447464,
          -91.28395419072466,
          -93.33106866754278,
          -95.36500779344507,
          -95.31267716259414,
          -92.61976410948543,
          -94.22049937052066,
          -98.07084154132131,
          -98.80661961898677,
          -98.89296489338747,
          -97.97894372740335,
          -98.98475176303405,
          -94.9901303304196,
          -99.1825886418282,
          -98.65490904611272,
          -102.62696039484594,
          -99.8361115585114,
          -102.9534173654201,
          -102.61050632008954,
          -103.60443687689431,
          -101.05316791558592,
          -101.08719421267028,
          -101.66626043599213,
          -103.17893718202701,
          -101.5941357063659,
          -100.95105622346074,
          -102.70571126653252,
          -103.12820406921674,
          -102.29871960855847,
          -104.19426498650814,
          -101.67130790755782,
          -103.13386290890142,
          -102.55056337130493,
          -101.91269832818591,
          -103.2719509292568,
          -103.76792780101123,
          -102.52233490529392,
          -102.42075399210596,
          -103.70936182206782,
          -103.84879897545218,
          -102.51935678120975,
          -102.16339524264576,
          -102.48987562668577,
          -103.59221831659494,
          -102.14497364068106,
          -102.75230215025516,
          -102.16373541657921,
          -102.13327205836958,
          -103.00710734739981,
          -102.02867737269725,
          -102.56006481693242,
          -103.52920137222313,
          -103.75762142407058,
          -102.94281542771199,
          -101.67730483593449,
          -103.0888156801731,
          -102.25658420107916,
          -102.33418120101965,
          -103.17287621925715,
          -102.87618977024297,
          -102.36271653917537,
          -102.61312126458955,
          -102.96410282323015,
          -103.25400771709023,
          -102.19948226392361,
          -102.97643001597356,
          -103.53060014708288,
          -103.04411749859534,
          -104.29959877921044,
          -104.1623853386063,
          -98.1745115219387,
          -104.26804852754628,
          -103.80930523213145
        ]
      ]
    ]
  },
  {
    "vqe2_energy": [
      -136.3073589380424,
      -134.2561345180297,
      -134.11628177796587
    ],
    "vqe2_vector": [
      [
        0,
        1,
        1,
        0,
        1,
        0,
        0,
        1
      ],
      [
        1,
        1,
        0,
        0,
        1,
        0,
        1,
        1
      ],
      [
        1,
        1,
        0,
        0,
        0,
        0,
        1,
        0
      ]
    ],
    "vqe2_min_error": [
      0.000124705213755405,
      1.50472946698752,
      1.6073306145389599
    ],
    "vqe2_params": [
      [
        3.889359918906632,
        3.105735224680496,
        4.890247899230054,
        2.6942235343610528,
        2.0342370837475308,
        3.345616975825384,
        0.25000671904246463,
        0.9801920279857559,
        0.2005750855864365,
        3.5279260816724864,
        0.28101655952187715,
        2.9308247530054636,
        -0.007534464666120589,
        5.88820965277845,
        6.6565340990279465,
        3.394667505160785,
        1.710588568664487,
        3.3842953222289105,
        0.9144874657418086,
        0.7046466861874363,
        5.5355180909119825,
        0.09526884558468517,
        3.6647065610126663,
        5.924446915148628,
        6.3816909573259455,
        6.120636120481325,
        3.538665159832705,
        4.661780106664379,
        2.8171522034652168,
        6.030199304384708,
        1.4348760717985183,
        4.014987361425018
      ],
      [
        3.4354990183107996,
        2.412078470817592,
        6.003523858047218,
        5.86733253722388,
        0.9518818624636867,
        2.8723943862305994,
        4.561522807557783,
        5.021777599869455,
        1.7225004567488726,
        5.063102975330698,
        4.906423929890217,
        3.6588437761785864,
        1.2238135504573164,
        6.01160951257973,
        6.60964481605381,
        2.545193035986481,
        2.196995808734585,
        7.49214200436775,
        3.7130299924727117,
        4.879217914993656,
        2.680312869707739,
        2.5715218367338815,
        3.273135418690502,
        5.293622197970554,
        5.01638472883621,
        5.894324979032979,
        0.610837391607713,
        5.469990363595915,
        5.2999599434906095,
        4.9999211238284005,
        1.382819460855265,
        0.7832164706976594,
        3.014226362794834,
        5.36917087777858,
        0.5499322144808315,
        4.790893284209039,
        0.22899605271924198,
        5.950988748571988,
        -0.09752882762991956,
        4.341941375103935,
        4.666875385168153,
        2.499257041341505,
        5.363165974340959,
        5.0647030309679195,
        3.3049402451667347,
        1.5995103704452582,
        6.046497370044496,
        3.4151986872313644
      ],
      [
        6.531699269302786,
        4.805816483731423,
        5.49299240905353,
        6.120793019446083,
        2.807073725606024,
        4.329500797400169,
        4.586756353803552,
        2.7601607765805776,
        3.51192203261058,
        1.143254441166153,
        5.005713577172663,
        1.470127529394456,
        5.811120283131125,
        3.753504099001347,
        4.6715606586693434,
        4.612841239891297,
        5.763529141712063,
        6.144046142866714,
        0.19083734433404168,
        5.042045687789417,
        5.1300721018736395,
        0.048669772102489794,
        1.4191773811114177,
        1.0686599795177238,
        1.1421345724827043,
        4.346740752113867,
        3.7983745278306213,
        3.1533239277161886,
        4.68243731316802,
        6.378657152239829,
        2.302522949872958,
        2.819899080203736,
        5.329245464694181,
        3.4834040441154475,
        7.2754845047060925,
        3.7976876130416364,
        1.617688465725124,
        5.039380390419449,
        5.48530732427679,
        2.6316334100147114,
        3.6586892234333055,
        3.0822782564081987,
        4.869991248333478,
        4.845440988148015,
        6.240878790561505,
        0.29888829653252724,
        0.4224365630408584,
        1.8880890334693685,
        0.7161614618152861,
        2.892856646431768,
        5.008674239388194,
        5.158509798730977,
        0.27158363808378727,
        0.20729125411985747,
        5.448414323775174,
        1.8668260616027847,
        2.7407940464070664,
        6.104071913784175,
        2.2900381786038473,
        3.4972911197480454,
        3.9528236718402803,
        2.7838555902775908,
        1.56530061374122,
        6.178186947555838,
        2.633398825124791,
        1.512347510469988,
        2.011689356865946,
        5.4026848171063575,
        0.8564402542272762,
        2.1279027726083086,
        3.10566802396502,
        3.6054768683286955
      ]
    ],
    "vqe2_time": [
      4.443588733673096,
      4.884091138839722,
      8.38577938079834
    ],
    "solution_vector": [
      1,
      0,
      0,
      1,
      0,
      1,
      1,
      0
    ],
    "solution_min_energy": -136.30718895587106,
    "solution_time": 0.02140974998474121,
    "matrix_size": 8,
    "qubo_matrix": [
      [
        -31.885800248535705,
        4.242111300758729,
        8.484222601517459,
        2.1210556503793647,
        2.1210526737382978,
        4.2421053474765955,
        8.484210694953191,
        2.1210526737382978
      ],
      [
        4.242111300758729,
        -59.52948919631268,
        16.968445203034918,
        4.242111300758729,
        4.2421053474765955,
        8.484210694953191,
        16.968421389906382,
        4.2421053474765955
      ],
      [
        8.484222601517459,
        16.968445203034918,
        -102.09053318959045,
        8.484222601517459,
        8.484210694953191,
        16.968421389906382,
        33.936842779812764,
        8.484210694953191
      ],
      [
        2.1210556503793647,
        4.242111300758729,
        8.484222601517459,
        -31.885800248535705,
        2.1210526737382978,
        4.2421053474765955,
        8.484210694953191,
        2.1210526737382978
      ],
      [
        2.1210526737382978,
        4.2421053474765955,
        8.484210694953191,
        2.1210526737382978,
        -31.88580845790193,
        4.2421257878756045,
        8.484251575751209,
        2.1210628939378022
      ],
      [
        4.2421053474765955,
        8.484210694953191,
        16.968421389906382,
        4.2421053474765955,
        4.2421257878756045,
        -59.52949112792826,
        16.968503151502418,
        4.2421257878756045
      ],
      [
        8.484210694953191,
        16.968421389906382,
        33.936842779812764,
        8.484210694953191,
        8.484251575751209,
        16.968503151502418,
        -102.0904791043541,
        8.484251575751209
      ],
      [
        2.1210526737382978,
        4.2421053474765955,
        8.484210694953191,
        2.1210526737382978,
        2.1210628939378022,
        4.2421257878756045,
        8.484251575751209,
        -31.88580845790193
      ]
    ],
    "ansatze": [
      "twolocal",
      "alternating_ry_rz",
      "random_circuit"
    ],
    "histories_energy": [
      [
        [
          -102.20451895126241,
          -107.144400927987,
          -124.69782117718775,
          -123.77870628391786,
          -123.59845251246738,
          -122.3196361046616,
          -119.18219809007334,
          -119.0122375404181,
          -123.302627608909,
          -123.67223950663058,
          -124.01638342171756,
          -122.26349650702544,
          -122.44463208084733,
          -123.52143243474474,
          -123.81480131090873,
          -123.09442033051688,
          -123.84166091664596,
          -123.83331146112157,
          -116.68652378034403,
          -121.37847543262676,
          -124.58994654638818,
          -121.64222501111364,
          -117.82553662368122,
          -124.37318791464078,
          -124.94503393223633,
          -126.24417767180307,
          -125.09223885542418,
          -123.45169303100211,
          -125.1748992553409,
          -124.89317460501255,
          -124.96984020448227,
          -125.55119896545158,
          -124.59991643155108,
          -129.8146098072285,
          -128.5192590335031,
          -125.8024365830801,
          -131.3215786361511,
          -129.77783346713966,
          -126.18599701562914,
          -129.84358077953632,
          -126.38940703505689,
          -131.35798799235664,
          -126.90733105730918,
          -130.9371024930548,
          -129.6405535477503,
          -132.18174429276672,
          -130.50579634661352,
          -130.42136208637885,
          -131.31115850916163,
          -131.3125168003263,
          -131.4492886032133,
          -131.72786568146503,
          -131.1391729333501,
          -131.72423322749034,
          -131.96767085825158,
          -132.27021897181112,
          -129.85346874299032,
          -131.13988533687353,
          -130.72224780590082,
          -131.6842014684598,
          -131.051255931931,
          -132.082356543054,
          -131.6284652829482,
          -131.13588384140522,
          -129.77632148859806,
          -131.15261152340904,
          -129.8002006288825,
          -131.2483354808981,
          -128.8906408507799,
          -130.8754946333042,
          -128.79188779517386,
          -130.0896131587606,
          -132.10286800557174,
          -131.8233802339621,
          -131.04778133060395,
          -132.68401744944248,
          -132.26928712554908,
          -132.74069234059453,
          -132.31151679245252,
          -132.76628018258094
        ]
      ],
      [
        [
          -87.25071749965188,
          -94.05945833271201,
          -91.19501460921688,
          -91.96647428832105,
          -96.94238616023476,
          -95.38642510527113,
          -88.85853161546432,
          -93.31110097476346,
          -98.37084091382093,
          -96.29447293134496,
          -111.97200278695017,
          -115.60567599258579,
          -113.95633030837276,
          -111.4654415681803,
          -109.94969523199428,
          -114.30148519820214,
          -111.81876904822393,
          -114.39318158855912,
          -119.31829754851024,
          -118.32079264511054,
          -118.22305715177092,
          -117.33503497568006,
          -117.3250009191893,
          -114.94923387505106,
          -118.71075948516629,
          -118.61810918029929,
          -118.42946407720842,
          -118.61665597343978,
          -118.98555440842475,
          -119.11923911780222,
          -119.22468566052275,
          -116.7928628028653,
          -118.50897623328105,
          -118.78971218774399,
          -119.34024649445456,
          -118.42547932170024,
          -118.64032591530058,
          -117.63404418542106,
          -118.29945813940166,
          -118.18564912736585,
          -117.66733889322849,
          -118.41113290216009,
          -117.08733513972803,
          -119.65155356519824,
          -118.96664184114162,
          -118.7415307095209,
          -118.28620128862732,
          -118.3345711075431,
          -117.98899804752944,
          -118.17195703288954,
          -120.51086129996041,
          -120.24613540149008,
          -119.84113098453133,
          -120.20014648546297,
          -120.39498026661698,
          -119.71903851887197,
          -120.70409984617417,
          -121.89059537504872,
          -120.56275190472142,
          -119.6435902366996,
          -122.28484041154726,
          -125.25671728750083,
          -123.23388497681935,
          -124.59311756330173,
          -121.50859859249556,
          -124.15509130334983,
          -126.454915635996,
          -122.35917869272987,
          -122.45120050041369,
          -126.80587546505025,
          -125.69591040598638,
          -126.78749289783921,
          -126.92057527199584,
          -126.53532359120419,
          -127.9813251937858,
          -127.47398385538376,
          -126.85222618912934,
          -127.07679690701818,
          -127.2923915372632,
          -126.57257038156996
        ]
      ],
      [
        [
          -113.77001262085541,
          -114.13144580738293,
          -104.87232718520366,
          -113.68874948158525,
          -109.05990837053162,
          -110.23650273251079,
          -111.10958664444422,
          -118.19739195319293,
          -112.51663481478502,
          -116.19023514145549,
          -116.91191469665935,
          -117.3192994001768,
          -115.84780899198891,
          -116.7209889943984,
          -115.64959160915842,
          -115.24459518840742,
          -113.06388891816668,
          -117.13644519134473,
          -119.74047584938603,
          -116.65246911045176,
          -118.76095008102138,
          -118.8261456309733,
          -115.12711523005079,
          -116.58499859763207,
          -119.1567237408989,
          -118.71837797579512,
          -120.03311668835939,
          -119.53664138136645,
          -118.32104734786223,
          -119.6058457341515,
          -120.3843451771038,
          -119.65635931173144,
          -119.6110792083821,
          -119.07479604376014,
          -119.67163413914211,
          -121.22785020315236,
          -118.81481733649086,
          -118.63187357354882,
          -119.22338331423512,
          -118.85770008126833,
          -118.98527690244038,
          -119.33812049481297,
          -118.71448447227993,
          -119.50354241694805,
          -120.15514134398927,
          -118.90090601489649,
          -119.36883694206924,
          -118.82760949405346,
          -119.31797352970923,
          -118.9509403832166,
          -118.96150344363556,
          -119.40395345892274,
          -119.48428817294612,
          -120.08568696252837,
          -120.37786870467338,
          -118.93110734788812,
          -119.99458550405178,
          -119.794547522535,
          -118.74500005092652,
          -120.92991369038673,
          -118.97979395218722,
          -120.83595716481642,
          -118.05320643160545,
          -120.32711238879442,
          -118.52776875553631,
          -120.16881743324798,
          -119.44217470910554,
          -118.80295908747169,
          -119.92828629464945,
          -118.50439943401018,
          -119.03796059650807,
          -119.54208952569834,
          -118.94462841935143,
          -120.48566135381428,
          -117.56072201645283,
          -119.34928386903843,
          -116.02785101181544,
          -122.08918596730777,
          -124.45155755349546,
          -123.80753069936286
        ]
      ]
    ]
  },
  {
    "vqe2_energy": [
      -135.57368612674077,
      -135.57085789426506,
      -118.57681788789249
    ],
    "vqe2_vector": [
      [
        1,
        0,
        0,
        0,
        1,
        1,
        1,
        1
      ],
      [
        0,
        1,
        0,
        1,
        1,
        0,
        1,
        1
      ],
      [
        1,
        0,
        1,
        1,
        1,
        0,
        1,
        0
      ]
    ],
    "vqe2_min_error": [
      1.5047165159144393,
      1.506771247679961,
      13.853066725718222
    ],
    "vqe2_params": [
      [
        6.136458194068611,
        4.242716726753825,
        0.5022393228862372,
        3.3776014159815198,
        5.740009336835073,
        0.18889492532937166,
        4.585662963303578,
        4.860795135195391,
        1.1134634528685374,
        3.705317336147717,
        2.0841518144024325,
        -0.05444164923413307,
        0.7586267482944776,
        1.7085849363685353,
        2.6541464521111173,
        4.924615293274144,
        1.7344515756061194,
        1.0780143433540637,
        2.0971878250132,
        6.965662539258569,
        4.349886139714513,
        6.093296658348805,
        4.34262924288694,
        3.53456401746698,
        4.606067495793968,
        3.5700587193436704,
        0.19491221265956063,
        0.45585326684860417,
        4.594488987846008,
        3.4146549298780893,
        3.9132392590374376,
        5.979650017431575
      ],
      [
        1.2463882135023383,
        2.6134994939476033,
        2.441530573556194,
        3.391036671655795,
        4.184594471920887,
        1.1306100839204847,
        0.5959895963852992,
        2.400849750765666,
        6.063416303829948,
        3.976226407064593,
        3.7111553735524114,
        2.4620540208560695,
        3.1402111249576516,
        2.384936270248081,
        3.0677454710249417,
        5.094787266757623,
        3.3545109971755114,
        4.909272306163615,
        2.4619558780433874,
        5.297192269693185,
        2.39565815740708,
        1.7271484469616039,
        5.243687345402474,
        2.8417546995512017,
        5.103227483365006,
        6.138595115190937,
        4.74152991604035,
        3.118660349964731,
        0.4821779084189428,
        5.87170733330086,
        1.4836317291917953,
        2.410852937988318,
        4.018010292271979,
        1.890463235143931,
        1.8374629630109438,
        1.9249985782391872,
        1.9151774476454761,
        5.874148499242342,
        3.75816544906175,
        0.4671999370422739,
        1.2092776501719422,
        5.797622842762724,
        5.804953117766616,
        4.487689639724069,
        1.6065584300378333,
        5.208520429426597,
        2.8508988481437725,
        3.023224235909371
      ],
      [
        5.473208978720005,
        2.1139193489637886,
        3.341614310919838,
        0.1839805717158134,
        6.879285122755083,
        4.238344523564438,
        4.355874309666991,
        4.8311957420560185,
        5.948178692205411,
        2.687739980881001,
        1.6693443970408899,
        1.1457251379854776,
        4.759038805449153,
        1.4663496184963078,
        0.9054217524497035,
        1.2574623854189158,
        5.915502173850206,
        1.0142778783091777,
        2.9989820939597864,
        3.9015799614971542,
        0.23136935843805898,
        1.519621081559094,
        0.5216730819474755,
        0.3557099577741675,
        5.434402593015249,
        0.22054206754812553,
        1.5071678305847518,
        5.635645390536742,
        3.679875336079976,
        1.3059981846177937,
        3.9650935558344687,
        3.1406384305393,
        0.7711297573564853,
        4.03783763796793,
        1.2516591269398483,
        2.036636922208993,
        1.9575387595062796,
        4.074363708061518,
        1.6564261860352114,
        3.7364589157772325,
        3.165882146359585,
        4.240441455256742,
        0.003931046389824992,
        2.716273297157176,
        1.3101926398906993,
        4.26165686236402,
        4.426949029221115,
        2.081792460056834,
        0.6188608346741344,
        0.36326712055315463,
        6.038890650514069,
        0.31142478873669033,
        5.807191440206195,
        1.5725233683526207,
        1.2598684954850146,
        6.962969802208951,
        5.512498939150628,
        6.973924617466731,
        2.211400799055497,
        6.255356750714607,
        4.1114127586523095,
        0.7073591941055887,
        4.4609221923125375,
        2.817150154968346,
        5.917651611650765,
        5.311612916661316,
        1.149455012822902,
        2.152315852648793,
        4.691772149203646,
        3.0022315654335725,
        0.3619863983291866,
        3.406611247924917
      ]
    ],
    "vqe2_time": [
      5.441973447799683,
      10.500049114227295,
      12.082535982131958
    ],
    "solution_vector": [
      0,
      0,
      0,
      0,
      1,
      1,
      1,
      1
    ],
    "solution_min_energy": -137.6448509320207,
    "solution_time": 0.02143692970275879,
    "matrix_size": 8,
    "qubo_matrix": [
      [
        -32.19604348675713,
        4.283406989786769,
        8.566813979573539,
        2.1417034948933846,
        2.1417005182523168,
        4.2834010365046336,
        8.566802073009267,
        2.1417005182523168
      ],
      [
        4.283406989786769,
        -60.108679983727484,
        17.133627959147077,
        4.283406989786769,
        4.2834010365046336,
        8.566802073009267,
        17.133604146018534,
        4.2834010365046336
      ],
      [
        8.566813979573539,
        17.133627959147077,
        -103.08373200830789,
        8.566813979573539,
        8.566802073009267,
        17.133604146018534,
        34.26720829203707,
        8.566802073009267
      ],
      [
        2.1417034948933846,
        4.283406989786769,
        8.566813979573539,
        -32.19604348675713,
        2.1417005182523168,
        4.2834010365046336,
        8.566802073009267,
        2.1417005182523168
      ],
      [
        2.1417005182523168,
        4.2834010365046336,
        8.566802073009267,
        2.1417005182523168,
        -32.19758153566534,
        4.283421476903644,
        8.566842953807289,
        2.141710738451822
      ],
      [
        4.2834010365046336,
        8.566802073009267,
        17.133604146018534,
        4.2834010365046336,
        4.283421476903644,
        -60.11174159442704,
        17.133685907614577,
        4.283421476903644
      ],
      [
        8.566802073009267,
        17.133604146018534,
        34.26720829203707,
        8.566802073009267,
        8.566842953807289,
        17.133685907614577,
        -103.0897972812395,
        8.566842953807289
      ],
      [
        2.1417005182523168,
        4.2834010365046336,
        8.566802073009267,
        2.1417005182523168,
        2.141710738451822,
        4.283421476903644,
        8.566842953807289,
        -32.19758153566534
      ]
    ],
    "ansatze": [
      "twolocal",
      "alternating_ry_rz",
      "random_circuit"
    ],
    "histories_energy": [
      [
        [
          -122.37852356429775,
          -120.61860534745496,
          -119.68920058488892,
          -114.80977389115849,
          -122.56565941281221,
          -121.58277417229777,
          -113.2398177231575,
          -122.49545894552577,
          -122.18631087237256,
          -122.06938187078475,
          -120.66184941096793,
          -118.05748243581127,
          -122.21555116064681,
          -122.22902164891426,
          -121.70567023594731,
          -121.19660881639493,
          -123.35440777622532,
          -123.19905495165706,
          -119.07104006251964,
          -121.2920987811198,
          -124.65896015766819,
          -124.56372576663387,
          -125.19372342930663,
          -126.22980540234967,
          -126.3195073312142,
          -127.11179989148734,
          -127.40269456418395,
          -127.29643267439917,
          -126.4730271382835,
          -126.53285692686396,
          -127.5462443670244,
          -127.09399808384154,
          -126.66333854829674,
          -123.64838940407537,
          -124.68247762119333,
          -120.96600089164929,
          -126.79352861055135,
          -123.92622185716678,
          -127.12084410485402,
          -122.99730324326939,
          -127.01451483375382,
          -125.12009101788878,
          -126.76541197906393,
          -128.37503315305634,
          -126.9173083604921,
          -126.60895237743361,
          -127.01094749306198,
          -122.89758150355682,
          -127.95163209410202,
          -126.14821692623038,
          -126.3280853676148,
          -126.51688283171863,
          -127.42800204041899,
          -128.20460098962425,
          -126.93694946847941,
          -127.22444983239504,
          -128.39443165583364,
          -126.08809681854635,
          -128.35460723886732,
          -127.14929433495361,
          -126.67647551817018,
          -123.36549112086828,
          -128.7404713695994,
          -126.84517472079729,
          -130.10171137817792,
          -130.80639753844972,
          -130.78664293889503,
          -129.9429169718519,
          -128.44960162564237,
          -130.6624867511226,
          -128.47751655020602,
          -130.57157651969845,
          -130.95284156153443,
          -129.92699464951417,
          -129.68499470535977,
          -129.91285012610695,
          -131.2798433379431,
          -131.48794160796916,
          -129.24626519271786,
          -130.64974814045044
        ]
      ],
      [
        [
          -118.01273801394224,
          -119.22280262664498,
          -114.64110474775754,
          -118.57823340244107,
          -118.9698837570439,
          -120.65326259903952,
          -115.66663962883881,
          -118.22136497009782,
          -118.19840876352774,
          -117.06426345032278,
          -119.59530838590453,
          -118.32006445047642,
          -118.07897132873603,
          -118.20269811382708,
          -112.75779896659336,
          -120.22052381185105,
          -118.69636121737314,
          -117.59426894892864,
          -115.3187899330429,
          -118.83182356538634,
          -118.83485123039553,
          -117.38573320313256,
          -115.19806476651728,
          -120.33164180722778,
          -118.46149988365693,
          -116.47883432218102,
          -119.61132179523726,
          -118.46793527248603,
          -119.01654241665796,
          -117.77830459797994,
          -119.21314513144796,
          -118.42218806990876,
