[
  {
    "vqe2_energy": [
      -230439.40532275027,
      -117091.44455559131,
      -210084.33458362144
    ],
    "vqe2_vector": [
      [
        1,
        1,
        0,
        0,
        1,
        0,
        1,
        0,
        0,
        0,
        1,
        0,
        0,
        1,
        0,
        0
      ],
      [
        1,
        1,
        1,
        0,
        0,
        0,
        0,
        1,
        0,
        1,
        1,
        1,
        1,
        0,
        0,
        0
      ],
      [
        0,
        0,
        1,
        0,
        1,
        1,
        0,
        1,
        0,
        0,
        1,
        0,
        0,
        1,
        0,
        0
      ]
    ],
    "vqe2_min_error": [
      0.49458511580593445,
      49.43906076491057,
      9.284053028454519
    ],
    "vqe2_params": [
      [
        3.743153423458064,
        4.635459234489578,
        1.5132607103831308,
        6.376600661556577,
        4.1882202384325575,
        6.123482438444425,
        5.152149417694545,
        2.1759927186735393,
        1.5678401688274788,
        5.550735580432841,
        1.6937819506166703,
        2.8654224209567927,
        3.2302921983817727,
        4.8750862065925835,
        3.9595013775301506,
        2.262479244795808,
        0.7090398929257521,
        6.096096966334064,
        -0.25771677927956527,
        2.363412713968412,
        1.513529274523265,
        0.7301049708288031,
        6.075552500178755,
        0.2516131930812733,
        6.867329235065245,
        6.239261070410428,
        2.8622807740726914,
        -0.04579744143545876,
        5.290399524059664,
        3.629453409503725,
        1.519266504051133,
        5.392060913795318,
        4.394781273852359,
        2.757180322013577,
        5.130979041280614,
        0.1269333708210055,
        3.3859316671833297,
        3.436820360476791,
        6.224162113328728,
        3.258853975956087,
        3.13063097540959,
        3.095612045339351,
        4.787391255528461,
        5.32076779663556,
        3.033328125386699,
        4.099961217146461,
        5.7002622899261794,
        1.0494110405238832,
        3.90182575582923,
        2.886232386556005,
        1.6957673958315158,
        1.6467467906538815,
        3.4910147186659137,
        2.0906589025645492,
        5.651727208625181,
        5.566848153987719,
        5.107413565314569,
        2.5346465666909443,
        0.5230819938193113,
        5.456022878833496,
        4.7381490927559975,
        4.454473258368299,
        1.0880327909444656,
        1.858241935140065
      ],
      [
        0.38366361821449363,
        3.0783068710888686,
        4.616000392674021,
        0.7386591267764,
        4.9263949697427805,
        1.2351348227003018,
        5.07593417735175,
        1.2190157182229586,
        3.834939303979384,
        4.761550295995509,
        0.08218381617585041,
        6.154279575402225,
        0.42476376730810433,
        5.205000252156629,
        2.783821491996272,
        1.2842276173778673,
        4.858725248594986,
        3.570349750104046,
        5.241075086944206,
        5.638881646777198,
        2.4532903645304023,
        3.734087304740246,
        3.6767183003528694,
        5.859912666226649,
        3.7297094669255535,
        4.00980918312537,
        3.0770861953563142,
        2.7220700316898436,
        2.1419582429953903,
        1.4325507970737803,
        1.9599338748987025,
        5.541968629239981,
        3.8193132865734123,
        1.2563636822967321,
        2.9276887234036764,
        3.4459287128241503,
        5.555930481830791,
        0.9201123697098581,
        2.293160801361872,
        5.720867322280806,
        2.415038015241443,
        3.9103408735333645,
        1.8354494157111543,
        1.6761301492099892,
        4.558886962802414,
        0.9891147906305702,
        2.656362042405677,
        5.100428466543136,
        5.839248305412608,
        2.830457107426044,
        1.9440212359818307,
        2.7907281648122013,
        1.6974065885114649,
        3.055595536876772,
        5.244782251617247,
        3.519219331376086,
        0.1631883983498875,
        1.5068224606183884,
        2.3850785988574783,
        2.565630217418289,
        5.6056795790391085,
        0.34123546512077624,
        1.7901098094275156,
        5.742380181698466,
        4.603616636111689,
        5.783467767057107,
        2.2756008355207182,
        0.9951499711817354,
        2.998870222028779,
        4.237846562901022,
        5.900133629672379,
        4.297125586376682,
        5.058303850899122,
        4.405808397402765,
        6.042997157998624,
        0.212284134987145,
        4.636782383669094,
        3.4160650751320922,
        1.1807081816996188,
        5.5975567282154435,
        0.9714369470104361,
        5.686738811300949,
        5.440926799459421,
        1.3372293002481432,
        1.0548656161808028,
        0.2969971930597626,
        1.9538526446080227,
        5.881590624261852,
        0.1820634497806201,
        0.9399581053394966,
        4.9632607899690475,
        0.8793376767102268,
        3.1277656701206107,
        5.309835193822155,
        0.40127079042446934,
        2.547237314170469
      ],
      [
        3.8395409538598075,
        5.965970732243187,
        5.630841426067262,
        3.716614444640334,
        0.6791652825160455,
        4.719968507382376,
        1.9293134865132326,
        2.048632654369195,
        1.5082237668301377,
        1.6035247176282361,
        7.119832724798547,
        5.201736332331439,
        3.881179280358341,
        4.627394367062216,
        4.401536766683544,
        4.98043595367934,
        2.3930775020097963,
        3.7660963345872167,
        1.7066834710962282,
        4.21528364362856,
        5.603856912107002,
        3.303503774704821,
        0.3237530668636598,
        2.5122625107278806,
        2.481731084394001,
        1.5405735681150479,
        4.959633300085444,
        1.5674882618602317,
        3.203096379247586,
        -0.046406618076066976,
        3.3284292682193373,
        2.841237428711334,
        4.8210178142287745,
        3.408167694088859,
        5.565644472812486,
        0.6858875792710454,
        0.0001771046913645498,
        1.634384401591461,
        4.44162555913203,
        5.819600199270684,
        5.135402843193911,
        4.239257334885668,
        2.0942916803297527,
        3.114514505365517,
        3.3026233414082364,
        2.0999384766752396,
        3.824071636666461,
        5.983775236382113,
        2.642481112406499,
        0.8602435739522788,
        5.713636381926233,
        5.0870684507082515,
        1.1610921208531488,
        3.738984075322217,
        0.35521773688971586,
        2.4559217950982877,
        5.8623738670571495,
        2.453003452479605,
        1.2625679851111558,
        3.9411356458759963,
        5.107281904014366,
        0.939595341235941,
        2.8971924329131653,
        5.670997552117512,
        1.3561891746050898,
        4.422743706055486,
        0.9874122517860852,
        3.9793765441667044,
        3.7945174530917787,
        4.549418540533508,
        1.1969861747852837,
        0.8331461374383529,
        1.7411691387206627,
        5.074990726838639,
        1.7680760396716264,
        4.797705127361878,
        0.6530534611867981,
        1.4023628573238553,
        3.524028581375576,
        3.7924105458018498,
        2.789656013108167,
        2.2265177641785865,
        0.18578881466096414,
        1.2951196810048855,
        5.600214895572489,
        6.4478149721987625,
        0.18963396072407812,
        6.0944452303326,
        4.057139825616237,
        4.57607535449073,
        4.461250805842905,
        5.489943055845586,
        1.6516577687248695,
        6.113879192967283,
        5.657550502330567,
        1.2573586152542877,
        2.0210467762745115,
        2.4429063478626847,
        3.669692158876497,
        2.7868319896315557,
        0.8794647813134269,
        3.619489867901676,
        2.1538323274420597,
        4.198715718144313,
        3.641346379261855,
        5.602404223190235,
        5.609252156600842,
        5.240105722800176,
        2.6948405016900567,
        1.8568013283005746,
        5.991150942188344,
        4.054945028706607,
        0.9893244725141366,
        6.208433289871711,
        4.635324074306139,
        0.2671352007320526,
        4.334425978186983,
        1.3589518251210164,
        2.490056992558209,
        4.989537919987361,
        2.4951954119882247,
        5.7717109515822935,
        0.06212643321869357,
        1.5715483109499622,
        3.6616921360086723,
        3.789253139853851,
        0.7726544118983739,
        1.3929652043723597,
        1.3204753539178469,
        2.133086695364178,
        0.06250060881765532,
        0.797921800440985,
        2.971921868612613,
        2.7133419566386148,
        5.273768197394767,
        5.566815825548082,
        6.1995547100477655,
        5.379902909284729,
        0.025324686654496942,
        0.2324269489137597,
        1.522811134986213,
        2.7216682909346415,
        3.514784647862806,
        1.1620827694422102
      ]
    ],
    "vqe2_time": [
      237.87446689605713,
      312.4674174785614,
      379.18897819519043
    ],
    "solution_vector": [
      0,
      0,
      0,
      0,
      0,
      0,
      1,
      1,
      0,
      1,
      1,
      1,
      1,
      1,
      0,
      1
    ],
    "solution_min_energy": -231584.78922070644,
    "solution_time": 0.02536940574645996,
    "matrix_size": 16,
    "qubo_matrix": [
      [
        -3604.325869187243,
        28.268826195819113,
        56.537652391638225,
        113.07530478327645,
        226.1506095665529,
        452.3012191331058,
        904.6024382662116,
        14.134413097909556,
        14.1344130972013,
        28.2688261944026,
        56.5376523888052,
        113.0753047776104,
        226.1506095552208,
        452.3012191104416,
        904.6024382208832,
        14.1344130972013
      ],
      [
        28.268826195819113,
        -7180.382912178667,
        113.07530478327645,
        226.1506095665529,
        452.3012191331058,
        904.6024382662116,
        1809.2048765324232,
        28.268826195819113,
        28.2688261944026,
        56.5376523888052,
        113.0753047776104,
        226.1506095552208,
        452.3012191104416,
        904.6024382208832,
        1809.2048764417664,
        28.2688261944026
      ],
      [
        56.537652391638225,
        113.07530478327645,
        -14247.690519574056,
        452.3012191331058,
        904.6024382662116,
        1809.2048765324232,
        3618.4097530648464,
        56.537652391638225,
        56.5376523888052,
        113.0753047776104,
        226.1506095552208,
        452.3012191104416,
        904.6024382208832,
        1809.2048764417664,
        3618.4097528835327,
        56.5376523888052
      ],
      [
        113.07530478327645,
        226.1506095665529,
        452.3012191331058,
        -28043.07982001501,
        1809.2048765324232,
        3618.4097530648464,
        7236.819506129693,
        113.07530478327645,
        113.0753047776104,
        226.1506095552208,
        452.3012191104416,
        904.6024382208832,
        1809.2048764417664,
        3618.4097528835327,
        7236.8195057670655,
        113.0753047776104
      ],
      [
        226.1506095665529,
        452.3012191331058,
        904.6024382662116,
        1809.2048765324232,
        -54276.9547634976,
        7236.819506129693,
        14473.639012259386,
        226.1506095665529,
        226.1506095552208,
        452.3012191104416,
        904.6024382208832,
        1809.2048764417664,
        3618.4097528835327,
        7236.8195057670655,
        14473.639011534131,
        226.1506095552208
      ],
      [
        452.3012191331058,
        904.6024382662116,
        1809.2048765324232,
        3618.4097530648464,
        7236.819506129693,
        -101317.0900208655,
        28947.27802451877,
        452.3012191331058,
        452.3012191104416,
        904.6024382208832,
        1809.2048764417664,
        3618.4097528835327,
        7236.8195057670655,
        14473.639011534131,
        28947.278023068262,
        452.3012191104416
      ],
      [
        904.6024382662116,
        1809.2048765324232,
        3618.4097530648464,
        7236.819506129693,
        14473.639012259386,
        28947.27802451877,
        -173686.9020172122,
        904.6024382662116,
        904.6024382208832,
        1809.2048764417664,
        3618.4097528835327,
        7236.8195057670655,
        14473.639011534131,
        28947.278023068262,
        57894.556046136524,
        904.6024382208832
      ],
      [
        14.134413097909556,
        28.268826195819113,
        56.537652391638225,
        113.07530478327645,
        226.1506095665529,
        452.3012191331058,
        904.6024382662116,
        -3604.325869187243,
        14.1344130972013,
        28.2688261944026,
        56.5376523888052,
        113.0753047776104,
        226.1506095552208,
        452.3012191104416,
        904.6024382208832,
        14.1344130972013
      ],
      [
        14.1344130972013,
        28.2688261944026,
        56.5376523888052,
        113.0753047776104,
        226.1506095552208,
        452.3012191104416,
        904.6024382208832,
        14.1344130972013,
        -3604.3274144608463,
        28.26882623354598,
        56.53765246709196,
        113.07530493418392,
        226.15060986836784,
        452.3012197367357,
        904.6024394734713,
        14.13441311677299
      ],
      [
        28.2688261944026,
        56.5376523888052,
        113.0753047776104,
        226.1506095552208,
        452.3012191104416,
        904.6024382208832,
        1809.2048764417664,
        28.2688261944026,
        28.26882623354598,
        -7180.386002688147,
        113.07530493418392,
        226.15060986836784,
        452.3012197367357,
        904.6024394734713,
        1809.2048789469427,
        28.26882623354598
      ],
      [
        56.5376523888052,
        113.0753047776104,
        226.1506095552208,
        452.3012191104416,
        904.6024382208832,
        1809.2048764417664,
        3618.4097528835327,
        56.5376523888052,
        56.53765246709196,
        113.07530493418392,
        -14247.69670044211,
        452.3012197367357,
        904.6024394734713,
        1809.2048789469427,
        3618.4097578938854,
        56.53765246709196
      ],
      [
        113.0753047776104,
        226.1506095552208,
        452.3012191104416,
        904.6024382208832,
        1809.2048764417664,
        3618.4097528835327,
        7236.8195057670655,
        113.0753047776104,
        113.07530493418392,
        226.15060986836784,
        452.3012197367357,
        -28043.092181147484,
        1809.2048789469427,
        3618.4097578938854,
        7236.819515787771,
        113.07530493418392
      ],
      [
        226.1506095552208,
        452.3012191104416,
        904.6024382208832,
        1809.2048764417664,
        3618.4097528835327,
        7236.8195057670655,
        14473.639011534131,
        226.1506095552208,
        226.15060986836784,
        452.3012197367357,
        904.6024394734713,
        1809.2048789469427,
        -54276.97948334803,
        7236.819515787771,
        14473.639031575542,
        226.15060986836784
      ],
      [
        452.3012191104416,
        904.6024382208832,
        1809.2048764417664,
        3618.4097528835327,
        7236.8195057670655,
        14473.639011534131,
        28947.278023068262,
        452.3012191104416,
        452.3012197367357,
        904.6024394734713,
        1809.2048789469427,
        3618.4097578938854,
        7236.819515787771,
        -101317.13945090827,
        28947.278063151083,
        452.3012197367357
      ],
      [
        904.6024382208832,
        1809.2048764417664,
        3618.4097528835327,
        7236.8195057670655,
        14473.639011534131,
        28947.278023068262,
        57894.556046136524,
        904.6024382208832,
        904.6024394734713,
        1809.2048789469427,
        3618.4097578938854,
        7236.819515787771,
        14473.639031575542,
        28947.278063151083,
        -173687.00083866547,
        904.6024394734713
      ],
      [
        14.1344130972013,
        28.2688261944026,
        56.5376523888052,
        113.0753047776104,
        226.1506095552208,
        452.3012191104416,
        904.6024382208832,
        14.1344130972013,
        14.13441311677299,
        28.26882623354598,
        56.53765246709196,
        113.07530493418392,
        226.15060986836784,
        452.3012197367357,
        904.6024394734713,
        -3604.3274144608463
      ]
    ],
    "ansatze": [
      "twolocal",
      "alternating_ry_rz",
      "random_circuit"
    ],
    "histories_energy": [
      [
        [
          -198015.7800065246,
          -193265.85987284523,
          -200993.3244288618,
          -197653.97114300897,
          -203956.30866682404,
          -204718.33250673255,
          -204100.8938151562,
          -203545.95959961426,
          -202091.08966899497,
          -199832.90543428683,
          -207419.35708958126,
          -210599.37888316897,
          -211072.14505077724,
          -208700.53100208583,
          -210659.27962864147,
          -210240.08340539856,
          -211392.6548543068,
          -209630.9696554439,
          -210069.56944226133,
          -206114.04416061335,
          -211410.7970340897,
          -210705.62043575913,
          -210621.16006373725,
          -210854.50096529725,
          -210893.71090812795,
          -211757.71287423163,
          -212067.04048689528,
          -214054.8024888137,
          -211564.29168944733,
          -212121.028969292,
          -213207.83890071104,
          -211837.82561051653,
          -213558.63877951677,
          -214271.93094315293,
          -212384.97961218044,
          -208271.61184466112,
          -208480.02632354372,
          -211598.42332543575,
          -213574.5328821329,
          -211992.1464839712,
          -212303.63239949069,
          -213220.06619356494,
          -204684.80225214257,
          -205277.12049472067,
          -212089.76023993103,
          -210002.80821289765,
          -211542.41868481578,
          -212299.96309386168,
          -213863.50279197993,
          -211977.1647869971,
          -212378.95780564446,
          -212945.99372787378,
          -212093.2308243797,
          -211650.3973610259,
          -213696.06918512678,
          -211781.5959438982,
          -212755.36732224,
          -213036.86734892658,
          -213100.66039869754,
          -212811.59901789817,
          -211945.49788332148,
          -213011.64420933614,
          -212723.0927176799,
          -210524.38026061593,
          -213017.32372726387,
          -217801.90752092766,
          -210653.47288835744,
          -214510.38876758437,
          -208472.5337696753,
          -218266.80985962064,
          -217883.7446964013,
          -217272.165784589,
          -218909.82023927392,
          -217482.43994809012,
          -217000.2042283967,
          -218907.9227816517,
          -219100.4880865782,
          -219449.52705974187,
          -212155.08857766417,
          -216619.91391709849,
          -216292.78094350392,
          -217774.88568518314,
          -218727.36917158953,
          -217827.1345126966,
          -217306.54354478032,
          -217816.16407245173,
          -218197.59120415925,
          -218289.40454269905,
          -218643.15157282853,
          -217909.968979475,
          -218591.15640713045,
          -218281.5876204064,
          -217722.51765852125,
          -219237.8215441862,
          -218179.84900626302,
          -219246.58637032495,
          -220305.01573272015,
          -217626.12009786253,
          -211335.63178375852,
          -219560.49113667224,
          -220189.60241724894,
          -217328.99331267356,
          -216921.6424421328,
          -218306.56592166706,
          -219779.86381295277,
          -218379.91712680896,
          -218841.5745185368,
          -218865.91115614786,
          -218255.16936769837,
          -217592.16891879914,
          -220552.38919534357,
          -219003.87298221857,
          -219482.46473661644,
          -220431.35865100013,
          -219266.64882186818,
          -215574.9188137903,
          -223072.0822480692,
          -222921.47574386673,
          -223784.4115532943,
          -222811.00083162487,
          -223548.84938140077,
          -224037.32310220104,
          -223621.06413659072,
          -223109.7323454841,
          -223771.056206004,
          -223290.69260208917,
          -223788.83974305322,
          -223283.60708051396,
          -222678.98182270685,
          -223107.50480677397,
          -220736.31317306342,
          -222724.12084000258,
          -214539.38824659947,
          -220029.79389257298,
          -218545.39137374944,
          -223380.11880665307,
          -222277.54291144217,
          -224461.1925865935,
          -223863.05560017587,
          -223541.56022605163,
          -223727.8636472013,
          -223672.72096687744,
          -218377.81602892186,
          -223804.8065829098,
          -223492.10658053198,
          -223604.14287609505,
          -223665.7267421518,
          -224584.67092999342,
          -223791.2892654781,
          -224298.40078456624,
          -223420.171335714,
          -221990.6302323846,
          -224211.36351375512,
          -224036.32833896618,
          -223182.95633350426,
          -223495.33815211136,
          -224220.6429377309,
          -221340.95460309973,
          -224186.74958581018,
          -223778.5933583054
        ]
      ],
      [
        [
          -197124.81273954088,
          -195802.29356336885,
          -192964.87088771974,
          -193479.13905215182,
          -192101.96831504363,
          -195035.61135358384,
          -194284.44394907748,
          -194802.6981572962,
          -197019.18205210636,
          -194914.1150942645,
          -196560.08776431053,
          -196870.89750794432,
          -197558.99940877024,
          -192621.62441633234,
          -194869.34929834338,
          -192470.99305181974,
          -195736.9107139088,
          -191663.34188422843,
          -196214.91101751025,
          -194568.4520440733,
          -192481.78593526356,
          -190694.05506554563,
          -197318.49421648603,
          -192340.69131018838,
          -195027.06330183434,
          -195788.87944345293,
          -192290.89148027674,
          -195829.18084711957,
          -194426.1539848768,
          -195530.17488435205,
          -194095.9393574619,
          -196219.22797653844,
          -198413.4477341189,
          -193846.7442678715,
          -198254.37096440533,
          -195095.75035359224,
          -191239.6784857083,
          -193191.2078098202,
          -193394.51400013093,
          -195191.2991283832,
          -196432.5057564945,
          -194656.42335582746,
          -192532.06071382985,
          -191854.89583682033,
          -192508.52903459079,
          -195224.63377153577,
          -193736.05061011313,
          -195965.67620091478,
          -194983.1062376574,
          -198319.15704103312,
          -196407.3991860193,
          -194561.62387511515,
          -194372.9568367019,
          -197764.28179318603,
          -193595.25780160347,
          -195723.75791199427,
          -193477.47210465078,
          -195741.85427731613,
          -193392.1832262473,
          -195837.55745546386,
          -196533.77224462727,
          -195956.82067040278,
          -194471.58411499768,
          -193095.2335647769,
          -194949.67060774102,
          -193456.86033841508,
          -195718.2976923713,
          -195307.52533898133,
          -192560.98002956368,
          -195670.99277341695,
          -194268.87805232004,
          -194163.56326301434,
          -194613.85010188186,
          -194223.8869988516,
          -194962.26903907754,
          -196428.96800944427,
          -195414.98856393827,
          -195435.17036507034,
          -194165.62434195585,
          -196487.17082570752,
          -193901.7742371933,
          -196330.71702072688,
          -196406.97678786653,
          -195363.2067240889,
          -195103.14920471876,
          -196346.13130773467,
          -193468.15311693115,
          -194145.24401370736,
          -195275.51782595896,
          -194408.67577038292,
          -194865.2160892934,
          -193155.0214802588,
          -196348.4309435792,
          -193867.95816467097,
          -195478.83522515325,
          -193432.03833838273,
          -196353.45636437164,
          -192785.57541401623,
          -197782.29062769873,
          -191637.14663242118,
          -195316.58440971232,
          -195185.43972959917,
          -193832.0046670892,
          -195394.40071987445,
          -194054.95651356463,
          -194820.98401845866,
          -196184.036221616,
          -194120.18690237106,
          -192663.93353028296,
          -193425.31285234904,
          -195131.92105016467,
          -194424.3169592888,
          -194301.0548246663,
          -194398.48747295112,
          -195218.6145473609,
          -195323.35865374413,
          -196682.58676294977,
          -191933.12347098536,
          -194007.98772401438,
          -195681.21111508866,
          -195527.9824982318,
          -195352.8259635134,
          -195731.86940813166,
          -191459.02909866127,
          -195880.83050741573,
          -193924.85907923902,
          -195935.44711295876,
          -195959.3961369758,
          -191608.49086156255,
          -195923.59005731245,
          -195827.89087307508,
          -193977.35131145062,
          -196374.07562714626,
          -196636.53441139107,
          -196264.32712826596,
          -193291.19517496138,
          -193227.719337104,
          -196706.20910789285,
          -196015.96601002768,
          -192524.54903412925,
          -195412.56620284155,
          -197054.59778165727,
          -196075.22592074526,
          -191967.7589285958,
          -192903.98464330015,
          -195359.60641196117,
          -195747.17434240703,
          -195156.94743717022,
          -194406.8469728881,
          -195947.18460798825,
          -197863.7955245088,
          -197424.86811226577,
          -195438.5920303076,
          -194742.04611590647,
          -192865.89164506024,
          -195330.5696157793,
          -192832.54724285819,
          -193985.51774258207,
          -193863.9987424523,
          -194959.73792865724
        ]
      ],
      [
        [
          -191626.30615728907,
          -187063.33279606045,
          -190128.81137062272,
          -189842.52155612057,
          -195911.31414054817,
          -193692.04171787624,
          -195675.89697191535,
          -194363.8841571145,
          -196103.1248296193,
          -195106.89911947562,
          -195733.2430107664,
          -196777.97259698113,
          -191621.3051056041,
          -194748.58080892797,
          -195125.712193486,
          -193329.99003244424,
          -194674.1987564589,
          -194986.16646602686,
          -193794.27510302942,
          -199343.21649151808,
          -194352.34779969955,
          -195051.46681477435,
          -195774.24244780446,
          -197488.20560374865,
          -198260.68412997993,
          -193860.5696919761,
          -194159.30470763735,
          -197745.93169928435,
          -185333.0708983088,
          -197112.24967327638,
          -197293.28617349564,
          -195759.08727804077,
          -198477.39904408972,
          -196317.77765184353,
          -195775.5268377393,
          -190825.09739208396,
          -196856.970464707,
          -198322.5779797947,
          -196755.16850352014,
          -198774.22128740154,
          -198854.637903015,
          -197671.12150187482,
          -191739.52100009826,
          -198798.7182544004,
          -192906.3569048991,
          -196080.89506894557,
          -196527.75347763658,
          -197030.95418666344,
          -194565.95473548572,
          -196114.47628032195,
          -195174.2726351074,
          -197999.58217345932,
          -194977.30394756218,
          -196336.29509320404,
          -197036.81550026167,
          -198966.9901801732,
          -198337.99450689106,
          -196307.82869163933,
          -195356.66890819604,
          -195439.7380056618,
          -195386.30490773087,
          -194704.41611752546,
          -195084.6438283806,
          -199225.17743668277,
          -197300.67690445008,
          -198650.72469892065,
          -199269.81452450086,
          -195762.1314280312,
          -196127.40319447365,
          -196244.35464992365,
          -198740.35355962417,
          -196165.76447362223,
          -195101.5466453349,
          -197479.43491915835,
          -198985.5009502674,
          -195825.56031538986,
          -197274.77082572586,
          -195132.98093514144,
          -194717.07957980692,
          -195787.2863037334,
          -199070.73174780712,
          -197868.022981275,
          -194891.66670308117,
          -198282.0340175717,
          -198963.69959624717,
          -194553.64333094694,
          -199525.38885538018,
          -196720.80334559872,
          -197571.88856158176,
          -195601.35128535787,
          -195843.0231749159,
          -197273.28622850776,
          -197292.33902233688,
          -197402.7769101842,
          -197870.48622170105,
          -194673.7863248713,
          -197552.8327386384,
          -197776.35917400412,
          -196050.15776662997,
          -197980.545787212,
          -198220.4743915599,
          -194461.3796322646,
          -198525.05589081068,
          -196568.05448227318,
          -198456.2947970815,
          -198031.53014847977,
          -196674.07450522494,
          -197244.9067736762,
          -198347.0538815546,
          -195861.84866932212,
          -194188.3212125918,
          -198989.42187738704,
          -199358.48754237365,
          -194738.6566669463,
          -199672.71047461295,
          -199075.52670792482,
          -195541.94610239533,
          -197712.6832395385,
          -193764.30040946996,
          -195896.67420691552,
          -196783.50136523892,
          -197832.11175281758,
          -194737.56407797703,
          -197327.42915407845,
          -197751.731331174,
          -195081.73638911624,
          -197793.8887274332,
          -197581.49979859815,
          -197300.22112908584,
          -198599.76008949758,
          -199477.7196934817,
          -197498.8463124118,
          -197121.1478384896,
          -196651.5766185124,
          -193672.00940056512,
          -198570.3007106403,
          -196087.23711097403,
          -198766.51035636393,
          -196949.27289972297,
          -196733.1744234748,
          -197871.90129637264,
          -196149.88778282498,
          -197380.17857293918,
          -197117.65057667097,
          -195768.45917496513,
          -201108.59621088672,
          -198185.86178358196,
          -191440.53290596875,
          -200503.7478858157,
          -192125.53872677335,
          -195612.7187041309,
          -191528.16772704307,
          -199640.27031196636,
          -193512.28635781675,
          -200309.68819150588,
          -196863.29993762926,
          -195962.4972818084,
          -197993.760983141,
          -192929.3442830301,
          -198421.3334979632
        ]
      ]
    ]
  },
  {
    "vqe2_energy": [
      -296266.81677787856,
      -303927.90570921573,
      -309378.8715210056
    ],
    "vqe2_vector": [
      [
        0,
        0,
        0,
        0,
        0,
        0,
        1,
        0,
        1,
        1,
        0,
        1,
        1,
        0,
        1,
        0
      ],
      [
        0,
        0,
        0,
        0,
        0,
        1,
        0,
        1,
        0,
        0,
        1,
        1,
        0,
        0,
        1,
        1
      ],
      [
        0,
        0,
        0,
        1,
        0,
        1,
        0,
        0,
        0,
        1,
        0,
        0,
        1,
        0,
        1,
        0
      ]
    ],
    "vqe2_min_error": [
      4.448724592020936,
      1.9778882480639748,
      0.21985560307725693
    ],
    "vqe2_params": [
      [
        3.3557087217397434,
        0.332724750781745,
        3.833218872856233,
        3.310056372203933,
        1.1493923736888223,
        1.791697400124383,
        3.1784614787902505,
        3.439234749495329,
        2.917811266500254,
        4.436308041426622,
        4.47320665726505,
        2.9971007594283976,
        3.2273164634220586,
        3.503629928031619,
        1.3249795367873884,
        3.6925663203729986,
        1.8994120244287465,
        5.594292014839155,
        0.232431179362932,
        3.5550131925834045,
        1.2494790641918823,
        6.361088029143687,
        4.772625633570919,
        4.955010697163919,
        0.007298834443497641,
        1.4880061719530495,
        7.336970548905989,
        6.357242776193627,
        0.8569745693338557,
        4.3527447061931355,
        3.147403104191987,
        0.444071018441561,
        2.4527682156595856,
        3.0091331045181975,
        4.0179611666644295,
        4.578496056954824,
        1.7070860877880034,
        1.4556449623738825,
        5.355319489800224,
        5.092354154953312,
        3.228464394685124,
        2.0385358153943183,
        4.715182480218617,
        3.6422768051527514,
        1.9810222429052506,
        4.03709622145535,
        2.9510339401570786,
        3.3664542478935773,
        6.097595829961552,
        4.087256062598377,
        2.533228472509644,
        0.7240245771619189,
        5.543119139682039,
        4.887120627004765,
        2.8111868354662835,
        4.347746049239281,
        4.567173943302303,
        3.6219261519644568,
        6.0833061030179625,
        4.681717190533482,
        0.8077578744351246,
        3.0074465208859293,
        5.984937828367061,
        3.4396822490815966
      ],
      [
        4.83227622505173,
        3.201386332565943,
        3.815464224230427,
        3.695656186889161,
        4.552483651005212,
        1.111944130901203,
        1.7816192993694437,
        1.214413170756271,
        4.218155218086353,
        2.68329951375857,
        2.085793789069233,
        2.853939903163085,
        3.355384901130899,
        2.046975148863734,
        4.46432456780008,
        1.7926684866936335,
        1.0951548117908545,
        6.383070534908887,
        3.7304368989891468,
        3.3075592343125795,
        1.2786369031597113,
        5.183953720579631,
        3.347529000459901,
        1.1417322946933248,
        2.2152672322870437,
        2.2931990290473054,
        5.690205597492598,
        5.818069459102013,
        2.9672024076946855,
        2.9052948050966094,
        3.749080505712025,
        0.6845086691629046,
        5.514141028644691,
        6.1047395194980325,
        6.798292371881654,
        1.0963364318919706,
        2.4567109690918283,
        2.723551819490582,
        3.3176860405225077,
        3.8141026220497007,
        1.2944315795232673,
        0.5432917189974666,
        3.8796318022392406,
        4.115303302633255,
        5.465340867376988,
        1.5925628928503566,
        6.277917015543349,
        4.578582437529269,
        4.715782425269981,
        4.9178826886541795,
        3.089219415401124,
        3.0599628337181177,
        6.049055190879319,
        1.9990131371658695,
        3.154497449652844,
        2.3840751948223997,
        2.4712795098162434,
        1.0512830505507518,
        5.264393689660125,
        2.021122818037552,
        5.073231795176507,
        0.33943490426152845,
        1.2647346270176534,
        4.849369296201699,
        0.1833456080509095,
        2.35642469552358,
        2.2540281457482316,
        3.4066066278309206,
        2.955037435989096,
        6.060062417630539,
        1.666192343636845,
        1.686719996501778,
        6.240439331889458,
        3.7116154254641054,
        2.0156263960240115,
        5.3869634418547605,
        0.38183856287896667,
        4.4357014454625485,
        0.20514850948506982,
        3.4075771382272912,
        3.7218052058941447,
        5.674511627875917,
        0.14141487459373803,
        0.438411630482218,
        3.6199220016137237,
        4.368357476708859,
        3.9302044374773613,
        0.8966838960274025,
        3.084518991977154,
        6.199557811828161,
        1.6959649856430723,
        6.190960804897336,
        3.1795914550694384,
        3.276307590161036,
        0.9971724969973629,
        1.5550475423585035
      ],
      [
        -0.2253895855394719,
        1.9233477402875614,
        2.835581019826436,
        7.144715990849023,
        2.590398162637288,
        6.512061655082379,
        2.6372904901189482,
        7.236462308574869,
        1.3011858485790129,
        6.731891688784226,
        5.814758239260758,
        1.9840772733116536,
        3.5114398037286265,
        3.0215122322864767,
        5.219604279718505,
        2.565009337752324,
        0.6858500863493573,
        1.7818908678204404,
        0.05975286645723063,
        3.9687206266151422,
        2.8666431566145056,
        3.90992471436288,
        1.991551355347572,
        5.732680614862863,
        3.675608201867288,
        6.145975346599531,
        1.7944318532323007,
        5.2827201973355375,
        3.6790848671608782,
        1.9989872642981734,
        3.251534886202049,
        4.135050176457553,
        2.8512442527121733,
        0.17084225340049425,
        3.3252500241079055,
        1.761649836117183,
        2.9831804649207956,
        4.136607701437029,
        0.9382324590148122,
        5.916484144875481,
        3.805569707451661,
        0.7645165384549323,
        2.163696062688159,
        5.502862907528982,
        4.341392067530407,
        5.27365561086254,
        1.212828095718062,
        5.892474836941067,
        4.902044497155923,
        2.258468532439196,
        2.2177392170531847,
        -0.007974756680440365,
        5.253512421720026,
        0.8783092262266503,
        3.1921276669785055,
        0.3185647030596405,
        2.298405439558339,
        2.6943691215431467,
        5.657235943908867,
        4.643000948672159,
        -0.012753584734351054,
        6.215534349198685,
        3.724664069436712,
        4.0923456617158,
        4.861738689139528,
        3.7664999697101673,
        4.425598416152572,
        2.652773123084639,
        5.849953980126491,
        3.012691399751308,
        4.385116983714951,
        0.9691041487732914,
        4.871308633460559,
        4.730757804408898,
        3.3241940377093364,
        0.950772494685159,
        0.624402101167916,
        2.380521516325281,
        0.5261854447114711,
        0.37719468585414284,
        2.4950756851674036,
        2.041601903999929,
        4.443636176925673,
        1.0970082266434256,
        3.3195497983312494,
        3.7384783478078183,
        0.8449996217066912,
        -0.09106942570008325,
        3.8184587426994137,
        1.0909969808814441,
        0.9305518152575096,
        5.728736809586494,
        3.292311503190708,
        1.6665423159634523,
        5.944684821423245,
        3.494404104717181,
        0.43009256490450626,
        1.1045653599351148,
        5.944643400718362,
        4.5079614857966765,
        2.4621961705301154,
