[
  {
    "vqe2_energy": [
      -165.71364055157773,
      -144.5330304856182,
      -126.11285853911087
    ],
    "vqe2_vector": [
      [
        0,
        1,
        0,
        1,
        0,
        0,
        0,
        1,
        0,
        1,
        0,
        0,
        1,
        1,
        0,
        0
      ],
      [
        1,
        0,
        0,
        0,
        0,
        0,
        1,
        0,
        0,
        0,
        0,
        0,
        0,
        0,
        0,
        0
      ],
      [
        1,
        0,
        0,
        0,
        0,
        0,
        0,
        0,
        1,
        0,
        0,
        0,
        0,
        1,
        0,
        0
      ]
    ],
    "vqe2_min_error": [
      1.5339623258374457,
      14.119352048582634,
      25.064506224257254
    ],
    "vqe2_params": [
      [
        6.730192942773119,
        6.416739331070411,
        4.026300783900365,
        1.7086492930208745,
        4.864509217714481,
        3.107261676870954,
        4.307957801848403,
        1.1343876709227665,
        1.2773778846303936,
        0.0587552585385697,
        3.0460748231782038,
        2.168521469916358,
        2.0152263226174636,
        3.131783826486614,
        0.8553628682164285,
        1.475074580283567,
        0.9659927734249836,
        5.302167705781257,
        3.445196746091602,
        3.9002448072433413,
        0.7722884294308032,
        4.50839693909389,
        5.188214884230004,
        2.530675347277753,
        5.536785109354763,
        2.225333330947449,
        6.078254892135225,
        6.353159731537933,
        1.0664264703809585,
        3.8578918190858738,
        1.6992645513200084,
        4.498513972538457,
        5.213856957312032,
        -0.13483415866661735,
        1.1466278389069011,
        2.2455130207699345,
        4.923723567072908,
        3.135957826941331,
        0.4901479796438878,
        -0.006794577959957975,
        1.293612935239001,
        0.02684707450100568,
        3.0118480102614718,
        4.386880870204528,
        0.7439116125614061,
        3.1911399472971342,
        3.8522738305005717,
        2.2227372070845166,
        1.4867926614980989,
        3.870904799777169,
        1.9920484745813507,
        2.701547286027385,
        3.499120810984014,
        2.7824008777787874,
        5.167981305751709,
        5.475726998418487,
        5.440316162639276,
        5.523529200586296,
        5.698694506163097,
        2.9371451905662114,
        5.254150855327661,
        1.9488855364776456,
        2.7854009191819027,
        2.028108833529617
      ],
      [
        0.7158760136937095,
        5.408067659935482,
        2.6076708334102494,
        3.5353205655998066,
        4.4309381710403555,
        1.7239986792872908,
        6.661447380770431,
        5.895947756549075,
        5.949644803468096,
        1.2423382681629374,
        1.515366182963386,
        3.975941527107739,
        6.531553628217647,
        6.360859208265111,
        0.22079105392974668,
        3.646247825719764,
        2.4283064716719784,
        4.134715947145831,
        1.486906075199483,
        1.7100526718180848,
        2.5633511053686893,
        1.7268084473657672,
        1.2867077829466227,
        5.291238870707226,
        5.072255548222245,
        4.794890264390819,
        2.650709869391006,
        5.8737405620824665,
        1.248150561222199,
        0.5916447224167313,
        4.790574460449216,
        5.7550837984435965,
        1.8668327645727452,
        1.3722928038011257,
        4.070240390003135,
        3.3354011116090105,
        3.182708246387471,
        0.9267190101375664,
        5.517299331330174,
        1.0786236051850684,
        3.7879789924249225,
        1.4656405792432023,
        5.378331680504792,
        1.9850841935846444,
        5.411542417854884,
        5.913933677704351,
        3.885306449050456,
        6.0673717716599604,
        4.829238741786762,
        0.5733659680457086,
        -0.037087899157776855,
        3.65404138251019,
        1.7980350525909423,
        2.503377022010602,
        1.7713038499587261,
        5.880794907651056,
        1.7174743304314228,
        2.4300416931229942,
        1.5430420345181024,
        3.165210405478206,
        3.7453121436573835,
        6.028838648056943,
        4.025728803186722,
        3.8848183792533897,
        5.129680493582821,
        3.4078603145888366,
        3.211733457039971,
        4.482880699021758,
        1.2767358821613328,
        5.570181650240194,
        5.355891765414113,
        1.312090579491805,
        1.0897776042368053,
        5.627461098875815,
        5.198651278583341,
        2.2173829288416984,
        5.078957452098901,
        3.929253759506484,
        2.0960889423652507,
        2.046663541639317,
        2.6874710999011757,
        3.546751007255009,
        4.700172456418403,
        2.911385244729128,
        1.2801652186851178,
        5.0454530629444,
        5.12862696530228,
        2.338731409346825,
        2.3427243860654574,
        1.4816507404365302,
        5.649876372736852,
        0.8645326099550459,
        0.4429948505104683,
        4.535445193847233,
        5.703283431633459,
        0.6241353722995477
      ],
      [
        3.8301739831521027,
        2.428858732731936,
        5.232413570659256,
        6.292544804246945,
        2.3799346385384563,
        3.4585821258914184,
        4.694532570508216,
        5.697054342404381,
        3.8691075831402992,
        2.2044520253771993,
        1.007562703675338,
        0.5122109711859245,
        1.7723171020539783,
        2.4705709313112663,
        3.855110159560693,
        1.5985671312531728,
        2.6920837417736285,
        3.3181229104527574,
        5.874763202500848,
        3.88769480650752,
        -0.0426620961322518,
        -0.0993255144365446,
        4.768052089452878,
        0.6425116038348028,
        5.813265433382688,
        6.118999707298415,
        2.5063574268015207,
        3.13883538893886,
        3.2102169160753773,
        2.3938474585461735,
        6.7461453469295565,
        1.2251682900698997,
        2.851204921073494,
        5.617367414547791,
        5.2313507036207465,
        4.672501974934901,
        5.853532378916628,
        0.022978566369316,
        2.618673044768082,
        1.4027069426953809,
        3.882106624211528,
        5.104537023511113,
        5.083371009904068,
        3.1554300183465087,
        4.832550962221341,
        2.979004865283809,
        2.0550613575160215,
        4.593630333201007,
        0.9514823661010545,
        5.297340366310723,
        0.8362962454913627,
        1.232813579201111,
        3.463437181192649,
        0.6296355185788538,
        4.925419373098828,
        0.8385409764692007,
        1.7684554137420765,
        5.992049846641455,
        4.107644812745385,
        4.837628531842967,
        4.040714495852896,
        6.108939698508524,
        4.038089760737381,
        1.6770885184634095,
        5.5582906238401915,
        0.49665282533858657,
        0.742593221147284,
        6.468410178799155,
        1.2821819795174427,
        1.967291978088013,
        1.2250807918224549,
        1.7802150672464843,
        1.9980026959001667,
        3.715446552159038,
        1.3256986297590838,
        5.619952891978077,
        5.341899130693314,
        0.012401546047126899,
        4.2988335963302955,
        5.490563109175556,
        3.88447507984571,
        0.019528733494373576,
        5.625979541397315,
        3.0801590470174993,
        4.447320024925853,
        0.47377749941361696,
        3.926451226118047,
        2.722019234610423,
        4.909790426966307,
        5.730287042489334,
        4.250628398832124,
        1.7074398371467192,
        3.36030872173842,
        3.941078444641582,
        5.369868616165859,
        3.2486332902609,
        0.2077349332945398,
        3.1025304848490074,
        5.03387526729035,
        1.0312788802010444,
        4.561724687285131,
        5.96972983501838,
        2.39219843907368,
        1.1172098436670173,
        4.646990388470303,
        0.016455805936367016,
        2.664592378864118,
        3.3596432317130853,
        4.027114042649227,
        4.615925944715333,
        2.6123467116276253,
        5.255784315500235,
        2.354443452764689,
        2.4255821725767452,
        2.2714612583131424,
        4.4629259977076154,
        1.3759734221926396,
        4.5985545403599675,
        2.429588860790672,
        6.209510966418144,
        1.2625302105652658,
        5.713979209507219,
        2.9950214230391636,
        0.7887391100748343,
        5.662797703596492,
        1.1099783632332698,
        4.652007376023061,
        1.3012054501194628,
        6.09634775503535,
        4.163851665242187,
        1.977663865109682,
        4.349317942026386,
        1.9620109712491687,
        2.7650217440524023,
        4.091591836155302,
        1.423642561080147,
        4.543464276349501,
        5.498518208420167,
        5.618654635850296,
        5.987988423514543,
        0.6459033129363152,
        5.195965310951489,
        2.0278329961429,
        0.33100910679392404
      ]
    ],
    "vqe2_time": [
      274.58965253829956,
      244.6437692642212,
      343.1443853378296
    ],
    "solution_vector": [
      0,
      0,
      0,
      0,
      1,
      0,
      1,
      1,
      0,
      1,
      0,
      0,
      0,
      0,
      0,
      0
    ],
    "solution_min_energy": -168.29522591327031,
    "solution_time": 0.023820877075195312,
    "matrix_size": 16,
    "qubo_matrix": [
      [
        -39.398068913477154,
        5.246341943751759,
        10.492683887503517,
        2.6231709718758793,
        2.6231707905625363,
        5.246341581125073,
        10.492683162250145,
        2.6231707905625363,
        2.6231696025974425,
        5.246339205194885,
        10.49267841038977,
        2.6231696025974425,
        2.6231696449760045,
        5.246339289952009,
        10.492678579904018,
        2.6231696449760045
      ],
      [
        5.246341943751759,
        -73.54979588320255,
        20.985367775007035,
        5.246341943751759,
        5.246341581125073,
        10.492683162250145,
        20.98536632450029,
        5.246341581125073,
        5.246339205194885,
        10.49267841038977,
        20.98535682077954,
        5.246339205194885,
        5.246339289952009,
        10.492678579904018,
        20.985357159808036,
        5.246339289952009
      ],
      [
        10.492683887503517,
        20.985367775007035,
        -126.11422399139806,
        10.492683887503517,
        10.492683162250145,
        20.98536632450029,
        41.97073264900058,
        10.492683162250145,
        10.49267841038977,
        20.98535682077954,
        41.97071364155908,
        10.49267841038977,
        10.492678579904018,
        20.985357159808036,
        41.97071431961607,
        10.492678579904018
      ],
      [
        2.6231709718758793,
        5.246341943751759,
        10.492683887503517,
        -39.398068913477154,
        2.6231707905625363,
        5.246341581125073,
        10.492683162250145,
        2.6231707905625363,
        2.6231696025974425,
        5.246339205194885,
        10.49267841038977,
        2.6231696025974425,
        2.6231696449760045,
        5.246339289952009,
        10.492678579904018,
        2.6231696449760045
      ],
      [
        2.6231707905625363,
        5.246341581125073,
        10.492683162250145,
        2.6231707905625363,
        -39.39960937690485,
        5.246351601829675,
        10.49270320365935,
        2.6231758009148374,
        2.6231706234684937,
        5.2463412469369874,
        10.492682493873975,
        2.6231706234684937,
        2.623169929672706,
        5.246339859345412,
        10.492679718690823,
        2.623169929672706
      ],
      [
        5.246341581125073,
        10.492683162250145,
        20.98536632450029,
        5.246341581125073,
        5.246351601829675,
        -73.55286715198002,
        20.9854064073187,
        5.246351601829675,
        5.2463412469369874,
        10.492682493873975,
        20.98536498774795,
        5.2463412469369874,
        5.246339859345412,
        10.492679718690823,
        20.985359437381646,
        5.246339859345412
      ],
      [
        10.492683162250145,
        20.98536632450029,
        41.97073264900058,
        10.492683162250145,
        10.49270320365935,
        20.9854064073187,
        -126.12032789664134,
        10.49270320365935,
        10.492682493873975,
        20.98536498774795,
        41.9707299754959,
        10.492682493873975,
        10.492679718690823,
        20.985359437381646,
        41.97071887476329,
        10.492679718690823
      ],
      [
        2.6231707905625363,
        5.246341581125073,
        10.492683162250145,
        2.6231707905625363,
        2.6231758009148374,
        5.246351601829675,
        10.49270320365935,
        -39.39960937690485,
        2.6231706234684937,
        5.2463412469369874,
        10.492682493873975,
        2.6231706234684937,
        2.623169929672706,
        5.246339859345412,
        10.492679718690823,
        2.623169929672706
      ],
      [
        2.6231696025974425,
        5.246339205194885,
        10.49267841038977,
        2.6231696025974425,
        2.6231706234684937,
        5.2463412469369874,
        10.492682493873975,
        2.6231706234684937,
        -39.3976389452783,
        5.2463392480263735,
        10.492678496052747,
        2.6231696240131868,
        2.6231694970011317,
        5.246338994002263,
        10.492677988004527,
        2.6231694970011317
      ],
      [
        5.246339205194885,
        10.49267841038977,
        20.98535682077954,
        5.246339205194885,
        5.2463412469369874,
        10.492682493873975,
        20.98536498774795,
        5.2463412469369874,
        5.2463392480263735,
        -73.54893864253023,
        20.985356992105494,
        5.2463392480263735,
        5.246338994002263,
        10.492677988004527,
        20.985355976009053,
        5.246338994002263
      ],
      [
        10.49267841038977,
        20.98535682077954,
        41.97071364155908,
        10.49267841038977,
        10.492682493873975,
        20.98536498774795,
        41.9707299754959,
        10.492682493873975,
        10.492678496052747,
        20.985356992105494,
        -126.11252029295497,
        10.492678496052747,
        10.492677988004527,
        20.985355976009053,
        41.97071195201811,
        10.492677988004527
      ],
      [
        2.6231696025974425,
        5.246339205194885,
        10.49267841038977,
        2.6231696025974425,
        2.6231706234684937,
        5.2463412469369874,
        10.492682493873975,
        2.6231706234684937,
        2.6231696240131868,
        5.2463392480263735,
        10.492678496052747,
        -39.3976389452783,
        2.6231694970011317,
        5.246338994002263,
        10.492677988004527,
        2.6231694970011317
      ],
      [
        2.6231696449760045,
        5.246339289952009,
        10.492678579904018,
        2.6231696449760045,
        2.623169929672706,
        5.246339859345412,
        10.492679718690823,
        2.623169929672706,
        2.6231694970011317,
        5.246338994002263,
        10.492677988004527,
        2.6231694970011317,
        -39.39759270579124,
        5.2463389581236335,
        10.492677916247267,
        2.6231694790618167
      ],
      [
        5.246339289952009,
        10.492678579904018,
        20.985357159808036,
        5.246339289952009,
        5.246339859345412,
        10.492679718690823,
        20.985359437381646,
        5.246339859345412,
        5.246338994002263,
        10.492677988004527,
        20.985355976009053,
        5.246338994002263,
        5.2463389581236335,
        -73.54884645345885,
        20.985355832494534,
        5.2463389581236335
      ],
      [
        10.492678579904018,
        20.985357159808036,
        41.97071431961607,
        10.492678579904018,
        10.492679718690823,
        20.985359437381646,
        41.97071887476329,
        10.492679718690823,
        10.492677988004527,
        20.985355976009053,
        41.97071195201811,
        10.492677988004527,
        10.492677916247267,
        20.985355832494534,
        -126.11233707442315,
        10.492677916247267
      ],
      [
        2.6231696449760045,
        5.246339289952009,
        10.492678579904018,
        2.6231696449760045,
        2.623169929672706,
        5.246339859345412,
        10.492679718690823,
        2.623169929672706,
        2.6231694970011317,
        5.246338994002263,
        10.492677988004527,
        2.6231694970011317,
        2.6231694790618167,
        5.2463389581236335,
        10.492677916247267,
        -39.39759270579124
      ]
    ],
    "ansatze": [
      "twolocal",
      "alternating_ry_rz",
      "random_circuit"
    ],
    "histories_energy": [
      [
        [
          30.501160057882924,
          26.351943665071833,
          -1.318445920525581,
          1.9501275994407128,
          -30.681528450184747,
          -22.78461578814771,
          -5.853662599138537,
          -32.48452295226601,
          -18.156117237877663,
          -32.999284389414214,
          -18.493503840533222,
          -36.69268008330563,
          -33.36469127615359,
          -69.29937370721225,
          -77.01971970375091,
          -82.32227899691807,
          -81.2878418489709,
          -71.5637485652994,
          -76.1916220526898,
          -86.28014017206151,
          -84.48518715106216,
          -82.5723927411611,
          -80.37572617010831,
          -87.19863856183338,
          -90.54714971083536,
          -96.67438281285321,
          -95.26928132488275,
          -95.16921395278968,
          -96.64269811676105,
          -105.1902721815873,
          -96.23172053373756,
          -99.07197447336365,
          -95.70366147970195,
          -90.64233200480837,
          -57.53059065156518,
          -91.24022603037317,
          -92.63675356146318,
          -98.73667129926343,
          -57.69179432426711,
          -100.6080999997423,
          -99.83698633477039,
          -97.43873530406482,
          -56.30524308520512,
          -105.38930906257777,
          -102.82891006855648,
          -102.59598537408014,
          -80.92032290194484,
          -96.9461437403785,
          -99.9024550663711,
          -98.76169367687744,
          -99.33239855163225,
          -103.62171433294431,
          -104.37727029069725,
          -99.44389149215509,
          -105.46512030216292,
          -99.3269522516684,
          -102.60433935474036,
          -104.15227169547676,
          -98.4134608004026,
          -101.98343450674886,
          -97.92339731047439,
          -95.24210469187962,
          -104.09480111072016,
          -106.25600758760368,
          -103.39216202331069,
          -127.50712428211688,
          -128.38672629862268,
          -128.23603231102072,
          -130.21125911687557,
          -123.9629585940391,
          -134.01814351269945,
          -132.28876534348774,
          -106.2036634058017,
          -128.35270472475992,
          -124.01738861964985,
          -130.782943353079,
          -124.04206570987041,
          -132.10663332842716,
          -136.96648027343076,
          -132.6396154694305,
          -131.7552898062094,
          -136.63169079293525,
          -137.51146159786612,
          -134.70427159662168,
          -138.6526275026603,
          -137.02311151956042,
          -134.87156371757305,
          -137.70713015141638,
          -135.9386169800481,
          -134.7495205234534,
          -127.45834940542832,
          -140.87927152882176,
          -149.41012001801624,
          -147.22454547529816,
          -146.87041753801017,
          -146.56586199566752,
          -145.5710335856868,
          -147.5533939400882,
          -147.66006229697598,
          -145.73022840962378,
          -149.78084079277446,
          -145.05564205686824,
          -147.94838175005785,
          -150.51395750538006,
          -148.80998299193516,
          -148.8016699428252,
          -150.96254975405287,
          -147.58248271267092,
          -150.53164768390806,
          -149.60325043881886,
          -148.90358318085728,
          -148.22713317937755,
          -151.11115798748503,
          -147.93088954385132,
          -150.22659695322412,
          -148.020699003474,
          -149.86864382676768,
          -149.98270321029,
          -148.95647391097188,
          -149.01076552965122,
          -148.6421529399826,
          -149.92639191270754,
          -151.0470622166352,
          -150.07611765935022,
          -148.88247911444154,
          -150.13445033361953,
          -150.43842057940012,
          -151.6010500445608,
          -150.39528538355836,
          -150.95480693077278,
          -150.37775555019613,
          -141.54742950444157,
          -149.49321813539046,
          -153.306843257757,
          -145.35891954557292,
          -154.85468443215822,
          -154.66540754573484,
          -150.60320048233797,
          -154.20350602230047,
          -149.27498303010535,
          -151.77315786650735,
          -154.20351115275014,
          -155.65410873070016,
          -149.73095480545265,
          -153.69903986027515,
          -147.8643374958926,
          -155.02806124242858,
          -159.92349100439571,
          -160.10263544468384,
          -159.31340651094249,
          -160.51930443931334,
          -158.75787486235717,
          -160.20430331463817,
          -159.52327894267347,
          -159.84817860876092,
          -159.80687334154524,
          -157.13282078489584,
          -152.44022859071242,
          -160.7528875253581,
          -158.74332671103974
        ]
      ],
      [
        [
          108.5558885255688,
          124.53864864599242,
          69.46239798536757,
          112.88859415712747,
          76.08127099900501,
          54.323912540212824,
          -15.8527083590971,
          -42.46711009006982,
          -31.87228624970924,
          -21.273385545701395,
          -33.35215307835316,
          -42.07269585688752,
          -45.788999130930236,
          -66.70741903797804,
          -79.15451555893127,
          -60.65863662177657,
          -81.18447448145933,
          -78.11540101292147,
          -96.73790724683951,
          -77.38886525377173,
          -93.31372980820706,
          -83.9878688464543,
          -49.57844923603548,
          -96.6258916335572,
          -92.46471412568489,
          -88.13942830592052,
          -107.16233658122205,
          -81.22155402055628,
          -107.10132460063812,
          -107.99855561598345,
          -106.47267470717912,
          -95.21151278645948,
          -98.3210393412411,
          -102.59777021418964,
          -92.86570669497159,
          -87.81189860175593,
          -112.67295940872106,
          -106.53388404037112,
          -104.76701146703311,
          -119.59710502819328,
          -107.8543883432957,
          -112.86748490885589,
          -119.56711952708655,
          -104.61827843704744,
          -120.36599325270657,
          -115.52522504420739,
          -137.8856910695858,
          -136.34359130073796,
          -138.1473108673983,
          -139.54677185239558,
          -135.84936411771838,
          -135.12822708162423,
          -136.27561593825223,
          -138.67280064904614,
          -135.12835035581352,
          -138.46141125379066,
          -136.90366197871026,
          -137.5748019944282,
          -135.08724145414897,
          -137.34585030759118,
          -138.74027121891092,
          -135.58322919058324,
          -138.98944985086072,
          -134.48196664829956,
          -136.85849116569466,
          -138.72972028095046,
          -138.12213457698272,
          -138.93116503900538,
          -134.80681402140385,
          -138.19180724141347,
          -136.6148965113397,
          -137.91156313191345,
          -135.83996760863798,
          -138.26703760740344,
          -138.02013664930698,
          -137.4550460732814,
          -136.38340844080508,
          -137.92910482246208,
          -135.71325723763576,
          -135.60298798707805,
          -139.9006824267363,
          -138.32347674928408,
          -138.33744434220847,
          -138.88095096962752,
          -138.8073477945028,
          -136.44662165908434,
          -138.39605248513286,
          -136.26373254329428,
          -133.97312751066858,
          -136.79130006892402,
          -135.71814193834766,
          -136.7866219129437,
          -135.19896287394354,
          -136.06056417038334,
          -137.22230879748923,
          -137.50863192203985,
          -137.47532565884603,
          -135.65578045612665,
          -137.94620663107872,
          -137.54134960104005,
          -134.7347386998512,
          -135.51424055277292,
          -139.32338439879297,
          -131.8445909927539,
          -136.75910878909212,
          -136.41374174418547,
          -139.40434947020026,
          -138.85493940676267,
          -135.03298318574804,
          -137.49374015151827,
          -136.8778606078296,
          -134.79388815519803,
          -137.18151576021862,
          -134.96933687719078,
          -136.87523431750517,
          -134.4145415876681,
          -137.3694255672093,
          -131.69726525389513,
          -135.6500749580032,
          -135.64860122872707,
          -139.7614806553096,
          -134.68780941914272,
          -139.0188441634709,
          -138.12628044444693,
          -138.29305646056142,
          -143.44486721301692,
          -147.5497061937507,
          -134.34483327525066,
          -146.67671727152407,
          -147.84933323014468,
          -144.38142033054686,
          -143.87473058854394,
          -146.57223337069038,
          -145.9360207957285,
          -144.94431519671045,
          -144.51005760062262,
          -146.44828312991933,
          -143.74849716973378,
          -146.47949199906816,
          -146.6373539463938,
          -141.54907626978942,
          -146.16575072460438,
          -146.36247014734477,
          -132.6639461315156,
          -146.4363876892032,
          -145.89356390740267,
          -143.72037081292967,
          -146.7096590782457,
          -147.5508085680494,
          -146.06852985278238,
          -147.19760393393835,
          -147.68282079276602,
          -147.00580135536347,
          -146.6771178547313,
          -147.68836807847754,
          -149.1437278554425,
          -144.60590042385073,
          -135.4429199982947,
          -146.44982821294388,
          -148.89008892707253
        ]
      ],
      [
        [
          -53.655577451346694,
          -44.84119031137464,
          -44.09911322855954,
          -72.37449422399183,
          -76.66050605756953,
          -74.50400815472707,
          -26.308393850814262,
          -66.8170361590511,
          -63.47140490690475,
          -46.10078261458177,
          -59.725355405795106,
          -62.25474938020236,
          -74.65788350218719,
          -75.0558567784946,
          -78.11450666455885,
          -78.84498257791397,
          -76.60086584698396,
          -84.21366878466878,
          -61.87347163771226,
          -86.37377688763387,
          -77.30730290472786,
          -78.56269724212609,
          -42.5545871194021,
          -69.8413006247181,
          -85.24515290164096,
          -67.32369551156702,
          -97.86416048046983,
          -87.51696783312072,
          -108.11005980191047,
          -106.1408997101272,
          -100.79386673720452,
          -113.52641751579503,
          -109.71936918649588,
          -106.89176909478986,
          -109.09722727861299,
          -101.95848843385579,
          -109.62067076356651,
          -112.4437178971718,
          -98.66430275721505,
          -101.96913562821683,
          -106.462142047627,
          -108.9936501217575,
          -100.10933037212116,
          -102.51660362195402,
          -114.76576760647741,
          -102.38046892962984,
          -116.08507217009515,
          -118.74289516248945,
          -113.85236352031906,
          -116.69520724585078,
          -112.88650197648056,
          -116.51696557391281,
          -114.39604948950165,
          -118.79295047320429,
          -113.39266595838878,
          -117.99197444391187,
          -112.07155251447514,
          -114.7697364133994,
          -114.11104197761294,
          -112.47212712108215,
          -113.62638048482637,
          -116.66868635314533,
          -119.37307490692167,
          -118.04679444106885,
          -115.3379712114005,
          -116.07614454283174,
          -118.43898234450639,
          -114.23311367196523,
          -119.57136696869492,
          -113.79238419759707,
          -114.49285120044601,
          -116.51728349065078,
          -115.47531030111897,
          -117.5447481772349,
          -119.65627388130227,
          -113.58765245275234,
          -117.52143285382624,
          -121.24468369551607,
          -115.52391999546674,
          -116.52496481627293,
          -118.19177036263986,
          -116.78848812959018,
          -111.82744402203177,
          -115.0049324337837,
          -108.27451859859252,
          -114.25130165958254,
          -112.48551451515291,
          -112.57629043552892,
          -114.39813787668128,
          -117.90505875824229,
          -113.87601554636385,
          -111.30168609890625,
          -113.94221693141581,
          -116.8697595946876,
          -116.50861837007865,
          -115.24489646423557,
          -117.56365782875291,
          -113.7102774944373,
          -119.1952764608342,
          -117.88299446658563,
          -115.57293888439013,
          -112.87728264552769,
          -112.62334266833946,
          -116.61594848390638,
          -108.90835984878717,
          -115.01675739019005,
          -111.78762173788574,
          -118.55073080807307,
          -120.85543908444488,
          -112.54385017996542,
          -115.73047068321824,
          -119.53997086276517,
          -116.92717799265817,
          -119.23621147810158,
          -118.32537417817991,
          -114.21269787399116,
          -120.2500103950688,
          -115.89162607575413,
          -111.45407530171109,
          -113.45103094773914,
          -116.46920289986926,
          -115.69191946598679,
          -116.09328893567657,
          -115.23065156060397,
          -114.97351149803325,
          -115.46932989327897,
          -118.09594473734592,
          -115.18167020033303,
          -112.85448148939302,
          -118.0371914243502,
          -118.08438533638143,
          -118.57625068747892,
          -116.6228186610586,
          -118.54838093840543,
          -117.84261891952633,
          -116.92375809394841,
          -115.32953356166797,
          -117.17674558936524,
          -117.32800286713916,
          -113.16627652073144,
          -116.68958927508024,
          -113.83586098063275,
          -118.52195968461614,
          -115.05256659325522,
          -115.31402672841779,
          -125.23252953359994,
          -128.27019583553425,
          -98.28773598031906,
          -124.29062472281313,
          -127.06863459764544,
          -126.94811444915322,
          -123.9375658002031,
          -131.3931205062972,
          -129.92839581397163,
          -128.65186217779817,
          -126.78432570638917,
          -127.62681227595337,
          -106.35416541252363,
          -133.45193989167592,
          -123.9888064095635
        ]
      ]
    ]
  },
  {
    "vqe2_energy": [
      -204.6926365594727,
      -178.62214911774868,
      -178.62211576247978
    ],
    "vqe2_vector": [
      [
        0,
        1,
        0,
        0,
        0,
        0,
        0,
        0,
        1,
        1,
        0,
        0,
        0,
        1,
        0,
        0
      ],
      [
        0,
        0,
        0,
        0,
        0,
        0,
        0,
        1,
        0,
        0,
        1,
        0,
        0,
        0,
        0,
        0
      ],
      [
        0,
        0,
        0,
        0,
        1,
        1,
        0,
        1,
        1,
        0,
        0,
        0,
        0,
        0,
        0,
        0
      ]
    ],
    "vqe2_min_error": [
      1.5919243146826356,
      14.125577427176905,
      14.125593463063101
    ],
    "vqe2_params": [
      [
        3.3149390154277873,
        4.5752061727882944,
        5.60277013647173,
        0.3869331213370371,
        5.326241272140611,
        2.8216691111298573,
        3.7007239788772712,
        4.905133976751232,
        6.290880783692026,
        6.168325753657064,
        4.379049007736871,
        2.428747746466652,
        3.985356244819847,
        4.265718306193989,
        3.45313785707934,
        1.1991143076113089,
        0.4745567139355882,
        3.1081001754451796,
        2.2054471515941545,
        2.3855065301352423,
        4.625853037583046,
        3.6182260681685516,
        4.395185836582125,
        4.223563008795184,
        3.7632891142793583,
        2.8150608106786676,
        4.053357648698767,
        1.026506999249696,
        2.346126665983529,
        1.172496449555149,
        5.627891956591922,
        6.505325951587079,
        2.9623258310472105,
        1.9060586805134085,
        5.057688435216711,
        7.069381411255818,
        4.700385807462904,
        3.2135221234466442,
        4.862300196452173,
        3.569116088312491,
        5.073535428842627,
        6.106544934505962,
        2.1576018019765386,
        3.3268081866390022,
        2.8246361140066627,
        1.9699813171943614,
        1.6049830366489295,
        0.6073902306060042,
        1.0907628649391847,
        6.708588903466634,
        2.989260663829207,
        5.699885205527375,
        5.760749209419459,
        2.332200706084605,
        2.4990292742480382,
        6.163381491815548,
        2.0755841648572835,
        2.0398574663839035,
        4.171259829591168,
        0.14220500292367327,
        1.4154412500982765,
        5.745294370427714,
        1.5137859658017767,
        1.7352573494649715
      ],
      [
        3.154037758406133,
        5.877766642075939,
        7.125637676116319,
        1.5519089875107501,
        3.5747647287607904,
        5.72644523542018,
        1.3989754493417093,
        1.0200691423811243,
        6.450385708723738,
        2.0203635441066963,
        2.774566661480463,
        2.899080566494421,
        2.5161186437869225,
        4.704366996121346,
        1.5213386456908427,
        6.538838706209286,
        2.8024222075028775,
        0.32848710124656794,
        3.4670079635074367,
        1.881923689063386,
        3.6783364303454547,
        2.8210179568883835,
        1.7397062464132036,
        2.107213779733593,
        1.3961413013019348,
        2.851314093073862,
        6.622367002413776,
        0.15171075614341648,
        3.7672306092002366,
        5.272890956230873,
        1.746444058501267,
        7.222152512882695,
        0.352436863530746,
        5.718495162723245,
        3.558684989293085,
        1.4488074322116788,
        0.47232299457344246,
        6.064751615339426,
        5.8307661617897955,
        2.4701710173705935,
        3.2118192135084884,
        5.631902239926816,
        2.6663982012884335,
        3.305846473137405,
        5.972898346570164,
        1.3363629034188411,
        1.458069290317894,
        1.2716359558064134,
        1.3526440999870126,
        5.880565564490324,
        3.598938964526332,
        -0.05061419229943627,
        2.6869485182044093,
        7.2175622419925896,
        3.954007839355053,
        1.9619516252969753,
        1.9830662789667115,
        0.035932239823083745,
        0.2750171993529701,
        4.016398075577602,
        3.2539988908272237,
        2.9165101029507645,
        0.33047866573050916,
        3.3961213161416914,
        5.535954256275211,
        1.4324734481138524,
        3.0121128801616304,
        1.2957035711458558,
        5.027033615006478,
        1.2442013361918374,
        5.396800450615857,
        1.7395294894255544,
        2.679147918831781,
        4.065041758216408,
        5.3778979883128635,
        4.533038117974887,
        1.8480230303831888,
        4.533819310135946,
        5.3020736923141545,
        4.989986313014408,
        3.575213426126119,
        2.5151024063798344,
        5.883674611526274,
        5.6319356900847595,
        5.245832068101491,
        0.7374638477447505,
        3.048211077063892,
        3.1601171041917584,
        3.155543697728278,
        2.017160869005863,
        1.2738371581793833,
        1.1629415889267467,
        4.4990890961745444,
        1.3062249849772685,
        0.8192714299465103,
        3.186016648858764
      ],
      [
        6.444856596948102,
        2.508381533705762,
        4.423949344670641,
        3.322965750323573,
        1.0470866915238917,
        6.540334219755509,
        1.6168502204585284,
        2.79321596518939,
        4.093951124584322,
        2.377951710267427,
        1.8480626614617315,
        4.735457773935719,
        5.205976645996909,
        2.970975615254456,
        2.5184541202049604,
        1.6580205558460377,
        3.3440406959251754,
        5.185404932366654,
        4.42158071367536,
        2.518076625667747,
        0.041108892589641136,
        5.114011775398603,
        4.071916044302504,
        5.376752434809491,
        4.763725818864575,
        0.5026475991685974,
        3.015706870440303,
        1.3157478167715113,
        6.602658362036252,
        -0.02617921234445998,
        3.3537460281621096,
        4.404788208232705,
        6.505354833558415,
        3.9183523994194065,
        6.1519686559165025,
        5.828931218489752,
        1.3910317179452172,
        5.098197840898219,
        0.8135678645880643,
        0.9097330094374559,
        2.0954785649668857,
        1.5285628048262874,
        5.553936154306512,
        4.161074529179878,
        0.7907863600456279,
        3.513750121367336,
        2.099580890051517,
        2.560317334665237,
        0.10318404252951865,
        1.3694754853782705,
        0.49152301434540213,
        4.243820746743341,
        1.67480986860958,
        1.0028285590226964,
        2.016811616056335,
        5.384054102448351,
        1.5734922967162426,
        2.158916552076949,
        1.587939765699478,
        4.176693781081027,
        4.701826459807865,
        4.5040465124919695,
        3.7949285858741404,
        3.244422311374075,
        5.557780062306287,
        4.2362411771088535,
        3.2603647533018525,
        0.16581120255767176,
        1.289533028434089,
        5.7944203749010335,
        4.555162408906771,
        4.990171159423852,
        3.2886925355040337,
        2.6134663705036423,
        1.1582102703024866,
        1.44117696236656,
        5.73571365868981,
        3.783969669865077,
        2.402572339228288,
        4.380202248660543,
        5.133927583092917,
        1.0435557899558128,
        2.661647874871602,
        1.7858517725143632,
        3.8621918852163026,
        4.343584489825145,
        0.7284451563286807,
        1.9710480341072587,
        4.987522692575821,
        5.0915924409840585,
        2.1195440651033546,
        0.2270726472244755,
        2.408872638881644,
        5.850621799141432,
        3.361724163652279,
        1.889223254967356,
        5.264974180707578,
        3.898215601646611,
        5.796212121495722,
        2.1654940024568186,
        3.8705182232261035,
