[
  {
    "vqe2_energy": [
      -137.62413271728434,
      -128.91739188916694,
      -137.6241327172843
    ],
    "vqe2_vector": [
      [
        1,
        0,
        0,
        1,
        1,
        0,
        1,
        1
      ],
      [
        0,
        0,
        0,
        0,
        0,
        1,
        1,
        0
      ],
      [
        0,
        1,
        0,
        0,
        0,
        1,
        1,
        0
      ]
    ],
    "vqe2_min_error": [
      0.002112772007289987,
      6.3284428295561135,
      0.0021127720073121914
    ],
    "vqe2_params": [
      [
        1.0604055619990145,
        0.009437467507107306,
        2.439369614003494,
        2.301894186719709,
        2.0859877448284077,
        3.133143884924089,
        4.90733479690156,
        1.2253085812397029,
        6.174628667683622,
        2.586146942847234,
        5.905420688151122,
        3.9947229349938596,
        5.806668268507753,
        4.4799096621912335,
        6.239795655831582,
        3.0247158582822347,
        1.649887448530509,
        3.056063524190039,
        2.9029197311872164,
        4.829715359013258,
        1.070763505405859,
        3.0695989189671753,
        5.1238640998882286,
        3.2559719536868563,
        4.544759168483142,
        5.843626894925065,
        5.66392155609277,
        4.645847692482051,
        3.5541073396969804,
        5.756670402228668,
        5.035974877660083,
        3.157550317743221
      ],
      [
        1.8841844049469587,
        5.977826630689198,
        5.393810407605086,
        6.793520926084516,
        3.669376451512813,
        3.8315220160539845,
        1.5370973942398793,
        4.678825442358533,
        3.074209143426388,
        6.200365730270045,
        2.8336144301650594,
        4.168510630537258,
        1.441454077497365,
        6.099021755109666,
        7.615273975047986,
        4.208655884304742,
        5.620614187966751,
        2.706048265011433,
        5.8244253933990775,
        3.97707637937266,
        3.2945593785367064,
        3.7644800105694607,
        1.5590429027757697,
        3.8059022444520414,
        2.589643637106563,
        4.548821600652363,
        3.219086462378072,
        0.16810141317947674,
        2.0209618000269782,
        0.4363133513812303,
        0.472975777172216,
        1.332168203518338,
        3.7732790859802456,
        2.07236154990479,
        2.0319352667496378,
        0.5251525270319868,
        6.270570960190759,
        0.4235738588150352,
        3.18404274818788,
        5.846702949608109,
        5.290051060359884,
        3.8019188323959248,
        2.8508595088112374,
        4.573827571687984,
        2.1138410798826177,
        3.858126350234781,
        4.530014795261823,
        5.3549654248227885
      ],
      [
        5.360200571045297,
        2.347571507443963,
        4.214931155433139,
        5.598968151716808,
        2.982151696490222,
        3.3123334073862196,
        4.260195250452683,
        6.695205519487282,
        3.1896558251368874,
        0.11144957767355146,
        2.6857865482711043,
        0.7499734615794534,
        3.4824455761083133,
        2.006631286759686,
        0.10578574128198003,
        2.6254097907944356,
        4.6750688192997885,
        0.5018751550338127,
        1.2545785838734786,
        6.702310250024952,
        3.202149773614413,
        0.8602756564433548,
        0.5127709885240529,
        0.19645711887978198,
        5.742503415066733,
        5.763146098750947,
        0.6194663188791539,
        1.630773251130286,
        1.9202873422045565,
        3.1973424957983743,
        6.051295546396133,
        0.10410567627219797,
        0.5676147133095206,
        5.182504628763928,
        1.3183955867275783,
        2.200387834623011,
        3.8522860025787033,
        6.096842319400006,
        7.048091274789877,
        0.5773853758962605,
        2.0670336806162855,
        5.46158433689707,
        0.7474408281125808,
        2.6383827717975517,
        1.0949247815166976,
        0.9785236440369122,
        0.38065871482876495,
        5.190212131001806,
        1.4460883593402267,
        1.4008309496666533,
        2.1817022549371172,
        3.347760453162102,
        0.7047421129797035,
        1.2616439742149261,
        0.7113954592854538,
        1.850041748395874,
        4.019638593176913,
        3.9813932748445358,
        2.6075187993197004,
        3.174964933258643,
        0.18278265446152503,
        4.375529189819992,
        3.233003271304438,
        0.9390785082424301,
        2.9686714607309823,
        1.9333075553484742,
        1.7053570021045101,
        0.2509692919947459,
        4.013853735452576,
        3.893908597914475,
        0.43713607921614006,
        3.9583579023878506
      ]
    ],
    "vqe2_time": [
      3.6068198680877686,
      4.019843816757202,
      5.431769132614136
    ],
    "solution_vector": [
      0,
      0,
      0,
      0,
      1,
      1,
      1,
      1
    ],
    "solution_min_energy": -137.6270404628697,
    "solution_time": 0.024251222610473633,
    "matrix_size": 8,
    "qubo_matrix": [
      [
        -32.191821327272905,
        4.282842265591192,
        8.565684531182384,
        2.141421132795596,
        2.1414191483682177,
        4.282838296736435,
        8.56567659347287,
        2.1414191483682177
      ],
      [
        4.282842265591192,
        -60.10080038895461,
        17.13136906236477,
        4.282842265591192,
        4.282838296736435,
        8.56567659347287,
        17.13135318694574,
        4.282838296736435
      ],
      [
        8.565684531182384,
        17.13136906236477,
        -103.07023171554445,
        8.565684531182384,
        8.56567659347287,
        17.13135318694574,
        34.26270637389148,
        8.56567659347287
      ],
      [
        2.141421132795596,
        4.282842265591192,
        8.565684531182384,
        -32.191821327272905,
        2.1414191483682177,
        4.282838296736435,
        8.56567659347287,
        2.1414191483682177
      ],
      [
        2.1414191483682177,
        4.282838296736435,
        8.56567659347287,
        2.1414191483682177,
        -32.19336179070059,
        4.282851923669108,
        8.565703847338217,
        2.141425961834554
      ],
      [
        4.282838296736435,
        8.56567659347287,
        17.13135318694574,
        4.282838296736435,
        4.282851923669108,
        -60.103871657732086,
        17.131407694676433,
        4.282851923669108
      ],
      [
        8.56567659347287,
        17.13135318694574,
        34.26270637389148,
        8.56567659347287,
        8.565703847338217,
        17.131407694676433,
        -103.07633562078773,
        8.565703847338217
      ],
      [
        2.1414191483682177,
        4.282838296736435,
        8.56567659347287,
        2.1414191483682177,
        2.141425961834554,
        4.282851923669108,
        8.565703847338217,
        -32.19336179070059
      ]
    ],
    "ansatze": [
      "twolocal",
      "alternating_ry_rz",
      "random_circuit"
    ],
    "histories_energy": [
      [
        [
          -131.28749045216986,
          -130.89142209206608,
          -121.40564357726186,
          -132.91131694397615,
          -132.53199577150886,
          -132.04121269014382,
          -118.67387406099918,
          -132.1045025554901,
          -132.38355668085973,
          -131.89715462994613,
          -132.06042574524832,
          -132.18683578014833,
          -131.91592087812086,
          -131.94746488086184,
          -132.5357003181783,
          -132.55222510384138,
          -132.5869332525133,
          -132.35501533463554,
          -119.12263614218475,
          -130.09938419608338,
          -132.26037120170005,
          -132.70797209094275,
          -124.42774704402534,
          -131.01738135299533,
          -133.7058988039448,
          -132.81890313059458,
          -133.84474639521895,
          -133.72123035088538,
          -133.55741546484512,
          -133.78251034637492,
          -134.12752201172924,
          -133.72910535660523,
          -133.81806966407092,
          -132.4521886748455,
          -132.93865619892688,
          -120.32515523454686,
          -131.45811268926363,
          -128.25023017480035,
          -132.00521701105887,
          -133.47152931119285,
          -132.27776973408137,
          -133.7545894281519,
          -132.9427484452341,
          -133.3138407902691,
          -133.56748309117083,
          -133.22961232093803,
          -133.91012553694995,
          -133.27016460287706,
          -133.1914379403764,
          -133.00755783818602,
          -133.48046160691982,
          -133.49226658687803,
          -133.63581972686976,
          -133.65414244474707,
          -133.7007324578102,
          -133.37523933071373,
          -133.4128652379851,
          -132.96316724998718,
          -133.34432041491493,
          -133.32477679702743,
          -135.83004230862065,
          -135.88308737823843,
          -134.24047793627088,
          -135.85723349307165,
          -133.61771043651055,
          -135.8974512369054,
          -134.7689469805873,
          -135.77479931577142,
          -134.57654187158641,
          -135.70201698718617,
          -134.3704146951644,
          -135.7242307073587,
          -135.38026559812496,
          -135.52517015399766,
          -134.55413867038874,
          -135.91189816126885,
          -135.7945204258143,
          -135.62754854994148,
          -135.83607037580538,
          -135.84521444171594
        ]
      ],
      [
        [
          -114.05454601224854,
          -114.18267326615594,
          -124.25295100008312,
          -125.24474312042999,
          -125.64579320772773,
          -125.76577427206462,
          -110.57319950736579,
          -124.32830363030696,
          -125.94761633476466,
          -124.40987148690701,
          -129.4246498063501,
          -128.75153285017768,
          -125.96298548270109,
          -128.24114268743594,
          -115.25655112707935,
          -130.5636855095121,
          -130.59965008887602,
          -130.75010688531702,
          -127.44738817945914,
          -129.38053474754952,
          -131.24801659391645,
          -130.44334368229116,
          -131.80848306867279,
          -131.79717926950875,
          -131.45473436284044,
          -130.7479804849802,
          -132.32019249252497,
          -131.85707611249347,
          -130.22854179335474,
          -131.15742150209573,
          -131.06148967957904,
          -131.04053504173075,
          -130.95698218063865,
          -130.8215351209981,
          -131.33177229728193,
          -130.77991160270057,
          -130.94537364468778,
          -131.0271360091455,
          -131.2782901503237,
          -131.04806503114506,
          -131.45283758461764,
          -131.47545783668178,
          -131.0567422230614,
          -130.944944707149,
          -130.69357835337925,
          -131.23072656601488,
          -131.48648166626825,
          -131.51047370961084,
          -131.74896535034546,
          -120.35009446487524,
          -132.23715821866355,
          -126.07287639205394,
          -131.10720872632047,
          -131.6753497061859,
          -130.7934882568484,
          -131.81195447333684,
          -130.55343640619168,
          -130.4629926243376,
          -130.66699530355854,
          -128.9689684002488,
          -131.0407980366957,
          -126.2736279298219,
          -130.72453033269414,
          -121.69613850683082,
          -132.44480442406302,
          -128.57041759561204,
          -132.87174647923803,
          -131.0955133875609,
          -132.51056898738673,
          -132.38187170913466,
          -133.3991232431277,
          -132.89089702048236,
          -130.34140013046377,
          -130.3440825480166,
          -134.1016907374281,
          -134.0367797445223,
          -134.12711616306328,
          -133.04478482442286,
          -130.9275634958795,
          -133.57701654168733
        ]
      ],
      [
        [
          -121.98455586920241,
          -120.4820014489845,
          -122.07052190194317,
          -116.00832524236803,
          -119.09523177571519,
          -120.4420467951149,
          -118.65251322326647,
          -118.66896818332417,
          -122.49420383293342,
          -121.04628866263221,
          -122.17815552241592,
          -118.40805067206531,
          -120.46979509158659,
          -123.2083228092364,
          -124.12425849788241,
          -122.74481865594845,
          -123.52259505230046,
          -124.13584094154412,
          -123.26321677270076,
          -122.13144950343957,
          -125.81100900453833,
          -124.80431729708397,
          -123.16673485990412,
          -121.75788308315774,
          -123.54428427254996,
          -124.86703173394552,
          -124.2142990120272,
          -125.02159482627916,
          -124.80205147295524,
          -125.59777849165368,
          -123.86078647611457,
          -124.73839394555806,
          -124.65639537155339,
          -125.37416560871364,
          -124.60814616607567,
          -124.6928500101891,
          -125.45745065318232,
          -124.3969511301884,
          -124.99962792483481,
          -126.31377231179775,
          -124.6164585548165,
          -125.5970360322428,
          -125.16598414489795,
          -124.12593374872155,
          -124.8251591238348,
          -125.51252114632304,
          -125.38248818012072,
          -124.81877956719946,
          -125.4884338581088,
          -124.56375284868213,
          -125.10315269637579,
          -124.92282497250223,
          -124.5778986099479,
          -124.7885078785539,
          -124.96921825744438,
          -125.22360193482064,
          -125.4927302309366,
          -124.45221301634692,
          -124.55546484703123,
          -124.41067137166843,
          -123.84105481925778,
          -124.94150339657757,
          -124.22866709185848,
          -124.4149866860972,
          -124.74418668837737,
          -124.23191479874507,
          -124.95851564289221,
          -124.970993992444,
          -125.42866545948269,
          -125.46344823839408,
          -124.43667554572616,
          -125.09749037554224,
          -125.22387779430498,
          -122.3992847009472,
          -124.24046269596147,
          -117.02237187707331,
          -123.69956019229512,
          -123.25322263069987,
          -123.56826468996529,
          -123.56108830068668
        ]
      ]
    ]
  },
  {
    "vqe2_energy": [
      -95.0272710419356,
      -95.0272855670412,
      -95.02732673431902
    ],
    "vqe2_vector": [
      [
        0,
        1,
        0,
        1,
        0,
        0,
        1,
        1
      ],
      [
        1,
        1,
        1,
        1,
        0,
        0,
        0,
        0
      ],
      [
        0,
        0,
        1,
        0,
        0,
        0,
        1,
        0
      ]
    ],
    "vqe2_min_error": [
      8.638166133501102e-05,
      0.00010166687154367082,
      0.00014498844957966384
    ],
    "vqe2_params": [
      [
        2.9195790089167346,
        2.3253148592617214,
        5.939794683978656,
        5.141659428665126,
        2.7857655288608765,
        3.73476991738674,
        0.2631937257895259,
        3.466041761550677,
        6.639601425155151,
        6.269230623151671,
        4.971181192155223,
        3.005425371442876,
        1.8589162957984489,
        3.227856066565978,
        2.5116211435719142,
        3.8442061322252776,
        5.55195262948576,
        5.4084570844878455,
        6.1829950838448395,
        0.5096513212109848,
        1.266363134470483,
        2.4023794426162666,
        3.370324622654544,
        4.159977727216171,
        1.4416457538216165,
        1.4862873727721073,
        6.154975225477081,
        6.058181029583822,
        4.814850425006886,
        2.3028033756021973,
        6.235436474301534,
        5.128262435777379
      ],
      [
        0.379413406429693,
        1.024164116648953,
        4.878738071858734,
        2.289806501756109,
        1.0681792677458852,
        2.8394359262995414,
        3.6715503135373404,
        0.8252405683159202,
        5.449751845953748,
        1.8382111409495012,
        5.804841974925833,
        4.630706968803881,
        5.25363990078165,
        2.0273598728600346,
        3.771179033483489,
        5.689247401950142,
        0.4697151949096068,
        1.777813923986841,
        3.7040371481967456,
        6.199470822800317,
        5.009493467465538,
        2.5920461763439584,
        3.461219109452522,
        2.4644420505524716,
        0.5196644090289348,
        1.0406160443717847,
        5.025965134117246,
        6.368520770789483,
        1.6763633327985834,
        0.6787130415198172,
        0.2609114114246608,
        3.596820376903839,
        1.587540433828445,
        0.30156587182814004,
        1.9409436344287272,
        4.255379870164585,
        3.6496336912956866,
        5.852147803599118,
        3.864819459373539,
        0.8405779129371078,
        2.3316720671326823,
        4.721530861914939,
        1.1528016116838253,
        3.7499201556144026,
        5.667072097290808,
        2.170587590960219,
        3.73255858364743,
        1.3352962007251925
      ],
      [
        6.54749096684553,
        3.207943091130469,
        2.1576114219830256,
        2.7846078412666557,
        3.2157955978872517,
        5.214265241709253,
        3.012075008590639,
        3.2865210079193177,
        4.482050389074903,
        1.913538877975453,
        5.412664456453487,
        2.316019005295204,
        0.3913793705477993,
        2.6132192195432684,
        5.688760015771684,
        2.3284157853345686,
        3.612985129434776,
        1.716585955011141,
        1.0702107962798002,
        3.823131290580487,
        5.936033132477085,
        2.426989490338414,
        0.10806488085376395,
        5.174816938826512,
        5.260833717312421,
        4.857264262866497,
        1.12548623354293,
        4.076523813324718,
        2.742232396882496,
        1.5438929578871716,
        0.24615544688450364,
        3.715684274584567,
        1.8274965576050701,
        5.996098522343638,
        5.098419257092788,
        0.5360591792115595,
        0.9656721657981799,
        3.7680599837971145,
        4.914415907320272,
        4.928325408539642,
        4.8301006514080385,
        4.740520755543698,
        5.0650590455001145,
        5.168726749134402,
        0.9799826180969816,
        1.1447391860631975,
        2.3380567356416773,
        4.107964849940616,
        3.3805013863146542,
        3.2580618163368023,
        4.495887103732674,
        1.1686841708416256,
        1.3166789114214925,
        6.051945654664774,
        3.577779726850563,
        2.492900065548218,
        2.244671819887444,
        0.30611185789975714,
        4.219013278426754,
        0.15339025036845416,
        3.341289400243096,
        0.06115093783311278,
        1.5272061778045938,
        3.6797718257066103,
        5.715448893848241,
        4.05555144756286,
        2.9956332690153133,
        2.3391779990459494,
        4.198696302659898,
        1.8810686929646256,
        0.7453950297250869,
        4.9251319684088575
      ]
    ],
    "vqe2_time": [
      3.961121082305908,
      4.568677186965942,
      7.128745079040527
    ],
    "solution_vector": [
      1,
      0,
      0,
      1,
      0,
      1,
      1,
      0
    ],
    "solution_min_energy": -95.02718895587107,
    "solution_time": 0.02102518081665039,
    "matrix_size": 8,
    "qubo_matrix": [
      [
        -22.245800248535705,
        2.96211130075873,
        5.92422260151746,
        1.481055650379365,
        1.4810526737382976,
        2.9621053474765953,
        5.9242106949531905,
        1.4810526737382976
      ],
      [
        2.96211130075873,
        -41.52948919631268,
        11.84844520303492,
        2.96211130075873,
        2.9621053474765953,
        5.9242106949531905,
        11.848421389906381,
        2.9621053474765953
      ],
      [
        5.92422260151746,
        11.84844520303492,
        -71.21053318959044,
        5.92422260151746,
        5.9242106949531905,
        11.848421389906381,
        23.696842779812762,
        5.9242106949531905
      ],
      [
        1.481055650379365,
        2.96211130075873,
        5.92422260151746,
        -22.245800248535705,
        1.4810526737382976,
        2.9621053474765953,
        5.9242106949531905,
        1.4810526737382976
      ],
      [
        1.4810526737382976,
        2.9621053474765953,
        5.9242106949531905,
        1.4810526737382976,
        -22.245808457901934,
        2.962125787875605,
        5.92425157575121,
        1.4810628939378025
      ],
      [
        2.9621053474765953,
        5.9242106949531905,
        11.848421389906381,
        2.9621053474765953,
        2.962125787875605,
        -41.52949112792827,
        11.84850315150242,
        2.962125787875605
      ],
      [
        5.9242106949531905,
        11.848421389906381,
        23.696842779812762,
        5.9242106949531905,
        5.92425157575121,
        11.84850315150242,
        -71.2104791043541,
        5.92425157575121
      ],
      [
        1.4810526737382976,
        2.9621053474765953,
        5.9242106949531905,
        1.4810526737382976,
        1.4810628939378025,
        2.962125787875605,
        5.92425157575121,
        -22.245808457901934
      ]
    ],
    "ansatze": [
      "twolocal",
      "alternating_ry_rz",
      "random_circuit"
    ],
    "histories_energy": [
      [
        [
          -82.6299295860129,
          -84.09745014681651,
          -82.72519089383013,
          -80.935524034019,
          -83.29789690903512,
          -86.36115832366562,
          -77.81749784142762,
          -87.56045325138903,
          -85.2275080784953,
          -87.5945281306038,
          -88.0366231158055,
          -87.78162177174373,
          -88.55151462972425,
          -89.26615013810606,
          -87.55961498468024,
          -88.2564745485727,
          -89.25175559404812,
          -88.33598011469431,
          -81.97222871113881,
          -89.44942574548098,
          -89.08256699364844,
          -88.97952299453993,
          -85.93853733752114,
          -89.24449996021306,
          -90.47065364333703,
          -89.79960545633412,
          -89.93232044380595,
          -90.42900237791225,
          -89.72337298370108,
          -89.9363162457193,
          -90.34561547705684,
          -89.2152832459362,
          -89.80026945810957,
          -92.04894995182366,
          -90.8080343050466,
          -91.36362328493173,
          -90.30062244014692,
          -92.02129959436733,
          -85.69334484379098,
          -91.7990166941569,
          -90.26090185851457,
          -91.90649241599834,
          -92.11636632215816,
          -91.72525818630885,
          -89.44565510419284,
          -92.25790527615078,
          -83.8660598569283,
          -91.64694948848481,
          -90.63610535094519,
          -92.03620127690431,
          -92.78419020895704,
          -92.7011108336688,
          -90.53534389533326,
          -92.9493186486727,
          -92.25934320420942,
          -93.38396692269433,
          -92.79890200425078,
          -92.76838006653936,
          -93.33629987194362,
          -93.36084635794272,
          -93.25951451956647,
          -93.42197056173984,
          -93.27635492044797,
          -93.12066836589364,
          -93.59352671860802,
          -93.39354471125715,
          -87.46413931846025,
          -92.76922038372318,
          -90.43549260506072,
          -93.1805874932807,
          -89.55650999220306,
          -93.38447861010144,
          -92.89995294597847,
          -93.29151849633368,
          -90.30960468753402,
          -91.48087928748444,
          -93.36867030737812,
          -93.11272787839627,
          -93.08311760246583,
          -92.6111169329895
        ]
      ],
      [
        [
          -85.54865007442271,
          -83.96419190872815,
          -84.57581540519725,
          -84.49027320894983,
          -86.1187372537105,
          -84.80025607492043,
          -84.12089297493813,
          -85.82324858728664,
          -85.308188959,
          -84.99197757650471,
          -87.73751070163034,
          -86.81186994303586,
          -87.11132021269286,
          -88.03078950601032,
          -87.61622837859136,
          -86.9166090014562,
          -87.49305333779547,
          -87.16001579248848,
          -78.84756160950002,
          -88.39956226339535,
          -88.41570426992182,
          -88.98390077672786,
          -78.74775223959864,
          -85.1068241894841,
          -88.15340631561892,
          -88.384658266111,
          -86.7654668695776,
          -88.00287452247868,
          -87.6856910049007,
          -87.33254365622598,
          -87.0423555457673,
          -88.03550812610814,
          -88.23109040775262,
          -86.95145309748233,
          -88.30706894296802,
          -88.27619480103036,
          -87.1498472663719,
          -87.6122849953885,
          -88.10746087494806,
          -88.61960246961374,
          -87.64125248668016,
          -88.74601469109514,
          -88.26096395685575,
          -88.09373694639304,
          -88.2245743510725,
          -87.75507316179701,
          -87.27090321201126,
          -88.45940985275702,
          -88.1752189887003,
          -81.17571348609147,
          -88.42241958580605,
          -82.2585647245031,
          -87.50190023907707,
          -87.64394511006776,
          -87.9276993420656,
          -87.72828569529358,
          -89.63978647684092,
          -88.11649478791091,
          -89.32174063846884,
          -88.64141846519533,
          -89.09868051316285,
          -86.96004700022341,
          -88.01069265805761,
          -90.43990093271155,
          -87.62313985179092,
          -89.02409924388336,
          -87.46209481606071,
          -89.05915535875626,
          -87.46722748564179,
          -88.73379138618688,
          -88.33590047907063,
          -87.78338492859423,
          -89.79765643571609,
          -88.83847153364526,
          -89.25444461772145,
          -89.35327761019289,
          -88.19487403109353,
          -89.21293845077284,
          -89.59957003034451,
          -89.06956295155486
        ]
      ],
      [
        [
          -78.42546131882439,
          -79.32246634871532,
          -76.29654890055018,
          -77.79028351727533,
          -78.18007741339815,
          -80.37939078845413,
          -81.14580786691873,
          -83.91158286679735,
          -83.69850506895065,
          -82.0397338235995,
          -82.13475937774676,
          -82.4065611524737,
          -84.53642761956065,
          -79.89972066406935,
          -84.89907420607477,
          -86.29686192165919,
          -84.93268323516753,
          -84.08766389098082,
          -86.29679779570492,
          -85.8378512477621,
          -86.73474064747894,
          -87.79512873171532,
          -78.97106786952094,
          -84.76297222929611,
          -87.03506586191186,
          -87.25974935372744,
          -88.09560452285622,
          -87.66258079163212,
          -87.32348149668456,
          -86.89516432991083,
          -87.30582918118257,
          -86.89970014468526,
          -86.98565437265371,
          -87.39258303141854,
          -87.02323481137086,
          -87.16548658209639,
          -86.47658978032993,
          -87.32998298267839,
          -86.88132141143144,
          -87.45307845296425,
          -87.09378840402978,
          -87.89130985355513,
          -86.66542067624485,
          -87.10935322161076,
          -87.1760046631905,
          -86.54632198676987,
          -87.46921373041414,
          -86.77039078243021,
          -87.76060748059396,
          -87.48897461584474,
          -87.68935432011583,
          -87.1280052253726,
          -86.91211441034014,
          -87.47074568043317,
          -87.65822845896142,
          -87.07758563198317,
          -87.49314738519845,
          -87.21340595012329,
          -87.1626975492502,
          -87.35191686341967,
          -87.29693668278178,
          -86.57522494419298,
          -87.010761151294,
          -87.5955597418984,
          -87.05468454626653,
          -87.46669793695956,
          -87.93716193940807,
          -87.23441890785425,
          -86.89287962706665,
          -86.86907451486724,
          -87.61432334316477,
          -87.39141198411959,
          -87.0929913191768,
          -87.32006893808462,
          -87.70010742157275,
          -82.55915426188155,
          -86.61823881774201,
          -87.59139280046793,
          -86.81459162615253,
          -87.19717669133153
        ]
      ]
    ]
  },
  {
    "vqe2_energy": [
      -96.35608523011265,
      -94.8298043281667,
      -96.36203460610925
    ],
    "vqe2_vector": [
      [
        1,
        0,
        1,
        1,
        0,
        1,
        0,
        0
      ],
      [
        0,
        0,
        0,
        1,
        0,
        1,
        1,
        0
      ],
      [
        1,
        0,
        0,
        1,
        1,
        0,
        1,
        1
      ]
    ],
    "vqe2_min_error": [
      0.009096368461392057,
      1.5929528131962578,
      0.002922565524887677
    ],
    "vqe2_params": [
      [
        6.127203314797904,
        6.261081338947666,
        7.861067602117424,
        2.2927815937439973,
        7.261553363910221,
        3.2201610152775113,
        3.9121268113640313,
        3.278058150025583,
        3.641301187190683,
        3.7915342615472705,
        3.408208074118213,
        4.560229894024889,
        5.3114523968147545,
        4.151853821071252,
        2.7552755639190423,
        4.0666244104812215,
        1.4020474044407691,
        -0.14612482688631384,
        0.3925284256537034,
        4.888285528580878,
        1.210753032334297,
        6.291186724982373,
        3.4866224331810582,
        5.159603833053135,
        1.6189076736299548,
        1.6817933530049671,
        1.4241572200330244,
        1.285641386303648,
        3.700096000692528,
        1.4205269960643183,
        0.908002030432152,
        4.554001645563634
      ],
      [
        5.265541704148439,
        3.5907589381001506,
        5.7995734572824444,
        4.351212660560446,
        0.42883699525811386,
        3.9295639867181595,
        2.0839092203572767,
        3.3227109760470888,
        4.222929566028944,
        5.888960141462315,
        2.7859789138674445,
        4.341848293288611,
        5.320520209662036,
        5.572008342197536,
        3.5220436278437197,
        5.62728996698206,
        5.3329528294257456,
        0.4838655203030476,
        0.09159472449510694,
        1.492666527240872,
        5.187730248248806,
        2.9923482185093784,
        6.206283285698715,
        2.7112813139492418,
        1.3234174012993445,
        1.2859835099843384,
        6.2550744045528255,
        3.533261406962367,
        1.513221424849359,
        2.570558253997829,
        2.678411076479656,
        4.4597705416925555,
        4.282307419360755,
        4.262562670010584,
        5.4333961197512375,
        4.604431383897339,
        2.5216878701237873,
        2.0738121362032627,
        6.1970238393817665,
        5.652431288482059,
        5.535956520089231,
        3.502949322566566,
        2.8460216441775863,
        0.9171196978876723,
        0.06750808461213087,
        5.522664331629244,
        4.361032036711362,
        4.424760600366928
      ],
      [
        4.921949177033316,
        6.924018604200898,
        6.901471002363303,
        2.6242362679079902,
        4.632395597014667,
        4.388216539186322,
        5.59082067800679,
        3.374194628230366,
        2.3843928730804755,
        4.885491930186111,
        2.812560669096835,
        2.406229276299629,
        2.1878824125616503,
        3.4676243986228683,
        5.002841828063862,
        1.2333962485411314,
        1.6457546272179921,
        5.785341217008452,
        0.5022137169540449,
        4.562460096159544,
        3.6505486445879667,
        3.0002313566616747,
        0.19697059083579946,
        2.145545848180478,
        1.9589118539581973,
        1.4324881639194325,
        0.5830013630030584,
        2.480869413438791,
        4.613044317201968,
        4.194022746088225,
        3.2944771594869002,
        1.2256372920365803,
        2.6863272003573253,
        2.7265261227406485,
        2.016777103834784,
        4.782373369906628,
        1.2903866252224128,
        3.057708346902171,
        3.583722258044895,
        3.0627361211028505,
        1.5746180267240462,
        4.408320817650181,
        4.556877806015647,
        4.515936971750669,
        4.945866007612727,
        0.2573226304127483,
        6.503786106002116,
        1.343204767628847,
        0.3989319146422945,
        1.89423581247478,
        2.0119318496745113,
        0.652662434566249,
        2.4046284871609185,
        6.02542984279128,
        1.5436523739021302,
        4.86352145928512,
        1.2643238187212498,
        4.938272261775269,
        2.263859550309443,
        2.595618947859136,
        3.932800822217398,
        0.8988241816640258,
        5.137272554203014,
        5.773468913463869,
        3.1140087515628965,
        3.100247105813611,
        3.104333557936314,
        3.88062779965931,
        0.6143912391547893,
        4.289736274214168,
        4.5650984441421505,
        0.8447482626742704
      ]
    ],
    "vqe2_time": [
      5.032764911651611,
      3.4934120178222656,
      11.101932048797607
    ],
    "solution_vector": [
      0,
      0,
      0,
      0,
      1,
      1,
      1,
      1
    ],
    "solution_min_energy": -96.3648509320207,
    "solution_time": 0.021399974822998047,
    "matrix_size": 8,
    "qubo_matrix": [
      [
        -22.556043486757126,
        3.003406989786768,
        6.006813979573536,
        1.501703494893384,
        1.5017005182523167,
        3.0034010365046333,
        6.006802073009267,
        1.5017005182523167
      ],
      [
        3.003406989786768,
        -42.108679983727484,
        12.013627959147072,
        3.003406989786768,
        3.0034010365046333,
        6.006802073009267,
        12.013604146018533,
        3.0034010365046333
      ],
      [
        6.006813979573536,
        12.013627959147072,
        -72.2037320083079,
        6.006813979573536,
        6.006802073009267,
        12.013604146018533,
        24.027208292037066,
        6.006802073009267
      ],
      [
        1.501703494893384,
        3.003406989786768,
        6.006813979573536,
        -22.556043486757126,
        1.5017005182523167,
        3.0034010365046333,
        6.006802073009267,
        1.5017005182523167
      ],
      [
        1.5017005182523167,
        3.0034010365046333,
        6.006802073009267,
        1.5017005182523167,
        -22.557581535665335,
        3.003421476903643,
        6.006842953807286,
        1.5017107384518216
      ],
      [
        3.0034010365046333,
        6.006802073009267,
        12.013604146018533,
        3.0034010365046333,
        3.003421476903643,
        -42.11174159442703,
        12.013685907614573,
        3.003421476903643
      ],
      [
        6.006802073009267,
        12.013604146018533,
        24.027208292037066,
        6.006802073009267,
        6.006842953807286,
        12.013685907614573,
        -72.20979728123949,
        6.006842953807286
      ],
      [
        1.5017005182523167,
        3.0034010365046333,
        6.006802073009267,
        1.5017005182523167,
        1.5017107384518216,
        3.003421476903643,
        6.006842953807286,
        -22.557581535665335
      ]
    ],
    "ansatze": [
      "twolocal",
      "alternating_ry_rz",
      "random_circuit"
    ],
    "histories_energy": [
      [
        [
          -76.71149585717255,
          -74.71202467996032,
          -71.84242434095215,
          -76.7411406214244,
          -78.76732711182272,
          -78.88339315335939,
          -88.79979104612985,
          -89.01121409690953,
          -88.25335129862879,
          -87.37435807601472,
          -88.46157205607082,
          -89.14424307785357,
          -89.08807238057557,
          -89.27126102618625,
          -88.91850525619627,
          -88.86106007443743,
          -87.4425059343324,
          -88.70122346986568,
          -85.35272598147034,
          -88.31400731150642,
          -88.95183529764405,
          -89.13816242807869,
          -84.29632584537438,
          -89.1435552454132,
          -89.22706487253404,
          -88.64242976559503,
          -88.30080820451535,
          -88.49055510223164,
          -88.0590219372362,
          -89.11220583903494,
          -88.96983532285373,
          -88.9932107181453,
          -88.79737689370315,
          -88.30026961675668,
          -88.6131790392601,
          -90.1456697326195,
          -90.54590954992344,
          -89.17389764044319,
          -90.51281800941702,
          -83.55010549107492,
          -89.96354119596326,
          -89.78923893623708,
          -90.84680670703364,
          -91.10237960898165,
          -88.0646293437757,
          -90.84057301352621,
          -90.66853388821481,
          -90.41003841372546,
          -90.95327261363184,
          -90.84331785349534,
          -90.57138487675873,
          -90.70372515012586,
          -90.73741223575638,
          -91.251532151554,
          -90.74879589801473,
          -90.88066703375694,
          -90.72695727985122,
          -91.06985632980796,
          -90.74028720321182,
          -90.71724583370197,
          -90.97403493660272,
          -90.75838563853489,
          -91.10736009300875,
          -90.63672660293182,
          -90.69883193365999,
          -90.77762448602665,
          -90.76696727213168,
          -90.55457745362489,
          -90.91538302408996,
          -91.51649258208957,
          -91.56815042894016,
          -90.97286482398484,
          -90.82400754067507,
          -91.56343738137076,
          -91.49470194703608,
          -90.21528687769069,
          -91.44167524599675,
          -92.1794861708267,
          -92.79208559130379,
          -92.43800970103484
        ]
      ],
      [
        [
          -86.08965923151607,
          -87.59734731207234,
          -82.21869262399386,
          -86.4255838675461,
          -86.84151068282588,
          -86.26980122205441,
          -86.3404783825391,
          -86.95287577282161,
          -86.02829986159973,
          -86.59138905355945,
          -82.70752578433718,
          -86.01043951142825,
          -86.08065886023897,
          -87.0992585784063,
          -88.94099644087274,
          -90.70367802495208,
          -90.67297739872713,
          -90.78848924828817,
          -79.41333765157084,
          -89.55682959786088,
          -90.72205035630397,
          -90.26687597956091,
          -89.63850160811647,
          -90.65305759328216,
          -90.52441137516547,
          -90.0680906427943,
          -90.68180814798988,
          -90.17625527430826,
          -90.4851250722281,
          -90.99797526852345,
          -90.28700113450836,
          -90.04867772377399,
          -91.05367389624756,
          -90.45888417600256,
          -91.70353626547758,
          -90.93613011173697,
          -90.96316290739796,
          -90.69116687063008,
          -90.72697596544481,
          -90.24414110563015,
          -91.42538259669351,
          -90.5773530815296,
          -90.5186098925589,
