[
  {
    "vqe2_energy": [
      -115.14370954774677,
      -117.01318506457879,
      -115.13927251006479
    ],
    "vqe2_vector": [
      [
        1,
        0,
        0,
        0,
        1,
        0,
        1,
        1
      ],
      [
        0,
        0,
        1,
        0,
        0,
        0,
        1,
        0
      ],
      [
        0,
        0,
        1,
        0,
        0,
        1,
        0,
        1
      ]
    ],
    "vqe2_min_error": [
      1.6025603834861402,
      0.004977632291625067,
      1.6063521073163223
    ],
    "vqe2_params": [
      [
        5.026171938970851,
        3.2584695332208096,
        3.589434501113623,
        5.014912906892005,
        4.725454286275299,
        3.1294313186463527,
        4.145234557542115,
        6.992671355280208,
        2.698888940096336,
        1.0443107004463643,
        2.3222407271403727,
        3.821647148715466,
        2.77636162114717,
        4.970680773893136,
        5.3449322623704285,
        2.4517787326083402,
        4.483433250490294,
        6.067516594817606,
        3.0525096845986037,
        2.5233620355433235,
        1.3418291394950805,
        2.989066393244358,
        2.036936472054677,
        1.895512648607208,
        3.052973302460225,
        1.648492248989776,
        3.2218442779687657,
        3.7030916449052405,
        0.603196825597241,
        5.37388843567983,
        3.033678920977336,
        0.34288702972345353
      ],
      [
        3.2531706015583493,
        5.30526287446108,
        1.0812885608243192,
        6.018457941299128,
        5.598694235767994,
        3.5538171895397586,
        5.25497747029627,
        5.521556659741131,
        4.094808564358648,
        7.018729215524711,
        2.0798962492520268,
        6.264275550850607,
        4.964336504590138,
        3.0964841059409016,
        5.1028517397691635,
        5.206904153339742,
        5.9859468349992815,
        3.433229348852531,
        1.4288470459122853,
        0.3911383230275765,
        1.7224492557000393,
        2.5839985525355256,
        4.127008107850264,
        1.1234729604617542,
        1.8422900806240299,
        5.685418097875273,
        5.493068668261668,
        5.580527677071828,
        3.1184443471330296,
        4.502751545113012,
        1.074496476038122,
        4.771627288181866,
        2.1285625490684206,
        3.082530414229506,
        1.166416167996542,
        4.932202227970354,
        0.8885041969878883,
        1.3767738764948227,
        1.841720096379456,
        4.343402137801579,
        0.2137131950401707,
        3.881029174174973,
        4.967951515006254,
        2.9495082178660814,
        2.1520539862784833,
        3.785605998314869,
        0.8308489356286201,
        1.366027203469252
      ],
      [
        4.138474389261468,
        6.727146205958892,
        1.7287122251431117,
        3.11393129417859,
        2.564597799140883,
        1.7652749114456152,
        4.874790693231603,
        6.511108587866053,
        1.3340550716686144,
        2.7082333298948633,
        1.026183582661151,
        6.473729220405036,
        4.892210358106711,
        4.120426563781312,
        5.377110690024718,
        4.336636610131901,
        5.883224405325426,
        6.050855480664835,
        3.4510629781323945,
        1.4732096194682869,
        3.4505045635890217,
        1.3140312333772766,
        2.7079074883643983,
        3.860637285774234,
        4.820809467141503,
        1.3310938654746944,
        3.444740041350969,
        1.6161695629867485,
        5.847035544613304,
        4.173473277655331,
        4.967861400411952,
        2.6362914168896765,
        0.8420559473541137,
        3.953238036327862,
        4.523946630509068,
        5.130034607654649,
        0.9587575445590756,
        0.7823973923579556,
        1.5801726675682946,
        1.2937976198729173,
        6.111328009743375,
        2.8796046389405783,
        0.3446015164226258,
        4.024119423551585,
        6.117809112502018,
        4.35616055219355,
        3.3682474656628596,
        4.044467276055513,
        3.2913953250451726,
        0.16812043324881012,
        3.496242974032144,
        0.0777723606909944,
        1.6640230472989885,
        2.5503419911095673,
        1.9266901347381116,
        4.926315232073097,
        2.129861957415819,
        4.306783101749264,
        1.9152602634866789,
        4.842636565762209,
        4.343217928399583,
        3.4007312152432356,
        3.7093989027889482,
        1.9451653860901148,
        3.53757204480739,
        0.8796287744510974,
        1.5544653066546814,
        3.5926490006240357,
        1.7139398104430794,
        3.1693704824335254,
        1.1858656129307015,
        2.7311855244339154
      ]
    ],
    "vqe2_time": [
      4.298291444778442,
      4.524213790893555,
      9.39505648612976
    ],
    "solution_vector": [
      0,
      0,
      0,
      0,
      1,
      1,
      1,
      1
    ],
    "solution_min_energy": -117.01900984059996,
    "solution_time": 0.022380590438842773,
    "matrix_size": 8,
    "qubo_matrix": [
      [
        -27.37936198095538,
        3.6438494556798693,
        7.287698911359739,
        1.8219247278399346,
        1.8219244558699201,
        3.6438489117398403,
        7.2876978234796805,
        1.8219244558699201
      ],
      [
        3.6438494556798693,
        -51.11487450623089,
        14.575397822719477,
        3.6438494556798693,
        3.6438489117398403,
        7.2876978234796805,
        14.575395646959361,
        3.6438489117398403
      ],
      [
        7.287698911359739,
        14.575397822719477,
        -87.65435118974231,
        7.287698911359739,
        7.2876978234796805,
        14.575395646959361,
        29.150791293918722,
        7.2876978234796805
      ],
      [
        1.8219247278399346,
        3.6438494556798693,
        7.287698911359739,
        -27.37936198095538,
        1.8219244558699201,
        3.6438489117398403,
        7.2876978234796805,
        1.8219244558699201
      ],
      [
        1.8219244558699201,
        3.6438489117398403,
        7.2876978234796805,
        1.8219244558699201,
        -27.380900029863597,
        3.643863942796744,
        7.287727885593488,
        1.821931971398372
      ],
      [
        3.6438489117398403,
        7.2876978234796805,
        14.575395646959361,
        3.6438489117398403,
        3.643863942796744,
        -51.117936116930444,
        14.575455771186975,
        3.643863942796744
      ],
      [
        7.2876978234796805,
        14.575395646959361,
        29.150791293918722,
        7.2876978234796805,
        7.287727885593488,
        14.575455771186975,
        -87.66041646267392,
        7.287727885593488
      ],
      [
        1.8219244558699201,
        3.6438489117398403,
        7.2876978234796805,
        1.8219244558699201,
        1.821931971398372,
        3.643863942796744,
        7.287727885593488,
        -27.380900029863597
      ]
    ],
    "ansatze": [
      "twolocal",
      "alternating_ry_rz",
      "random_circuit"
    ],
    "histories_energy": [
      [
        [
          -107.84968618763212,
          -107.34045541791282,
          -97.54676566485782,
          -105.89506937829505,
          -107.59319406185523,
          -106.17818585526334,
          -108.95000899128628,
          -109.16074140902252,
          -110.6879786866031,
          -110.63314580885535,
          -110.72212246409362,
          -110.64753774103171,
          -111.3170673823931,
          -111.13005238722155,
          -111.3499210785035,
          -112.44381965439479,
          -111.90850337757068,
          -113.16475792217355,
          -108.85068814442411,
          -112.06082910483956,
          -113.17910703436499,
          -113.81938973850708,
          -110.46937359897264,
          -113.71112233382465,
          -113.23978575650949,
          -114.15262694376457,
          -113.94867806242064,
          -113.81381793386359,
          -113.75434897501975,
          -113.9781077378783,
          -114.04904783170302,
          -114.19367930482878,
          -113.83192282966064,
          -108.03134904188425,
          -113.69841954854782,
          -104.06924342450779,
          -113.74950686681225,
          -111.006950151221,
          -113.18539072668841,
          -112.35316222331909,
          -114.03672465771122,
          -113.01112544840683,
          -114.14188072483867,
          -114.21830300431702,
          -114.19844865443059,
          -113.9345078332115,
          -114.21366997125826,
          -114.02385554661018,
          -114.31610796609434,
          -113.11885953909363,
          -114.14258829928069,
          -110.59256035830232,
          -114.61022201632387,
          -110.67576969891714,
          -114.41733383705521,
          -103.72291000943002,
          -114.30279509782771,
          -107.79481824353941,
          -114.13663742889078,
          -112.28413999538854,
          -114.1248179206123,
          -112.10884290505729,
          -113.66575436339608,
          -113.14103501720554,
          -114.3692594393653,
          -102.79221285257975,
          -114.47185373871898,
          -114.22213464104298,
          -113.05648937998896,
          -114.1561744820055,
          -114.38310424591478,
          -114.35110518206108,
          -114.094500680417,
          -114.3404846415308,
          -113.99149594467289,
          -114.2452035860231,
          -114.29963771821929,
          -114.25251874344586,
          -114.60098205667438,
          -114.00463638166028
        ]
      ],
      [
        [
          -94.75311764948081,
          -91.71401210261382,
          -102.94230578062147,
          -101.27801085660407,
          -102.23201181217861,
          -102.90845477277901,
          -106.39910015495119,
          -106.55305909832563,
          -105.65484720280968,
          -105.85748205388451,
          -107.5507068537301,
          -106.60478991172576,
          -106.5947428475181,
          -106.59383983399675,
          -106.89846003160503,
          -101.79431767948826,
          -106.20803597409041,
          -108.89479347565083,
          -107.36488553983312,
          -101.96769541029565,
          -105.73077182313006,
          -107.79917925693918,
          -106.4029766814739,
          -106.85206961579424,
          -106.10954179341165,
          -109.32562582158245,
          -108.27316188563655,
          -108.966438674645,
          -108.76552385066002,
          -108.66549779367969,
          -108.84633288249032,
          -109.244640960323,
          -108.6894913221227,
          -108.4840511520093,
          -108.3562058597673,
          -108.97956268749043,
          -107.98005276121422,
          -108.04649498463009,
          -108.66759347986448,
          -108.42226543443913,
          -108.56626792919607,
          -108.77851904588485,
          -108.49511702582015,
          -108.0899573519006,
          -108.06167790854029,
          -108.50375729788652,
          -108.57478801627494,
          -108.38538751441399,
          -108.97830930625102,
          -109.5153303335559,
          -108.24494239458065,
          -103.81470715631092,
          -108.49565700637156,
          -110.09337502448791,
          -109.0576261580943,
          -105.89471165634785,
          -109.91504763303897,
          -110.01112241601557,
          -110.20431818087523,
          -109.28138957216765,
          -110.16866314899708,
          -110.14206545101808,
          -107.50192597887585,
          -109.99104715545802,
          -110.12663345405883,
          -110.85009892561914,
          -107.95732594920518,
          -108.682069586313,
          -111.83584218549858,
          -110.28579062124852,
          -110.35290279879362,
          -110.56386101045959,
          -111.52255388255665,
          -110.0329473908738,
          -111.63235595717718,
          -111.96322999830916,
          -111.97348178947631,
          -111.88501770387076,
          -112.03715524893919,
          -112.19713447980392
        ]
      ],
      [
        [
          -92.21111418988765,
          -92.4260428807129,
          -90.60414668347022,
          -96.38389138816254,
          -97.9223291324084,
          -94.39864735411422,
          -98.01159549046342,
          -98.96630752138643,
          -100.05048622901535,
          -101.92629925561103,
          -101.92399451017494,
          -102.82705611705543,
          -103.88476363454802,
          -101.80981259541879,
          -98.26951222621942,
          -99.44263647758453,
          -103.18884414819553,
          -102.88213989328082,
          -104.4491668429048,
          -98.46525110378157,
          -102.91499687073446,
          -101.31996355795214,
          -97.24068593976277,
          -102.12754219775019,
          -103.98965369694255,
          -104.0757590218562,
          -104.66777669582561,
          -104.23075668215539,
          -103.73450864955299,
          -104.10546317955855,
          -104.23128545025763,
          -103.71784369665583,
          -103.52788084360456,
          -103.78380051707327,
          -103.63364742509184,
          -104.04989178547842,
          -104.43390383821242,
          -103.92560559320505,
          -103.43568016497994,
          -103.53356426992177,
          -104.38866551498376,
          -104.8761972020367,
          -103.79319098584836,
          -103.76893376036412,
          -102.90296075150297,
          -102.31248535295337,
          -103.50276261103909,
          -103.84045319326458,
          -103.96110011188418,
          -103.6775924072725,
          -103.58008698172908,
          -103.54473897371761,
          -104.64181850713099,
          -102.47708470735533,
          -104.24858418864297,
          -104.09156318668703,
          -104.00809679173274,
          -103.16010295153231,
          -103.12017743697504,
          -103.4955803362563,
          -103.36584856785353,
          -103.3567289122268,
          -104.10278228284598,
          -104.61245147430525,
          -103.97541055929645,
          -103.34874141700502,
          -103.68028064992576,
          -104.38829614430921,
          -103.88425264658149,
          -104.0208161056676,
          -104.77752466407637,
          -102.79434874230166,
          -103.5865357288823,
          -101.95058158583822,
          -105.07597716819039,
          -101.09371035046529,
          -106.35733933526515,
          -104.71127931559101,
          -104.52799873183432,
          -102.0815253753428
        ]
      ]
    ]
  },
  {
    "vqe2_energy": [
      -136.32139909342453,
      -82.93970422549266,
      -134.27004013960268
    ],
    "vqe2_vector": [
      [
        1,
        1,
        0,
        1,
        1,
        1,
        0,
        1
      ],
      [
        1,
        0,
        0,
        1,
        1,
        0,
        0,
        0
      ],
      [
        1,
        1,
        0,
        1,
        0,
        0,
        1,
        1
      ]
    ],
    "vqe2_min_error": [
      4.210572844831617e-05,
      39.15873087079649,
      1.5048374670762144
    ],
    "vqe2_params": [
      [
        1.2202083570409477,
        2.956939522956489,
        2.889019065668755,
        0.17377156457057458,
        -0.045932360111522436,
        4.8156069002890955,
        1.5540582934571352,
        2.763833448972719,
        7.250006604462083,
        6.333880791204399,
        4.513341821729781,
        4.219580950786114,
        2.9140487632915075,
        1.0974470812547978,
        4.949378084899064,
        4.218227114552599,
        4.632521359292397,
        3.033410558270663,
        5.933374209164861,
        2.2494108921824596,
        4.067678250596144,
        4.645499880973648,
        5.246781528496717,
        0.8102633333956158,
        4.901417358404027,
        3.6162801381169443,
        4.935229968582474,
        0.16746058184006804,
        2.152775073664122,
        0.27283657022914903,
        4.960933546777992,
        5.822265111055578
      ],
      [
        5.349488834866532,
        5.907932193913984,
        4.927537142503978,
        5.233935544196572,
        0.1735928116636068,
        2.288264953075641,
        0.08366595852874219,
        3.9591281530886167,
        4.453775393852783,
        5.604736831836377,
        4.602497951780088,
        0.29109797795465414,
        0.2608994762949776,
        1.5300185107560376,
        4.681857842426112,
        5.321055587618758,
        1.3722275055680588,
        5.3654569138950725,
        5.1712573250946425,
        2.056960554577541,
        3.6940516897345974,
        0.13516896875795095,
        3.1398595179552045,
        0.11227108690784664,
        2.182664093199404,
        1.9036952254301518,
        2.0340091811652825,
        2.212892953058802,
        0.6598051725899168,
        5.679513220911304,
        5.577147533185792,
        5.5306152349999556,
        5.5297136054125575,
        1.1409151841724776,
        4.394082641695895,
        4.55904154186277,
        0.5568302204443566,
        0.4622344744690007,
        2.6562561562864793,
        0.5836991496775525,
        0.9820295038840384,
        3.5448363840963673,
        1.8274667649000385,
        6.246002244550685,
        0.9585744807215898,
        3.8748315602659695,
        3.9932454042430168,
        5.777741942352332
      ],
      [
        2.346612136742994,
        1.29107220061439,
        3.060960745394123,
        5.584876778152011,
        2.106638423041626,
        5.793268334728135,
        7.3424118235006794,
        2.7167604744963545,
        1.4864066206427993,
        4.388299076779827,
        5.03104666220668,
        0.597182216430682,
        5.2236527769514325,
        3.6727736101224386,
        1.623319604643075,
        4.109823333950936,
        2.5593790994906276,
        4.731694935292353,
        2.7106887411837106,
        4.271142128881768,
        1.3191669459811495,
        3.242253853116664,
        1.08431856944212,
        2.397273652049098,
        3.521797806149538,
        4.323547711044574,
        2.777122898531971,
        4.758376476974856,
        3.595997070396928,
        4.004725044823698,
        3.622451728667815,
        1.693172505701183,
        0.836088697804308,
        2.5174490104747402,
        5.355041663013282,
        5.053360421862721,
        4.658180620112932,
        0.08269210467492163,
        1.279716619512342,
        1.9530604786617856,
        6.230864042068472,
        3.6472098656060465,
        0.20556850435303897,
        0.20143987532257657,
        3.802956216797776,
        6.168622545859602,
        3.206646609226549,
        0.6461834066451431,
        6.040264307186033,
        2.042844173014377,
        2.014492092718085,
        6.133522617909501,
        0.007394430250552741,
        0.12374275002816233,
        5.681533851753322,
        4.217469190236404,
        0.7055992418688888,
        3.9605454394496578,
        2.0252770740425454,
        1.3752524172147538,
        3.888805420068372,
        2.2122804993912455,
        0.7489609947044987,
        1.2527685570609333,
        6.074687094029368,
        2.3366679191656954,
        5.664864831667878,
        2.190059445763158,
        3.00745332800357,
        2.3467077288049665,
        6.236771918079667,
        1.2730838413803887
      ]
    ],
    "vqe2_time": [
      5.6772143840789795,
      4.3654749393463135,
      7.807506084442139
    ],
    "solution_vector": [
      1,
      1,
      1,
      0,
      1,
      0,
      0,
      0
    ],
    "solution_min_energy": -136.32145649256682,
    "solution_time": 0.021255970001220703,
    "matrix_size": 8,
    "qubo_matrix": [
      [
        -31.88911874273396,
        4.242553766651831,
        8.485107533303662,
        2.1212768833259155,
        2.121276611355901,
        4.242553222711802,
        8.485106445423604,
        2.121276611355901
      ],
      [
        4.242553766651831,
        -59.53568371881609,
        16.970215066607324,
        4.242553766651831,
        4.242553222711802,
        8.485106445423604,
        16.970212890847208,
        4.242553222711802
      ],
      [
        8.485107533303662,
        16.970215066607324,
        -102.10115237102485,
        8.485107533303662,
        8.485106445423604,
        16.970212890847208,
        33.940425781694415,
        8.485106445423604
      ],
      [
        2.1212768833259155,
        4.242553766651831,
        8.485107533303662,
        -31.88911874273396,
        2.121276611355901,
        4.242553222711802,
        8.485106445423604,
        2.121276611355901
      ],
      [
        2.121276611355901,
        4.242553222711802,
        8.485106445423604,
        2.121276611355901,
        -31.889126952100185,
        4.242568253768706,
        8.485136507537412,
        2.121284126884353
      ],
      [
        4.242553222711802,
        8.485106445423604,
        16.970212890847208,
        4.242553222711802,
        4.242568253768706,
        -59.53568565043167,
        16.970273015074824,
        4.242568253768706
      ],
      [
        8.485106445423604,
        16.970212890847208,
        33.940425781694415,
        8.485106445423604,
        8.485136507537412,
        16.970273015074824,
        -102.10109828578851,
        8.485136507537412
      ],
      [
        2.121276611355901,
        4.242553222711802,
        8.485106445423604,
        2.121276611355901,
        2.121284126884353,
        4.242568253768706,
        8.485136507537412,
        -31.889126952100185
      ]
    ],
    "ansatze": [
      "twolocal",
      "alternating_ry_rz",
      "random_circuit"
    ],
    "histories_energy": [
      [
        [
          -115.95877208041969,
          -117.10954370637728,
          -114.87828848048501,
          -114.21226491644654,
          -115.07809287821387,
          -111.32864301577204,
          -114.21964056342051,
          -115.66635347640032,
          -116.99252306460512,
          -117.26048670129882,
          -118.84769790568312,
          -117.55591687353763,
          -117.75183318635001,
          -116.24565227347426,
          -111.5746087507732,
          -116.74911000588963,
          -118.5783315554095,
          -118.57040679695108,
          -119.7908069636308,
          -119.70264391460404,
          -121.33393148234265,
          -119.55774533672954,
          -119.59363833254017,
          -117.05951903032141,
          -119.74189837589884,
          -121.89950404069953,
          -122.61913069676768,
          -121.1502445107216,
          -120.87175719964979,
          -121.22929343578576,
          -122.59385575025296,
          -120.70868905150967,
          -121.42157930733444,
          -124.68586100065517,
          -119.96083048438487,
          -125.84383862556447,
          -126.9933816071509,
          -126.60398603759889,
          -124.0541496200148,
          -126.39179317415349,
          -126.0257482403981,
          -126.21495412288664,
          -128.201305079707,
          -128.307079715224,
          -128.34194451413757,
          -125.85950472993012,
          -123.73108225897897,
          -127.42706975449966,
          -127.10310192795414,
          -128.49014530931996,
          -126.00433652228932,
          -126.88553846612005,
          -126.72763140011237,
          -127.73555048645682,
          -113.45852154404677,
          -127.25819504338645,
          -125.69195858115647,
          -127.52798387392055,
          -128.0300484102478,
          -128.26874893917818,
          -128.05885263815566,
          -127.1379148509848,
          -127.9958583683837,
          -128.31671736657313,
          -127.7207902717129,
          -127.38397672219449,
          -127.50686243388674,
          -129.3941904559511,
          -127.24583087912335,
          -125.89835311595087,
          -126.83156471192785,
          -128.3424542056348,
          -130.1496114253209,
          -129.330158321766,
          -126.85206799754535,
          -129.68034119659174,
          -131.08054469449957,
          -129.02406688527668,
          -130.36061418162464,
          -131.54852298009834
        ]
      ],
      [
        [
          -117.34365819173203,
          -116.04141611410945,
          -114.55770783743664,
          -112.75241378382316,
          -115.34872132876026,
          -115.06504658125883,
          -116.65997469561138,
          -115.71563830895026,
          -115.51354538118906,
          -115.53479163107794,
          -114.97750517924312,
          -114.28683901225112,
          -115.79913941753219,
          -115.38233528903353,
          -115.0566075175824,
          -116.54262759991273,
          -114.62344615847499,
          -114.83526553980805,
          -116.25058591366678,
          -114.11444640379601,
          -116.89308232317245,
          -115.586786822313,
          -115.16109069039615,
          -116.49207917598478,
          -115.76556026148826,
          -115.30852063736947,
          -117.51294443264673,
          -116.78253637141461,
          -115.80147304524198,
          -116.0584562628924,
          -114.8804897696429,
          -114.55833462361056,
          -115.2130036233388,
          -115.10245807150356,
          -114.96030600116372,
          -115.46895650174343,
          -115.95894771743966,
          -114.59526800951723,
          -115.28919918674121,
          -115.07220303117666,
          -113.50671119786874,
          -115.8354009725865,
          -114.9926383665951,
          -114.27751669576816,
          -117.01233399902877,
          -116.19417887554346,
          -115.50169259730548,
          -115.22481582342279,
          -114.66980487281879,
          -116.89445030044374,
          -114.50208533543717,
          -113.94906696299192,
          -114.40827766068371,
          -115.20404349285894,
          -114.4408827910412,
          -115.57401066354662,
          -115.57121328890858,
          -115.74552523389985,
          -116.40594473685569,
          -116.88391537244185,
          -115.40720989799051,
          -115.38141345883733,
          -114.57993451678476,
          -116.60812239250384,
          -115.25895792469946,
          -115.19927622952194,
          -115.62644458115376,
          -116.79104413253033,
          -115.48364241108101,
          -116.01085493700867,
          -115.50051172528445,
          -116.89173953069452,
          -115.2954220180866,
          -115.91626085940389,
          -113.44749658599304,
          -115.34648708491062,
          -117.16010195455324,
          -116.8346542344567,
          -115.81882663038904,
          -115.95982691124188
        ]
      ],
      [
        [
          -104.50930969135933,
          -100.39727308971095,
          -103.63390602840013,
          -103.21970640192788,
          -111.70083322662111,
          -111.19072684568161,
          -107.21717641475358,
          -112.22880934066836,
          -116.37729579368794,
          -112.4426499397412,
          -115.27604458281554,
          -110.29281761359636,
          -111.91607776650594,
          -118.01003582525873,
          -116.65508355872126,
          -122.69110711931279,
          -119.17345297305127,
          -117.31144572647975,
          -122.94155676743586,
          -121.97908574812237,
          -122.69099394863197,
          -122.14743575889305,
          -118.20519594903189,
          -123.67133739946448,
          -122.15152472532145,
          -123.6811301551655,
          -123.64590422598604,
          -123.69816898800516,
          -124.3664674986733,
          -124.05399647720728,
          -123.42424336674566,
          -122.8267596598473,
          -122.5327417262336,
          -122.37339670501866,
          -124.08803089861435,
          -123.54167821723674,
          -124.0236949862485,
          -123.78763343381885,
          -123.72433497931061,
          -123.10239789962361,
          -123.552037522706,
          -124.90090319041505,
          -122.04590714990567,
          -121.62921341040834,
          -123.2554184660388,
          -123.15368296930635,
          -123.36809066276416,
          -123.49873652750654,
          -123.28152891948451,
          -123.1064905304269,
          -123.85606268275798,
          -123.45091977685868,
          -123.0587825441135,
          -123.69149280526585,
          -123.36773108070813,
          -123.28717538256677,
          -123.3182586978122,
          -123.05266839388437,
          -123.70614855584853,
          -123.75769471437391,
          -122.75760566328866,
          -123.45853904107547,
          -124.13190557456973,
          -122.2264857780058,
          -123.69148826125988,
          -123.33690926633548,
          -123.23174684995497,
          -123.99670758123294,
          -122.94606540481735,
          -123.53489344263309,
          -122.33164505044856,
          -124.16241748429792,
          -123.23009255140248,
          -122.7279950099479,
          -127.29580687166944,
          -123.34555444444436,
          -127.18256307708984,
          -126.99136478608,
          -127.56455436736344,
          -126.01076880726865
        ]
      ]
    ]
  },
  {
    "vqe2_energy": [
      -137.65466462107943,
      -137.6486529450951,
      -118.16138022231793
    ],
    "vqe2_vector": [
      [
        0,
        1,
        0,
        1,
        0,
        0,
        1,
        1
      ],
      [
        0,
        1,
        1,
        1,
        1,
        0,
        0,
        0
      ],
      [
        0,
        1,
        0,
        1,
        0,
        1,
        0,
        0
      ]
    ],
    "vqe2_min_error": [
      0.0031565093527197163,
      0.00752358709886769,
      14.163714849365071
    ],
    "vqe2_params": [
      [
        0.2738797391237348,
        0.02879576199865944,
        3.292589824090932,
        5.50863767660613,
        2.346503124988054,
        3.270518457265708,
        5.256604560311839,
        1.2401798452866344,
        6.895236048453442,
        3.4099258474370058,
        4.076830341048177,
        -0.049117166119282345,
        5.3727492248791,
        3.4893692000145364,
        6.646376543795924,
        6.938625157830715,
        2.3050980646732957,
        3.098209172158032,
        4.462472141276949,
        0.4725270745742377,
        4.898847709128041,
        3.0911770439506663,
        2.3010714390896894,
        4.625931806362844,
        5.570749527384061,
        5.337415203145819,
        7.340068515443254,
        3.1847355687685446,
        6.209768072069233,
        3.633243074172778,
        4.915229959272003,
        4.9806536276739335
      ],
      [
        7.581912394915548,
        5.5143567358197005,
        3.232581248809446,
        6.118887978614997,
        1.1164616678181827,
        6.709317807522414,
        1.8097049924526831,
        4.561745029393031,
        1.5214238788784336,
        4.260840018465169,
        2.79302378906652,
        0.6716830255192331,
        5.29683443683659,
        -0.5244749510178518,
        4.482064557949341,
        4.680469791926351,
        1.0541060220637732,
        1.1126479108536318,
        -0.10117382714795804,
        3.097936638382981,
        5.282061367399142,
        3.0185181858799592,
        4.852847773613919,
        5.10074262054949,
        1.5431491961446813,
        1.1975988362569925,
        3.8400363389198073,
        2.0145325435287673,
        2.5524832951355476,
        2.585344448114237,
        0.6441705125696948,
        1.1684341270849905,
        0.30036214806598954,
        2.2015028186760675,
        3.681724420281853,
        1.6908449787902589,
        4.000160864856241,
        2.481125646484425,
        1.0636024681295746,
        1.1837650337762993,
        1.2302282732788037,
        2.603304381850057,
        5.547993145262037,
        0.38144944930858016,
        2.7907009222872703,
        2.81409673075504,
        0.15158510910854942,
        0.08503037327636254
      ],
      [
        7.008053815240082,
        0.3803797649711729,
        7.260533837882361,
        3.4678498805200246,
        3.2531946543666175,
        3.3472996543943623,
        5.055982085607338,
        3.4323093365933994,
        2.354566434095667,
        1.0153040256445036,
        4.658304747228822,
        6.633233869243793,
        1.5301652167292619,
        2.7654427661519567,
        0.9389492777334744,
        2.8707668374997506,
        3.834614334221547,
        4.417452566708898,
        4.874601252783756,
        3.0850977859776494,
        1.5747944824495972,
        4.226256766406628,
        0.8346671007602603,
        4.909167448927163,
        3.5142218155299103,
        4.445382803552699,
        6.060286357660646,
        3.2417827212641956,
        3.632489643079145,
        1.555323078969035,
        0.4540486798090879,
        3.797574427226969,
        3.523957174402939,
        4.081250736038094,
        5.328349582018208,
        1.569459190978742,
        6.093442182036664,
        1.820302453821838,
        4.457733189069124,
        0.40046372363744437,
        5.318133283735264,
        4.150076997094462,
        1.7665485230387743,
        5.971758075944979,
        7.272431882122044,
        4.268937393845592,
        2.3073284644691374,
        0.13366474302163317,
        2.0083571287321957,
        2.919899393259997,
        6.084956800716034,
        2.5264502582365025,
        6.002336290979405,
        1.7521443765762323,
        2.439620422271634,
        5.974826473131704,
        1.6203305869986202,
        2.701327205209845,
        1.9742873450421483,
        1.7842650313613444,
        0.15903616960568243,
        4.944354468148472,
        0.9389695547910409,
        3.2104795088333975,
        0.5407516022827863,
        0.6586678353097921,
        3.7030145020897454,
        3.918808843809515,
        2.4214466932647265,
        4.621701495633897,
        1.85083563919131,
        1.0902695898711747
      ]
    ],
    "vqe2_time": [
      5.079691648483276,
      5.984934568405151,
      10.513241291046143
    ],
    "solution_vector": [
      0,
      0,
      0,
      0,
      1,
      1,
      1,
      1
    ],
    "solution_min_energy": -137.6590098405999,
    "solution_time": 0.021792173385620117,
    "matrix_size": 8,
    "qubo_matrix": [
      [
        -32.19936198095538,
        4.283849455679869,
        8.567698911359738,
        2.1419247278399345,
        2.1419244558699204,
        4.283848911739841,
        8.567697823479682,
        2.1419244558699204
      ],
      [
        4.283849455679869,
        -60.11487450623089,
        17.135397822719476,
        4.283849455679869,
        4.283848911739841,
        8.567697823479682,
        17.135395646959363,
        4.283848911739841
      ],
      [
        8.567698911359738,
        17.135397822719476,
        -103.0943511897423,
        8.567698911359738,
        8.567697823479682,
        17.135395646959363,
        34.27079129391873,
        8.567697823479682
      ],
      [
        2.1419247278399345,
        4.283849455679869,
        8.567698911359738,
        -32.19936198095538,
        2.1419244558699204,
        4.283848911739841,
        8.567697823479682,
        2.1419244558699204
      ],
      [
        2.1419244558699204,
        4.283848911739841,
        8.567697823479682,
        2.1419244558699204,
        -32.2009000298636,
        4.283863942796744,
        8.567727885593488,
        2.141931971398372
      ],
      [
        4.283848911739841,
        8.567697823479682,
        17.135395646959363,
        4.283848911739841,
        4.283863942796744,
        -60.117936116930444,
        17.135455771186976,
        4.283863942796744
      ],
      [
        8.567697823479682,
        17.135395646959363,
        34.27079129391873,
        8.567697823479682,
        8.567727885593488,
        17.135455771186976,
        -103.1004164626739,
        8.567727885593488
      ],
      [
        2.1419244558699204,
        4.283848911739841,
        8.567697823479682,
        2.1419244558699204,
        2.141931971398372,
        4.283863942796744,
        8.567727885593488,
        -32.2009000298636
      ]
    ],
    "ansatze": [
      "twolocal",
      "alternating_ry_rz",
      "random_circuit"
    ],
    "histories_energy": [
      [
        [
          -119.82950772060576,
          -113.04915860759017,
          -107.21901703963982,
          -110.58699137714592,
          -119.36931189915967,
          -118.12749749684914,
          -117.28145411480743,
          -118.54916305037992,
          -116.26652972039132,
          -120.83676967557915,
          -115.53892592029118,
          -116.77993935325485,
          -119.53751232407735,
          -120.36880983036598,
          -121.31405172191924,
          -121.54113389210609,
          -121.81724031710792,
          -122.09120737091999,
          -117.48655136518542,
          -119.22951783409042,
          -121.81843469357248,
          -121.65773692858355,
          -117.86263863089486,
          -122.39631744063611,
          -124.0389673929771,
          -124.09314735294032,
          -123.38227407592186,
          -124.8033515678005,
          -124.40431363513089,
          -124.64975596773346,
          -125.35519535360329,
          -123.58861725470844,
          -122.97125648935024,
          -128.1943150271664,
          -127.44554126074475,
          -128.09617348008612,
          -120.67058447574121,
          -123.8867916916808,
          -127.5125825459612,
          -128.25703406836635,
          -128.38874548949465,
          -128.50670601320866,
          -128.54316540831377,
          -127.47199021372728,
          -127.07846597819399,
          -128.71793647099315,
          -133.3946487634501,
          -126.69711030992207,
          -133.33495552359742,
          -132.22889486333122,
          -133.69643124338148,
          -132.92885362035378,
          -133.65721877503904,
          -133.72077072424221,
          -133.52689427089777,
          -133.1010423359329,
          -133.23258439368956,
          -131.09158374129305,
          -133.7576449282709,
          -133.66805112870097,
          -133.3645224801028,
          -133.18115721418042,
          -133.13503643812405,
          -133.44857651180104,
          -133.7108071712334,
          -133.1547430275677,
          -133.01113708068948,
          -131.35936015087682,
          -133.7889382123434,
          -130.48796988040897,
          -133.51637673379017,
          -130.23759327030234,
          -133.76799679553784,
          -133.90574392537988,
          -133.9777924062463,
          -133.43991822572372,
          -133.47714682153918,
          -126.25987240639974,
          -132.88529536812493,
          -133.56308051346548
        ]
      ],
      [
        [
          -108.6490792051314,
          -113.47114932711052,
          -115.8066538494052,
          -117.51548382875146,
          -115.7408517058078,
          -116.95939376965717,
          -114.64082823367723,
          -117.85195330078682,
          -114.78245959419709,
          -116.57648228688225,
          -118.03105104097683,
          -116.29432309893524,
          -116.98785598722249,
          -117.20331424888461,
          -116.01473726397428,
          -119.06893965996039,
          -117.43011638260477,
          -116.94261285649605,
          -117.37646050319749,
          -115.14842927329516,
          -117.90865507894065,
          -117.22012796640564,
          -120.83355661268789,
          -121.36365951001002,
          -119.05645197847635,
          -122.39147409017042,
          -121.2287488157885,
          -122.13394505032262,
          -121.46611383196598,
          -120.56054990864452,
          -121.67982639441898,
