[
  {
    "vqe2_energy": [
      -137.60482492204085,
      -118.54852962059863,
      -137.60788725799375
    ],
    "vqe2_vector": [
      [
        0,
        1,
        1,
        0,
        1,
        0,
        0,
        1
      ],
      [
        1,
        1,
        1,
        0,
        0,
        0,
        1,
        0
      ],
      [
        1,
        1,
        0,
        1,
        0,
        0,
        1,
        0
      ]
    ],
    "vqe2_min_error": [
      0.0066306561911311235,
      13.854278625521799,
      0.004405346939317933
    ],
    "vqe2_params": [
      [
        6.304993019507679,
        2.505208369565188,
        0.020979093100661574,
        5.7282122538317335,
        1.6183582901007665,
        3.3058836356945434,
        2.3832891212850247,
        1.6463945058352647,
        2.545029274321596,
        6.35089535391482,
        4.949291863459142,
        1.8646777814158242,
        3.3163672819969476,
        6.340263633944718,
        0.44087916216936246,
        6.399744070455057,
        2.145883336058279,
        4.031799589611935,
        0.5737750751822842,
        2.8853900465406173,
        4.738876502510038,
        0.03333929457762485,
        0.22855071650842515,
        1.5044128543984847,
        1.7595580612765838,
        2.3953466178751186,
        1.1745946409789596,
        3.1134112612500315,
        6.01352183243028,
        5.523373910615191,
        1.2772149695244186,
        1.2878636213022425
      ],
      [
        3.8043615357598903,
        0.7108493991817522,
        3.3058319400347713,
        6.559361660938194,
        5.949772479261242,
        3.4283546772514817,
        1.919925446559238,
        4.882136088350583,
        3.6420406915165393,
        5.198857816483489,
        0.2225636147652644,
        0.482325942587431,
        0.06718307505000863,
        1.6388230625265547,
        4.437146146298055,
        1.1980084491258285,
        0.969850516697004,
        3.182501420011952,
        3.4049338132551594,
        5.531431548429909,
        0.13761852937243224,
        5.5763876897812805,
        0.17469401305190507,
        3.7578726188547913,
        2.12353091759939,
        4.363315303572209,
        4.224034220818095,
        3.9237801372166707,
        3.965922050065334,
        5.587204957516748,
        0.6874697983755329,
        0.8203099285134171,
        6.352993617394566,
        4.693312732254446,
        6.185407411223387,
        1.4180543778937913,
        0.023916743239598495,
        3.427537980708059,
        5.6427609509571095,
        1.9566092986317911,
        4.728572450091149,
        1.7050228660451512,
        4.652745073033717,
        0.17361389258854343,
        -0.01730876930391851,
        5.331390103152812,
        3.9118210736233046,
        0.7170327679366104
      ],
      [
        6.886758598105207,
        2.2450566964696717,
        6.186898370368277,
        0.3465452760865845,
        2.2290709260934136,
        3.9227452170400707,
        4.485344478258381,
        5.545537276894567,
        1.5538292536140732,
        0.930076024108063,
        2.401400881540328,
        3.3924987179112835,
        3.114070556741134,
        5.18096044185054,
        5.876409395480876,
        1.3771640077870058,
        0.6423012190014421,
        3.143178875967339,
        1.9918799872364066,
        4.5006063196817445,
        1.9685207784847198,
        2.5716588180954956,
        1.5460855563605524,
        5.7350221483107084,
        6.080944749314669,
        5.787719133511739,
        1.3980714154236513,
        5.4170295739673975,
        3.1392606537111956,
        2.187376220377449,
        2.9265070773983672,
        3.81828945962193,
        2.9654720625992064,
        1.0959444867480657,
        2.903797199376953,
        0.418276803075684,
        1.0911013193015817,
        6.27151835325149,
        3.903827483501278,
        3.5554465238697626,
        3.7723698117814175,
        1.4808517225253908,
        2.958284953408396,
        4.888076404999959,
        0.7121414529799909,
        4.065713917811005,
        5.597372874019665,
        3.155490270347408,
        1.9297386431212555,
        1.0664961859645115,
        4.090870477574949,
        0.02524986496957352,
        1.8884266226306532,
        0.20171808953064263,
        1.711661593517461,
        3.644973273119883,
        3.4324186130817327,
        2.0218785483880057,
        0.14669124852208132,
        5.9670993176635365,
        0.4593922926597247,
        5.917264156503924,
        2.6307216826481072,
        1.0526205058003748,
        5.479015061444244,
        6.067881934752709,
        0.10865699866311318,
        5.818421381712162,
        0.4902818025296241,
        3.5293348755470872,
        4.403987607588662,
        1.6315431364238169
      ]
    ],
    "vqe2_time": [
      3.7267632484436035,
      3.955519914627075,
      10.110910892486572
    ],
    "solution_vector": [
      0,
      0,
      0,
      0,
      1,
      1,
      1,
      1
    ],
    "solution_min_energy": -137.61394962991184,
    "solution_time": 0.022747039794921875,
    "matrix_size": 8,
    "qubo_matrix": [
      [
        -32.18870533252144,
        4.282425030026649,
        8.564850060053297,
        2.1412125150133243,
        2.1412124243566533,
        4.2824248487133065,
        8.564849697426613,
        2.1412124243566533
      ],
      [
        4.282425030026649,
        -60.09498563501622,
        17.129700120106595,
        4.282425030026649,
        4.2824248487133065,
        8.564849697426613,
        17.129699394853226,
        4.2824248487133065
      ],
      [
        8.564850060053297,
        17.129700120106595,
        -103.06027114992585,
        8.564850060053297,
        8.564849697426613,
        17.129699394853226,
        34.25939878970645,
        8.564849697426613
      ],
      [
        2.1412125150133243,
        4.282425030026649,
        8.564850060053297,
        -32.18870533252144,
        2.1412124243566533,
        4.2824248487133065,
        8.564849697426613,
        2.1412124243566533
      ],
      [
        2.1412124243566533,
        4.2824248487133065,
        8.564849697426613,
        2.1412124243566533,
        -32.19024821046861,
        4.282429859065607,
        8.564859718131213,
        2.1412149295328033
      ],
      [
        4.2824248487133065,
        8.564849697426613,
        17.129699394853226,
        4.2824248487133065,
        4.282429859065607,
        -60.098066561871605,
        17.129719436262427,
        4.282429859065607
      ],
      [
        8.564849697426613,
        17.129699394853226,
        34.25939878970645,
        8.564849697426613,
        8.564859718131213,
        17.129719436262427,
        -103.06641368748078,
        8.564859718131213
      ],
      [
        2.1412124243566533,
        4.2824248487133065,
        8.564849697426613,
        2.1412124243566533,
        2.1412149295328033,
        4.282429859065607,
        8.564859718131213,
        -32.19024821046861
      ]
    ],
    "ansatze": [
      "twolocal",
      "alternating_ry_rz",
      "random_circuit"
    ],
    "histories_energy": [
      [
        [
          -107.25722348063125,
          -111.74401844005247,
          -127.6760498013252,
          -116.38704133850197,
          -127.46474119951868,
          -123.2811311057237,
          -127.5043207555614,
          -126.5025228377504,
          -128.22502896595728,
          -127.31853401504932,
          -126.54442790668696,
          -127.73676728695631,
          -127.60088175824905,
          -128.09773408987132,
          -128.10823947958443,
          -127.7490505001938,
          -129.61700975994117,
          -127.5658811036038,
          -127.88149459276394,
          -123.09618727380982,
          -127.85882065869772,
          -125.93729712444046,
          -122.84855158046616,
          -128.47950133709236,
          -127.65495829300065,
          -128.44926984246308,
          -128.640788446826,
          -128.19268295739414,
          -127.82821542807554,
          -127.78275508714329,
          -129.33301648684716,
          -128.79395550866988,
          -128.44536415695129,
          -130.42906913068222,
          -128.29205845035398,
          -127.97321374600371,
          -133.1184180048098,
          -130.8393785335714,
          -131.96014540058138,
          -132.26951118962836,
          -131.0871762274369,
          -133.73125226899606,
          -134.22873170529905,
          -134.2690091373876,
          -133.63068055575866,
          -133.69750694917144,
          -134.22030816665864,
          -133.91155822269957,
          -133.9562198100393,
          -134.38436755224558,
          -134.00629693536052,
          -132.92872477268295,
          -134.22564035429974,
          -134.8213048254533,
          -134.65126799585104,
          -133.6437716832816,
          -134.81892682485238,
          -130.82290639078946,
          -133.7363640510126,
          -134.83277660067145,
          -134.36616987047287,
          -134.28871631978683,
          -134.91586929887194,
          -134.05119554586906,
          -134.1116093375508,
          -134.20296592725055,
          -133.6746479856557,
          -133.53826422571373,
          -133.8557411064224,
          -134.9969025611176,
          -135.0646360071234,
          -135.1847261659812,
          -135.36306075703686,
          -135.24124822212832,
          -135.600909407161,
          -134.90432118184853,
          -135.60887272937035,
          -134.9892427901083,
          -134.95349994579618,
          -135.298563605427
        ]
      ],
      [
        [
          -116.28435870249284,
          -118.08061698534163,
          -116.51285402854222,
          -119.1983214774458,
          -120.06044059530592,
          -121.96163600899482,
          -121.18999793668588,
          -121.65456528534828,
          -121.18334510968828,
          -119.46773525756288,
          -121.65990838320565,
          -119.40912769535369,
          -118.94646932453043,
          -119.55248448540873,
          -116.93829543438031,
          -121.26489091344492,
          -119.44924988408225,
          -119.71341265678117,
          -120.23543753886577,
          -114.16478302744096,
          -119.06401942965857,
          -118.5401073647262,
          -119.20541168672963,
          -121.49577891131507,
          -121.30991453975399,
          -121.33148866516082,
          -119.76001426965959,
          -120.60543442364322,
          -119.58492324988835,
          -119.90234213965043,
          -119.95562602483939,
          -119.85315627855975,
          -120.67369479415095,
          -119.35521121110516,
          -121.3425413185355,
          -119.25912607744196,
          -119.90262098044727,
          -118.55027400269003,
          -119.58750133141962,
          -119.47446907623187,
          -120.15704645885731,
          -119.98911100915954,
          -119.4131825521947,
          -119.64779860814889,
          -120.31483611491754,
          -119.41307467136814,
          -119.85430793547076,
          -120.47820969930684,
          -120.00224252322303,
          -122.54143540878124,
          -121.8355132332535,
          -121.2448511163695,
          -120.8225503987146,
          -121.65004001935512,
          -122.44273085589285,
          -120.89583001020479,
          -121.49095785316341,
          -122.16352079875847,
          -121.15044901021864,
          -122.48846994725601,
          -121.26561455887881,
          -121.87691721457959,
          -122.7864052559262,
          -122.27548822319503,
          -122.59522862172966,
          -121.9932107256732,
          -123.33922740747079,
          -123.07569197909353,
          -122.98852396224476,
          -123.61130752236338,
          -123.31495192401826,
          -122.87029450446711,
          -123.25106842292764,
          -123.4018673686878,
          -122.39238292323816,
          -122.02363428929674,
          -121.96897066710724,
          -123.61367367631652,
          -123.00479288858622,
          -122.35960846097566
        ]
      ],
      [
        [
          -124.0360777944424,
          -124.61811744678222,
          -122.94343965034486,
          -123.1732299565334,
          -120.86263176777857,
          -122.93230440856433,
          -124.13695343821936,
          -126.01452567020355,
          -125.17441454631962,
          -126.79756296472647,
          -126.44199548362134,
          -121.07532707976517,
          -121.05460712815619,
          -126.28111962699008,
          -124.71659848620632,
          -124.51575338576176,
          -126.7153944054412,
          -125.90535731924109,
          -121.54838381387776,
          -122.32508346088633,
          -126.23332536676683,
          -124.81153962054974,
          -121.49382278284386,
          -125.27534987841008,
          -126.9610474508537,
          -126.61939882119961,
          -126.38890849014516,
          -126.57463516166044,
          -125.94663871243134,
          -127.50457184025703,
          -126.61857648406742,
          -127.16789741497448,
          -127.65419144800093,
          -126.96609826483686,
          -127.18950679977087,
          -127.5808418013886,
          -127.12563179216134,
          -126.7560479943203,
          -126.45643337771207,
          -126.88570497494125,
          -127.87510735698514,
          -127.21316528432297,
          -127.32509155822363,
          -126.97459636520306,
          -127.48558470920788,
          -126.79554103000864,
          -126.49789438829897,
          -127.51700988415031,
          -127.06374607857677,
          -127.98471879888663,
          -126.85256800781161,
          -126.29742027930422,
          -126.53050719956546,
          -126.27955578886532,
          -127.11690010742024,
          -126.81036031621184,
          -126.64946798905058,
          -126.76046042327252,
          -127.89546292824275,
          -126.91390354729731,
          -126.49372449657372,
          -127.40936168763673,
          -127.65583874143597,
          -126.95142045683765,
          -127.01132371165868,
          -126.52145755850256,
          -127.24405868260516,
          -127.00297832417131,
          -127.60142071520566,
          -126.74184723668074,
          -126.24168100872934,
          -127.17952005589132,
          -126.70305665514189,
          -124.07562551561104,
          -124.93724090035049,
          -122.39005986186048,
          -126.60357852815791,
          -125.85879485659409,
          -126.3423999206847,
          -122.3338642557639
        ]
      ]
    ]
  },
  {
    "vqe2_energy": [
      -93.74605162975377,
      -95.20009316677755,
      -89.20541360034207
    ],
    "vqe2_vector": [
      [
        1,
        0,
        1,
        0,
        0,
        0,
        1,
        0
      ],
      [
        1,
        0,
        1,
        0,
        0,
        1,
        0,
        1
      ],
      [
        1,
        0,
        1,
        0,
        1,
        0,
        0,
        0
      ]
    ],
    "vqe2_min_error": [
      1.52750589037558,
      0.00015519986095169358,
      6.297071582284319
    ],
    "vqe2_params": [
      [
        4.236393635747036,
        4.674987081023226,
        5.63014610640274,
        3.1308668554165595,
        4.335724421187613,
        2.966920766365668,
        0.6465092777323073,
        1.7511545522604106,
        2.270634517534141,
        1.6330279713380274,
        3.860128703966069,
        4.220208500415551,
        6.179185531494043,
        5.682549291850451,
        3.0973101123079445,
        5.448235784646707,
        1.7053798876120192,
        5.7890746259732175,
        5.209677389498556,
        3.2651364257244144,
        2.960115666178208,
        5.974341540909033,
        5.95507127800165,
        2.2591288554772393,
        2.8632205199440115,
        0.6885425547685993,
        2.561631138705982,
        1.2747764568689823,
        3.5343487303292727,
        6.0861513178551325,
        1.586361400157596,
        0.06337965436469829
      ],
      [
        4.195391853970609,
        6.510948328348259,
        1.7600025261060444,
        6.278548125293608,
        1.756508876156645,
        5.255581433943296,
        6.320513986285512,
        3.0528739796877358,
        1.974937914305027,
        2.8797830919353165,
        5.1197557672105,
        2.654871638135383,
        0.45678701259868026,
        7.416325648440925,
        4.4549262698459,
        4.995513067274643,
        1.8982625807484197,
        2.544350384402147,
        1.4904455669997763,
        3.3906539149422157,
        1.6858864256871102,
        4.462474586915442,
        3.8312807339876023,
        0.839415783269858,
        2.2902100295761283,
        1.4764166094840323,
        2.0136454755571678,
        2.8799433462370816,
        2.0384056635077212,
        2.884475536785072,
        4.073028093049575,
        3.575555528115834,
        0.8961536843126372,
        4.800764643404988,
        4.584578856279345,
        1.1051913828492708,
        3.9915435579051923,
        3.6748543712987263,
        1.714527293766313,
        4.488419394145183,
        3.967460393516859,
        5.474273804362484,
        0.204933358356414,
        1.231669146052021,
        3.705006043411027,
        3.8046839960234986,
        3.4121084926661935,
        3.680890817534638
      ],
      [
        5.297127127718682,
        3.6026917642038163,
        3.9299843741370313,
        3.23313818155853,
        6.975779411744739,
        1.6799647042916974,
        0.895750117153479,
        0.3480319192599454,
        2.958697593719969,
        6.563322074695802,
        3.6527827568179125,
        1.5463819305754964,
        2.742461586691661,
        2.720996370246877,
        4.27586792470111,
        1.5143297668214275,
        4.89162449545264,
        2.72730296696674,
        0.023590585233806007,
        1.4963079689468968,
        6.651192876499644,
        2.1627947188861065,
        2.187418377047856,
        2.906880690504007,
        1.1060807227734128,
        0.23382772841153515,
        2.4719203525782816,
        1.3120702621303497,
        2.9188283181431425,
        2.619422886717669,
        0.04054224781955323,
        4.282110455528925,
        2.219366264719987,
        3.083186343596447,
        2.4475767236387442,
        6.139286625195377,
        2.10820287887605,
        4.731549898448812,
        4.235696007751818,
        4.640503247061936,
        1.1908831903819104,
        4.273531420259869,
        3.2505685732988137,
        6.079806623462147,
        5.443696131065762,
        5.402473853719463,
        4.637646592106992,
        0.25558839714074466,
        2.208434060413433,
        2.867261505795463,
        4.5924490080772005,
        4.228181259569774,
        6.040420747975678,
        5.530413438870982,
        0.2752125607381818,
        4.144718457667321,
        2.1239359658138404,
        5.578025737491475,
        3.307583324193076,
        4.005757819714452,
        1.5499632991066234,
        1.4579171511554165,
        4.912821387244848,
        3.996826341994362,
        3.760940561423709,
        5.375899835464636,
        0.33763076942112463,
        0.9886321362130746,
        4.14037788481094,
        5.281822590701969,
        4.2543283861172805,
        0.36531935249286174
      ]
    ],
    "vqe2_time": [
      5.164008140563965,
      4.431838750839233,
      9.038375854492188
    ],
    "solution_vector": [
      1,
      1,
      1,
      0,
      0,
      0,
      0,
      1
    ],
    "solution_min_energy": -95.20024091741908,
    "solution_time": 0.021706581115722656,
    "matrix_size": 8,
    "qubo_matrix": [
      [
        -22.28641701225276,
        2.967539256438102,
        5.935078512876204,
        1.483769628219051,
        1.4837687216523365,
        2.967537443304673,
        5.935074886609346,
        1.4837687216523365
      ],
      [
        2.967539256438102,
        -41.60529476806742,
        11.870157025752407,
        2.967539256438102,
        2.967537443304673,
        5.935074886609346,
        11.870149773218692,
        2.967537443304673
      ],
      [
        5.935078512876204,
        11.870157025752407,
        -71.34043251038243,
        5.935078512876204,
        5.935074886609346,
        11.870149773218692,
        23.740299546437384,
        5.935074886609346
      ],
      [
        1.483769628219051,
        2.967539256438102,
        5.935078512876204,
        -22.28641701225276,
        1.4837687216523365,
        2.967537443304673,
        5.935074886609346,
        1.4837687216523365
      ],
      [
        1.4837687216523365,
        2.967537443304673,
        5.935074886609346,
        1.4837687216523365,
        -22.286408319982634,
        2.9675875468276844,
        5.935175093655369,
        1.4837937734138422
      ],
      [
        2.967537443304673,
        5.935074886609346,
        11.870149773218692,
        2.967537443304673,
        2.9675875468276844,
        -41.60522909313759,
        11.870350187310738,
        2.9675875468276844
      ],
      [
        5.935074886609346,
        11.870149773218692,
        23.740299546437384,
        5.935074886609346,
        5.935175093655369,
        11.870350187310738,
        -71.34010799896444,
        5.935175093655369
      ],
      [
        1.4837687216523365,
        2.967537443304673,
        5.935074886609346,
        1.4837687216523365,
        1.4837937734138422,
        2.9675875468276844,
        5.935175093655369,
        -22.286408319982634
      ]
    ],
    "ansatze": [
      "twolocal",
      "alternating_ry_rz",
      "random_circuit"
    ],
    "histories_energy": [
      [
        [
          -85.32255411215367,
          -84.20456354052334,
          -87.65890794794011,
          -86.09527976720322,
          -86.06522580501117,
          -85.0059825709743,
          -83.94298443835845,
          -84.54087937125024,
          -87.12522371109515,
          -85.40880077790439,
          -84.84098305637593,
          -87.05794637702164,
          -87.00844843879857,
          -87.68005539743095,
          -87.40187968391305,
          -86.6589381218881,
          -87.44494746528659,
          -86.59124873362731,
          -86.65944587877163,
          -87.86791186873266,
          -86.94271481633626,
          -87.59378533856781,
          -89.9003963205091,
          -88.95491611709812,
          -89.50691606672082,
          -89.34004802085393,
          -89.66404852710518,
          -89.11943179697826,
          -89.31874853137316,
          -89.16399073066243,
          -89.24588976857456,
          -89.69189873505275,
          -89.77185753242237,
          -85.35780914668734,
          -89.80573971031473,
          -88.38228771005959,
          -89.19408841105728,
          -87.67434013593243,
          -89.4395715087692,
          -89.64102968701029,
          -88.90559164472346,
          -89.08627810616012,
          -89.44131832955318,
          -89.51468686268475,
          -88.8975271314512,
          -88.97938101994575,
          -89.31455265062954,
          -89.60815700996054,
          -89.46016109584615,
          -89.3227295774529,
          -89.14945425266437,
          -89.96523702961571,
          -90.02675116738052,
          -89.69672511899174,
          -89.49007386746314,
          -89.6928169207871,
          -87.8210919720486,
          -90.36679101666562,
          -90.38364827261077,
          -90.14215996206572,
          -89.67908839607429,
          -90.18907199758289,
          -89.81166634282617,
          -90.19447452977475,
          -89.56391717621555,
          -89.95239205632166,
          -90.13208082247257,
          -89.9107201018093,
          -90.10559044200055,
          -89.88251790892268,
          -90.63538624722288,
          -90.76554903995597,
          -90.180129206998,
          -90.45990910580832,
          -90.43177398965304,
          -90.68291151373684,
          -90.46497652485141,
          -90.98040575929497,
          -90.33567744806389,
          -90.69181125811848
        ]
      ],
      [
        [
          -77.51845949777243,
          -76.38713593933511,
          -78.56300605458165,
          -78.86344735524585,
          -79.28298855272314,
          -80.73914846992956,
          -77.33338002192755,
          -81.2316131591934,
          -81.05364667553215,
          -82.74122441878816,
          -81.10286058136829,
          -82.24970609888808,
          -81.7729680419167,
          -80.11735311470997,
          -86.5353713069442,
          -86.87268547738151,
          -86.62552978234177,
          -87.03558561119166,
          -79.65368689151697,
          -87.95849766009387,
          -87.04255505356446,
          -88.63863796462938,
          -83.2986092177075,
          -85.69429964477533,
          -88.35529491548343,
          -88.58670205926099,
          -88.5945568813228,
          -88.76840563876627,
          -88.80618591997923,
          -88.22995618597263,
          -89.21065709793245,
          -88.64461550644691,
          -88.81105786492779,
          -88.45020539729518,
          -88.39018683990612,
          -88.13849007544673,
          -88.5433916896961,
          -89.34926557052954,
          -88.99080815356001,
          -87.92675235598838,
          -88.5633953728515,
          -89.33217910543588,
          -88.7809090630388,
          -88.79921263562017,
          -88.40311696309784,
          -88.37047052388742,
          -88.11887901625842,
          -89.19850849064963,
          -88.60705621829356,
          -91.29117852078912,
          -91.6696770352971,
          -91.02414193980479,
          -87.12150271337731,
          -91.1347319216294,
          -90.96356338189788,
          -90.5434295463015,
          -91.39186050827334,
          -91.44681072245757,
          -91.55933357285326,
          -89.9252425581837,
          -84.78417430383828,
          -91.27838455119814,
          -91.93719941712345,
          -88.68734728625338,
          -86.36378517183194,
          -90.88843970790779,
          -84.75903108155325,
          -91.63705008915059,
          -89.85666626800004,
          -92.00493905794728,
          -91.83275011656673,
          -91.59097526736035,
          -91.35619343213105,
          -91.45942744155033,
          -92.20802261197944,
          -92.23171827915426,
          -91.8945701396068,
          -92.04327252223675,
          -92.12181831680371,
          -92.40928971600333
        ]
      ],
      [
        [
          -76.84203846905541,
          -77.87036167859492,
          -73.31891685774997,
          -75.2512641408759,
          -76.12015876397975,
          -79.22101848452596,
          -74.99370350492997,
          -77.18395231837886,
          -76.0470302618668,
          -80.30335450761247,
          -80.64410732657768,
          -78.01215609799266,
          -80.80133757220331,
          -82.74859851000627,
          -78.09229071710399,
          -79.56002542611502,
          -82.00397225713354,
          -82.68154711095357,
          -82.2375231634394,
          -81.23080271060158,
          -82.695848228111,
          -83.75887827879689,
          -76.3174131808507,
          -84.7281951248382,
          -82.91704274094265,
          -84.72139850420588,
          -84.46092244228272,
          -84.0519103574928,
          -84.96097085783558,
          -84.95550769818033,
          -84.6585003978486,
          -84.52778980600776,
          -84.78011472441986,
          -84.58562841519901,
          -84.68419352798985,
          -84.96549089034266,
          -84.27558326422044,
          -85.02640427583789,
          -85.14989313435449,
          -84.03592554614737,
          -85.26162251192227,
          -85.75027415788188,
          -84.20725748592842,
          -85.04909143732066,
          -84.54056979728837,
          -84.23545487292662,
          -84.5157090724005,
          -84.87465913426666,
          -84.53443800230988,
          -84.56697081048613,
          -84.07635662240364,
          -85.57156913793837,
          -84.73045182800162,
          -84.74483677389469,
          -85.18906033836036,
          -84.28666171893362,
          -83.9950730594849,
          -84.5477827235593,
          -84.23572910159801,
          -85.2019668117358,
          -83.95229225048692,
          -84.39104710021356,
          -85.16640959157715,
          -84.66742528217361,
          -83.8459643204216,
          -84.06004067521344,
          -84.30046609958416,
          -85.14086878407835,
          -84.60838250490698,
          -85.55974663611929,
          -84.46411003758976,
          -84.52011344984119,
          -85.57453194594946,
          -84.24533504771247,
          -85.52760213451138,
          -85.81781117989308,
          -84.96562083885351,
          -84.91024141310423,
          -83.67427596766852,
          -82.26371309087908
        ]
      ]
    ]
  },
  {
    "vqe2_energy": [
      -94.99822886232806,
      -96.53172738762632,
      -96.53305356020641
    ],
    "vqe2_vector": [
      [
        1,
        0,
        0,
        1,
        1,
        0,
        1,
        0
      ],
      [
        0,
        0,
        1,
        0,
        1,
        1,
        0,
        1
      ],
      [
        0,
        1,
        0,
        1,
        0,
        0,
        1,
        1
      ]
    ],
    "vqe2_min_error": [
      1.5936854975685755,
      0.005172322357605008,
      0.003798572998647831
    ],
    "vqe2_params": [
      [
        6.065494010841666,
        6.240535711965501,
        4.841758056862118,
        2.794051144880346,
        5.882625077228264,
        5.018173310709663,
        0.027293983119132836,
        1.7638355485208614,
        5.164740494147431,
        1.9495061078803495,
        3.265744778690263,
        2.6338257168383064,
        0.005466354984259458,
        6.536862947321829,
        4.827888636457759,
        6.551628803877638,
        5.552818547668079,
        3.306034123102045,
        1.5625397879679115,
        6.30875912633355,
        3.5584519203155485,
        1.0301554844540062,
        6.2760673937598135,
        2.0142504899356584,
        6.225699443754611,
        5.970831449870451,
        1.854655682792583,
        4.428339850412331,
        3.8574460015794623,
        4.457743554337653,
        3.535929554259995,
        1.6443201597381276
      ],
      [
        3.9047522619159256,
        4.559632347456308,
        3.761587142750293,
        2.0989310976238675,
        5.498013568285256,
        2.7279672943075046,
        4.410057993735216,
        0.6847464255660508,
        1.626113588405829,
        3.843687284162915,
        5.160734734462799,
        3.62219585227183,
        1.3586866117953091,
        6.040716584656628,
        4.808937515353111,
        1.4485097172552062,
        2.98197580402551,
        0.43301596296016687,
        0.2804754670961393,
        4.240515749304065,
        5.886631608829483,
        0.676643740135746,
        1.912731174777337,
        4.253041275272857,
        1.2242847603124556,
        0.4965870885040506,
        2.5886759615640065,
        2.6209650266550386,
        3.0501434824816247,
        1.8923626942842515,
        4.854563651764097,
        2.6484542092038397,
        5.42603443661538,
        6.04215167202523,
        2.6401951250676228,
        4.292048664906715,
        6.01777225793304,
        1.78225643980236,
        1.1659897211782744,
        4.274271016943859,
        0.23788860709204512,
        4.275693894845239,
        1.4869208875304707,
        3.7071249741954486,
        3.874728429825666,
        3.0980007749059757,
        0.744328227858701,
        3.095264440102974
      ],
      [
        3.6095659335211887,
        3.050336072379703,
        4.8035935300509465,
        2.6809615642730127,
        3.5511439247176506,
        2.6461309878717816,
        2.0077554500104977,
        4.33114596706077,
        2.556803067398076,
        1.7853239672473438,
        3.91115419072298,
        5.127576917489048,
        4.7294799476498035,
        5.6509024583465495,
        1.2432913263298582,
        2.9707879395331,
        4.505697365256397,
        1.5776744505808715,
        6.009494227947361,
        2.9769257473187904,
        6.155523818459061,
        1.0558663444028222,
        6.1259929275339955,
        3.386731516275223,
        6.758861844833968,
        -0.02076729024085444,
        7.132446931861774,
        2.148661705594563,
        3.6636493707730504,
        5.970048149932901,
        0.17350478064077518,
        0.916105087752337,
        2.514776325537657,
        5.923178829412962,
        0.22877706688285368,
        0.5964772544497695,
        5.747003681983919,
        1.9483941657671975,
        0.9483467079467128,
        0.29849876318654855,
        1.5702746609809386,
        5.695647794728444,
        1.8678388093136369,
        1.7116986769908271,
        0.18461121559977223,
        1.9490632086503712,
        5.095378667521115,
        5.934579774379065,
        3.3342456542942944,
        2.1223352288049497,
        4.607527847645268,
        6.045136645727175,
        0.5141071607454629,
        0.9723707576114355,
        4.820424002880706,
        3.665024542261163,
        1.4955440601721117,
        1.8915993089233356,
        3.425559584769345,
        2.52196079346853,
        4.673968040956417,
        1.169323360672775,
        4.175734463830975,
        2.9144306811828944,
        4.953864012695599,
        3.7342923516101956,
        1.9812189038983514,
        2.7142852384844254,
        3.387226188994784,
        5.631704307622458,
        5.185520818375916,
        3.148794445234192
      ]
    ],
    "vqe2_time": [
      4.836534261703491,
      7.039902448654175,
      7.626607418060303
    ],
    "solution_vector": [
      0,
      0,
      0,
      0,
      1,
      1,
      1,
      1
    ],
    "solution_min_energy": -96.53672057800807,
    "solution_time": 0.021947860717773438,
    "matrix_size": 8,
    "qubo_matrix": [
      [
        -22.59666025047418,
        3.00883494546614,
        6.01766989093228,
        1.50441747273307,
        1.5044165661663556,
        3.008833132332711,
        6.017666264665422,
        1.5044165661663556
      ],
      [
        3.00883494546614,
        -42.18448555548222,
        12.03533978186456,
        3.00883494546614,
        3.008833132332711,
        6.017666264665422,
        12.035332529330844,
        3.008833132332711
      ],
      [
        6.01766989093228,
        12.03533978186456,
        -72.33363132909989,
        6.01766989093228,
        6.017666264665422,
        12.035332529330844,
        24.07066505866169,
        6.017666264665422
      ],
      [
        1.50441747273307,
        3.00883494546614,
        6.01766989093228,
        -22.59666025047418,
        1.5044165661663556,
        3.008833132332711,
        6.017666264665422,
        1.5044165661663556
      ],
      [
        1.5044165661663556,
        3.008833132332711,
        6.017666264665422,
        1.5044165661663556,
        -22.59818139774604,
        3.0088832358557225,
        6.017766471711445,
        1.5044416179278612
      ],
      [
        3.008833132332711,
        6.017666264665422,
        12.035332529330844,
        3.008833132332711,
        3.0088832358557225,
        -42.18747955963635,
        12.03553294342289,
        3.0088832358557225
      ],
      [
        6.017666264665422,
        12.035332529330844,
        24.07066505866169,
        6.017666264665422,
        6.017766471711445,
        12.03553294342289,
        -72.33942617584981,
        6.017766471711445
      ],
      [
        1.5044165661663556,
        3.008833132332711,
        6.017666264665422,
        1.5044165661663556,
        1.5044416179278612,
        3.0088832358557225,
        6.017766471711445,
        -22.59818139774604
      ]
    ],
    "ansatze": [
      "twolocal",
      "alternating_ry_rz",
      "random_circuit"
    ],
    "histories_energy": [
      [
        [
          -64.93884133664892,
          -64.85489882463631,
          -64.92193668071428,
          -57.83416779742278,
          -65.66381553310387,
          -66.22381731806644,
          -76.18165404018814,
          -75.97209064354992,
          -78.30717416366478,
          -79.62382250130531,
          -79.59448690550315,
          -79.08061478491753,
          -78.48052597145669,
          -78.62399339736876,
          -79.4744291656153,
          -77.93328002481725,
          -81.43988023507761,
          -80.0482121313388,
          -85.10400143238688,
          -84.52517095725763,
          -83.64223763569588,
          -85.16558433328557,
          -81.55649396194829,
          -83.75389450579839,
          -83.96017707439303,
          -84.4761222545623,
          -84.6244071964877,
          -84.20096480036456,
          -84.52944018964288,
          -84.91164293480972,
          -84.62730210476788,
          -84.90772787077314,
          -84.74659236748813,
          -86.0425637468072,
          -85.18245377975498,
          -85.06787088799788,
          -85.31181918828669,
          -86.44034963628603,
          -87.82672966536849,
          -84.9938720771516,
          -88.30890361048122,
          -88.67613577083067,
          -88.48407593519967,
          -90.02893335928057,
          -89.80039654379898,
          -89.88669064318607,
          -88.37269024977005,
          -90.34790873451861,
          -89.7290779149634,
          -90.07836087278949,
          -90.650184212074,
          -83.53224388761242,
          -91.29619976663575,
          -90.720013184233,
          -90.85100147394822,
          -92.17735864816663,
          -92.13377822819913,
          -92.64767059042268,
          -92.9169428496823,
          -92.99873527706583,
          -93.05310152613454,
          -93.10754299331404,
          -92.99924518374478,
          -93.26869170399551,
          -91.82642397381836,
          -93.57440078713374,
          -92.76804679900502,
          -92.99486406484881,
          -93.48711965804098,
          -92.14878674863081,
          -93.74598202223031,
          -87.7505594442901,
          -92.84984854216769,
          -93.36834875321368,
          -93.44939105305531,
          -92.85554606498118,
          -93.46219316178889,
          -93.46978595787228,
          -93.82596522309726,
          -92.9655213813748
        ]
      ],
      [
        [
          -83.00646139270567,
          -83.51669736999557,
          -80.92438867451058,
          -84.20709672184287,
          -83.43896280627006,
          -82.88263802563634,
          -83.24264225560108,
          -81.38952993272137,
          -83.52494202326913,
          -83.23309057113946,
          -83.24713217287075,
          -83.37396973617197,
          -84.00773539537622,
          -82.60338644849145,
          -85.98064433566539,
          -81.38482752891386,
          -85.15919637597489,
          -85.36268342363262,
          -79.627323853239,
          -84.57469623646938,
          -84.88720176112804,
          -83.25052733541187,
          -84.47987628888973,
          -82.93405216720758,
          -85.79930268240925,
          -84.01352804434109,
          -83.98662097633144,
          -84.64929595686401,
          -85.25027844622078,
          -85.07879321307652,
          -84.54154678873482,
          -85.21593829008152,
          -84.7114114297985,
          -83.95575200371856,
          -85.73780482662728,
          -85.14036061409783,
          -83.91149452284564,
          -84.4689785274357,
          -84.6104613927719,
          -85.52860185925404,
          -84.6909073614006,
          -84.44261644336243,
