[
  {
    "vqe2_energy": [
      -90.25279036769219,
      -82.90433197112417,
      -96.32450496621937
    ],
    "vqe2_vector": [
      [
        0,
        0,
        1,
        1,
        0,
        0,
        0,
        1
      ],
      [
        1,
        1,
        1,
        0,
        1,
        1,
        0,
        1
      ],
      [
        1,
        1,
        0,
        0,
        1,
        0,
        1,
        0
      ]
    ],
    "vqe2_min_error": [
      6.307793004635931,
      13.936291607096118,
      0.0046932482252848295
    ],
    "vqe2_params": [
      [
        1.560218082425211,
        6.024918988149105,
        5.824021495368796,
        5.173423723889175,
        4.4626706535806,
        -0.055629456369447466,
        0.1680593785625435,
        1.308473081008376,
        2.686153893683096,
        1.083816799221585,
        3.6174934664440035,
        0.4012138404587254,
        3.1141258672289283,
        4.506453965461499,
        5.49128445925762,
        6.689442475343457,
        4.865682698335132,
        6.312884463504748,
        5.574660431245982,
        6.132698833612684,
        1.4532093055533293,
        3.2178032942022012,
        1.456446309658447,
        4.591549248052645,
        6.250172696122623,
        3.2053656927841017,
        2.054566042249401,
        0.7089191167306029,
        3.4090148264910374,
        6.576779555096353,
        1.820932730441611,
        1.264828833019895
      ],
      [
        4.590977280104279,
        3.294506569469563,
        1.4202270113621371,
        5.847922009947088,
        2.7660805232963313,
        0.9844578285680846,
        4.944682916484443,
        0.6450407619262022,
        1.9428663347316584,
        5.778293575413783,
        5.549298633231391,
        1.4146780518728523,
        0.489834287955432,
        3.9600324595606144,
        4.952325216972376,
        4.82076033302511,
        4.760773039526522,
        2.740672258113384,
        2.6727294356929905,
        4.285700745366967,
        3.1562187094481424,
        1.1470918512433113,
        6.280432242353241,
        1.120076463182717,
        2.4694262091881414,
        1.21996324775282,
        4.452250247312764,
        6.104374368600409,
        2.8194677351664614,
        3.4761654643938473,
        2.1634549858624363,
        3.30808531463393,
        6.940573258533534,
        1.1777092857050888,
        1.2576903955192735,
        4.408266492889309,
        2.821798917464842,
        3.503962020007558,
        4.488828652021156,
        4.929162452811072,
        4.292895914946921,
        4.182961886360101,
        1.5353738591360775,
        4.133376344097837,
        4.035550948330892,
        4.050788492361058,
        0.11684504197237715,
        3.6204504306353207
      ],
      [
        2.7355029680734892,
        1.2855206830769643,
        3.3779848009168396,
        1.3090551537109978,
        3.789126983278732,
        5.447355465265359,
        4.895661719814219,
        2.677517277496965,
        2.7135408496025293,
        0.8327428168485752,
        5.737040706889536,
        5.846769445632632,
        3.182898334790236,
        3.251788935671194,
        2.20622501101799,
        1.0992819929778446,
        2.647711917703246,
        0.22603331786051709,
        4.154812129679128,
        2.4684180024164695,
        2.432332636193897,
        3.1936771805756337,
        5.717812285368067,
        5.716028144822263,
        2.6690264057345052,
        1.9769818634436258,
        4.715926662167251,
        1.9584534185235976,
        3.7732917198492903,
        2.3273447792967272,
        2.616891975369614,
        0.18409111451453866,
        2.4319420065657833,
        1.1873088208396272,
        5.705321483014629,
        1.1313168692605997,
        5.678072560001608,
        2.080973950555489,
        2.690226059397249,
        1.3633481656217172,
        3.7465495975914127,
        3.340084657144856,
        4.226444883103657,
        3.8921608331221185,
        5.620703429922001,
        2.718226390502841,
        3.1651484980024027,
        3.7498680471496315,
        2.3832782496844427,
        1.4949221391709904,
        5.949764738944128,
        1.1328311960301256,
        4.60756635015696,
        5.716807277166994,
        2.764519331257706,
        1.2479529366150532,
        2.942263158038764,
        4.0323418223372665,
        1.9612201489852608,
        0.38399195870020436,
        5.935572953087856,
        0.5034477381500901,
        2.30675689240506,
        2.670400600098231,
        1.1270566520823855,
        4.160571785095049,
        4.516873981335219,
        5.444383759574941,
        0.5381587774984595,
        4.23452495260047,
        3.908625829828995,
        5.575315117290636
      ]
    ],
    "vqe2_time": [
      3.9280059337615967,
      4.462735176086426,
      6.539190053939819
    ],
    "solution_vector": [
      0,
      0,
      0,
      0,
      1,
      1,
      1,
      1
    ],
    "solution_min_energy": -96.3290259265191,
    "solution_time": 0.023856163024902344,
    "matrix_size": 8,
    "qubo_matrix": [
      [
        -22.547551339538764,
        3.0022711642956255,
        6.004542328591251,
        1.5011355821478127,
        1.5011348904531296,
        3.0022697809062593,
        6.004539561812519,
        1.5011348904531296
      ],
      [
        3.0022711642956255,
        -42.092831514781906,
        12.009084657182502,
        3.0022711642956255,
        3.0022697809062593,
        6.004539561812519,
        12.009079123625037,
        3.0022697809062593
      ],
      [
        6.004542328591251,
        12.009084657182502,
        -72.1765783723813,
        6.004542328591251,
        6.004539561812519,
        12.009079123625037,
        24.018158247250074,
        6.004539561812519
      ],
      [
        1.5011355821478127,
        3.0022711642956255,
        6.004542328591251,
        -22.547551339538764,
        1.5011348904531296,
        3.0022697809062593,
        6.004539561812519,
        1.5011348904531296
      ],
      [
        1.5011348904531296,
        3.0022697809062593,
        6.004539561812519,
        1.5011348904531296,
        -22.549094217485933,
        3.002275993334584,
        6.004551986669168,
        1.501137996667292
      ],
      [
        3.0022697809062593,
        6.004539561812519,
        12.009079123625037,
        3.0022697809062593,
        3.002275993334584,
        -42.09591244163728,
        12.009103973338336,
        3.002275993334584
      ],
      [
        6.004539561812519,
        12.009079123625037,
        24.018158247250074,
        6.004539561812519,
        6.004551986669168,
        12.009103973338336,
        -72.18272090993624,
        6.004551986669168
      ],
      [
        1.5011348904531296,
        3.0022697809062593,
        6.004539561812519,
        1.5011348904531296,
        1.501137996667292,
        3.002275993334584,
        6.004551986669168,
        -22.549094217485933
      ]
    ],
    "ansatze": [
      "twolocal",
      "alternating_ry_rz",
      "random_circuit"
    ],
    "histories_energy": [
      [
        [
          -78.07271236308998,
          -78.59490989721876,
          -79.50061595878091,
          -82.490694786814,
          -82.45143531229652,
          -78.32025314691653,
          -76.8535125517804,
          -82.38541770116038,
          -79.77754610896706,
          -84.468656619668,
          -83.05803408371246,
          -84.00094008646678,
          -84.00563730896064,
          -84.59460346371588,
          -84.5949521838548,
          -84.6903961568114,
          -84.76774180094729,
          -83.89072645423857,
          -82.92946822474018,
          -81.55746251685188,
          -83.90885075987633,
          -85.198398192919,
          -91.64321987425038,
          -91.05732459171355,
          -91.71098855663658,
          -91.76944341612821,
          -91.55181255758635,
          -91.34644962597447,
          -91.62986384904558,
          -91.55639835256015,
          -91.85551312124751,
          -91.68328789846694,
          -91.5765513355522,
          -89.91825502783105,
          -91.69749555995428,
          -91.46848135689513,
          -91.32683102778682,
          -90.93596197637328,
          -91.87125366889015,
          -84.04386158791581,
          -91.79619073517436,
          -91.57786017456094,
          -91.17514933268075,
          -91.55570757791037,
          -91.52612451260538,
          -91.74810700127298,
          -92.04836691243293,
          -91.5570567988491,
          -91.63709236853677,
          -91.26584559518358,
          -91.62982792706417,
          -92.40770264594886,
          -92.30306357962236,
          -92.28026273165985,
          -92.16327478760581,
          -85.16245533373765,
          -91.55894255548439,
          -85.27038320862681,
          -92.12816937874709,
          -86.71590954700528,
          -92.36179972975931,
          -91.47159120900423,
          -92.04845013008564,
          -92.32863855193727,
          -92.67286592962368,
          -92.58894996927744,
          -92.60889999224878,
          -90.80409588697435,
          -92.31302055218238,
          -92.45163425080489,
          -92.58689372715449,
          -92.52509262179866,
          -92.32756171570368,
          -92.75335747516233,
          -92.61173357142036,
          -92.2539338725494,
          -92.24206664301241,
          -92.45838589978446,
          -92.29758548111755,
          -92.48651182634273
        ]
      ],
      [
        [
          -81.76170590116581,
          -81.93032307807215,
          -78.82383951106924,
          -80.16154792153009,
          -79.64887273794453,
          -78.93149446636617,
          -81.74485797814086,
          -80.22157794209554,
          -80.22316606236805,
          -80.18273272926328,
          -87.14782628805777,
          -85.4730419272941,
          -87.14073645346485,
          -86.17578406539424,
          -88.58544215764933,
          -86.49484426369094,
          -88.98372665439645,
          -88.79700045219933,
          -80.50891598470318,
          -89.53931076628454,
          -88.76119307040925,
          -89.44103919086277,
          -82.11833167671713,
          -89.38845312610762,
          -88.49582997077609,
          -88.6491838844643,
          -88.68380054789664,
          -89.30455419544114,
          -88.84225241370402,
          -88.88033578656302,
          -89.19021240378157,
          -88.58591218823337,
          -88.92133279408425,
          -89.68948260840143,
          -89.19528133288256,
          -89.31196781560953,
          -89.2636397398197,
          -88.83360878756586,
          -89.18600735604028,
          -89.43265191275188,
          -88.85528019804852,
          -88.48012457520373,
          -89.01146099657124,
          -88.96770594725602,
          -88.74257184123493,
          -88.61136497497777,
          -88.45830120666554,
          -88.92026786307024,
          -88.5562707051143,
          -86.33249527235452,
          -88.99219611384599,
          -83.77799745109897,
          -89.71476976350914,
          -86.02409756773633,
          -89.6547042692941,
          -89.24254160599007,
          -86.80244718620474,
          -89.91359722328647,
          -90.5638065459319,
          -90.40847692037482,
          -90.26560142478871,
          -85.73255674488718,
          -90.65817697531818,
          -90.5873689248155,
          -90.69304723765528,
          -88.5009930179091,
          -90.85853228638115,
          -89.70274824410315,
          -89.39459531837596,
          -88.21191269697113,
          -89.7003286939309,
          -88.71222729823253,
          -88.85183483347038,
          -90.15085734649783,
          -90.10803153452339,
          -90.55148229758038,
          -90.48588872608478,
          -90.10363567382774,
          -90.80008126272946,
          -90.50929341251722
        ]
      ],
      [
        [
          -86.5973253072456,
          -88.26773109285116,
          -87.74040818509509,
          -84.7373415150197,
          -88.03006296187428,
          -88.41289555749219,
          -89.23568402900653,
          -82.81718096798791,
          -86.20523801677939,
          -87.43447824005725,
          -89.17467768178314,
          -87.20289624931651,
          -89.28215691297355,
          -89.08649194452613,
          -85.59556242675762,
          -89.49621333577461,
          -89.46076180072845,
          -88.3043345465521,
          -85.4058151435997,
          -89.31154346804274,
          -89.69273721876976,
          -89.15215361608284,
          -85.20412058124707,
          -88.23379843606098,
          -88.70978997633435,
          -89.81285598209804,
          -89.57286701382277,
          -89.56048781760487,
          -89.83678825546079,
          -89.2560134968222,
          -88.9081975028072,
          -89.2769912148072,
          -89.70265240413144,
          -89.52425372273592,
          -89.6118820203573,
          -89.51926944856882,
          -89.52146738376597,
          -89.51849055880822,
          -89.5124262564763,
          -89.63586831210367,
          -89.45048732672888,
          -89.46136620414381,
          -89.40375140435782,
          -89.36789171448308,
          -88.54942953183732,
          -89.45369814317704,
          -89.20172313563626,
          -89.18312785128636,
          -89.89099770909841,
          -89.94372454648526,
          -89.67405669234944,
          -89.45883154205436,
          -89.40699889000183,
          -90.10938938029558,
          -90.31798804743217,
          -89.89357003406869,
          -89.71241999659686,
          -89.33890458807753,
          -89.8736835172767,
          -89.70088425077492,
          -89.63285960476819,
          -89.36080515236875,
          -89.9446514777465,
          -89.68181019987786,
          -89.03735995348589,
          -89.51796422635037,
          -88.89473646778956,
          -89.57670192869546,
          -89.22723361896847,
          -90.07368620443586,
          -90.1462882214218,
          -88.91147295420649,
          -89.17207432139944,
          -86.69709229885247,
          -89.37831634219447,
          -84.66399449885519,
          -89.53125556647757,
          -87.06660209937279,
          -89.35945504000738,
          -87.46565637503716
        ]
      ]
    ]
  },
  {
    "vqe2_energy": [
      -113.78071295737318,
      -113.78071150866145,
      -113.78070246413208
    ],
    "vqe2_vector": [
      [
        1,
        1,
        0,
        1,
        0,
        1,
        0,
        1
      ],
      [
        1,
        1,
        0,
        0,
        0,
        0,
        1,
        0
      ],
      [
        1,
        0,
        0,
        1,
        0,
        0,
        1,
        1
      ]
    ],
    "vqe2_min_error": [
      1.6003132017110677,
      1.6003144545840398,
      1.6003222764620628
    ],
    "vqe2_params": [
      [
        5.085370016999884,
        5.160831519671839,
        2.9136772003320512,
        3.791440594045618,
        1.9177286599114425,
        6.487292425085215,
        5.9575327574002905,
        1.0832775539285266,
        4.161287662333896,
        1.2347990973596585,
        1.6802334287832659,
        1.2643902448091533,
        5.437789883927797,
        0.45751385693245433,
        3.080492854862194,
        3.258954725121847,
        1.3864174818869486,
        5.463317660806762,
        0.058914908370667665,
        2.9062506815525326,
        5.6201776824018514,
        6.517932315054674,
        2.782258050138415,
        4.790653559001091,
        3.3253692852258805,
        0.8674238632844142,
        4.490501918686555,
        1.8284492707565474,
        0.2576850145548381,
        5.412332460681969,
        4.369193244020152,
        5.3574220466058
      ],
      [
        1.2145985415797242,
        2.7434333132966273,
        3.376303677789364,
        1.6788214669454238,
        2.6001532084331065,
        5.432011295878329,
        3.7858244713866784,
        5.888241963172814,
        1.7356736212623605,
        6.81566377850312,
        2.000920322517789,
        2.725133339248489,
        1.0812206864378309,
        6.615215945935313,
        1.7526494542728135,
        5.101644705850989,
        5.176054249301297,
        6.109106590138848,
        4.136204340897635,
        1.111958606635552,
        3.5178084385368114,
        6.356569953182679,
        1.9867142571824894,
        2.384547967011733,
        6.948914922847459,
        3.0252708129121637,
        6.18082864438295,
        1.840876229963558,
        4.792387508198444,
        0.9905894910440786,
        0.6047619649222671,
        5.715597017982129,
        2.3358772614358356,
        2.5719542506613133,
        3.831399315429292,
        1.2353180902399097,
        0.3423489009634349,
        3.217135996324396,
        0.6935998701968074,
        4.864102715903047,
        5.232979042965145,
        2.2188180715223385,
        2.057439825489172,
        2.836397599472311,
        0.42256549740917304,
        0.15428193578386948,
        3.247209299243321,
        1.1084609942240728
      ],
      [
        3.590475156442385,
        5.307430807262352,
        4.768787492189517,
        6.944186172601333,
        2.429755287904348,
        1.8869431553205256,
        2.029783549178638,
        1.8530222160538912,
        1.193117489570043,
        1.8544882167262264,
        3.050584615351665,
        0.5118859488166351,
        1.7699863910405482,
        0.22479625715464763,
        3.475128031113908,
        6.074785802767072,
        4.566139534949517,
        3.3676141957032666,
        6.144560314702,
        2.4019730355166238,
        4.101196935549732,
        0.4086834861294558,
        3.492618427277975,
        1.9764406303752973,
        5.633598587994606,
        3.10351432626965,
        6.047114607491246,
        5.941026647973261,
        3.8570389514713113,
        3.159416189516275,
        5.003403348131258,
        4.675892377763259,
        1.4381383521708049,
        1.8007031096857589,
        5.702818787752481,
        0.37777784111128315,
        2.4580293216277163,
        5.251351549966358,
        2.0686223531426036,
        4.371589054136039,
        4.166008329071271,
        0.4559627720647639,
        2.5871398339635308,
        0.9662645669801929,
        4.685511726253644,
        0.8865724500733757,
        5.670116825150832,
        4.425349603901837,
        1.7803823766468376,
        1.7697972850459573,
        0.9822648404406227,
        5.837035561259605,
        3.5175114540136647,
        0.9234442305324373,
        5.40098323230947,
        4.587923479442582,
        4.916330766821014,
        5.945850542959426,
        0.04661022354848089,
        2.6613532323846023,
        2.6454809884515775,
        3.7192710676436187,
        2.438736835019546,
        3.360202555869953,
        4.716913335582086,
        3.727672593263231,
        4.284351110200271,
        2.3684518002366906,
        5.984641590440948,
        1.7557478729976972,
        4.557049197379786,
        2.6859893787764713
      ]
    ],
    "vqe2_time": [
      4.629158020019531,
      5.035260200500488,
      8.771278142929077
    ],
    "solution_vector": [
      1,
      0,
      0,
      1,
      0,
      1,
      1,
      0
    ],
    "solution_min_energy": -115.63117389856541,
    "solution_time": 0.021857023239135742,
    "matrix_size": 8,
    "qubo_matrix": [
      [
        -27.057308101317343,
        3.600975475267587,
        7.201950950535174,
        1.8004877376337936,
        1.8004870459391105,
        3.600974091878221,
        7.201948183756442,
        1.8004870459391105
      ],
      [
        3.600975475267587,
        -50.513640727367104,
        14.403901901070348,
        3.600975475267587,
        3.600974091878221,
        7.201948183756442,
        14.403896367512884,
        3.600974091878221
      ],
      [
        7.201950950535174,
        14.403901901070348,
        -86.62337955366385,
        7.201950950535174,
        7.201948183756442,
        14.403896367512884,
        28.807792735025767,
        7.201948183756442
      ],
      [
        1.8004877376337936,
        3.600975475267587,
        7.201950950535174,
        -27.057308101317343,
        1.8004870459391105,
        3.600974091878221,
        7.201948183756442,
        1.8004870459391105
      ],
      [
        1.8004870459391105,
        3.600974091878221,
        7.201948183756442,
        1.8004870459391105,
        -27.05732113972253,
        3.6009803043065456,
        7.201960608613091,
        1.8004901521532728
      ],
      [
        3.600974091878221,
        7.201948183756442,
        14.403896367512884,
        3.600974091878221,
        3.6009803043065456,
        -50.51366197513851,
        14.403921217226182,
        3.6009803043065456
      ],
      [
        7.201948183756442,
        14.403896367512884,
        28.807792735025767,
        7.201948183756442,
        7.201960608613091,
        14.403921217226182,
        -86.62340273305084,
        7.201960608613091
      ],
      [
        1.8004870459391105,
        3.600974091878221,
        7.201948183756442,
        1.8004870459391105,
        1.8004901521532728,
        3.6009803043065456,
        7.201960608613091,
        -27.05732113972253
      ]
    ],
    "ansatze": [
      "twolocal",
      "alternating_ry_rz",
      "random_circuit"
    ],
    "histories_energy": [
      [
        [
          -98.60465746055928,
          -95.82251081007013,
          -102.42615478321463,
          -101.6952390616783,
          -99.13175246580772,
          -101.67250777867767,
          -105.56023899845837,
          -106.32888385061116,
          -106.0717118529068,
          -107.47514447982134,
          -105.4104093930407,
          -107.25213827664486,
          -106.71410397519685,
          -106.39835365498266,
          -103.25871342155529,
          -106.4704278497933,
          -107.60400993508728,
          -107.18484198128223,
          -107.46298079141314,
          -105.7951468269865,
          -106.53955275401226,
          -106.43869645768008,
          -108.03574159631663,
          -107.30004954243033,
          -108.71948541639543,
          -109.37244092945194,
          -108.58166908699963,
          -109.28675195433286,
          -108.56772108631516,
          -108.96077220694124,
          -108.51209552351172,
          -108.20239939358208,
          -108.36538869472956,
          -109.54144051818255,
          -109.30137815934877,
          -109.70298556187893,
          -109.85102359604213,
          -109.49787080918021,
          -109.08770606287672,
          -106.3052753464138,
          -109.56217257311458,
          -107.02320918101454,
          -109.7637263111793,
          -107.69982795921992,
          -109.96005344938153,
          -109.71642824885733,
          -109.73604906080675,
          -109.53666233839463,
          -109.60867885228112,
          -107.06755674256368,
          -110.12859788880749,
          -108.47654374785778,
          -109.60733875220384,
          -109.92048517772861,
          -109.79239896800054,
          -108.77407029101688,
          -109.58962235578309,
          -109.83357265648169,
          -109.92231884954168,
          -108.60224562803205,
          -109.89548180367504,
          -109.1291072939868,
          -110.0334074566485,
          -109.93871609134835,
          -109.85891470053966,
          -109.82112813623606,
          -109.7922316953457,
          -109.73410367070669,
          -108.93161673538975,
          -109.78361415191614,
          -110.04835284505752,
          -109.733994443676,
          -108.41879573237819,
          -109.3992363324824,
          -110.22484305590608,
          -109.67914014067782,
          -109.6935330484515,
          -109.35788902328127,
          -109.95693953264004,
          -109.72121008049857
        ]
      ],
      [
        [
          -89.58885316176392,
          -92.10054316820525,
          -89.46704194761747,
          -93.35511140525567,
          -96.30080563278335,
          -95.38899813980034,
          -98.23573161072311,
          -96.60694885244338,
          -98.15109066889252,
          -99.96803821492543,
          -100.12502250954732,
          -98.30351191122507,
          -100.25372063737397,
          -98.46550924747123,
          -100.46655782243869,
          -101.89700988649028,
          -102.53690280537269,
          -101.99063972695599,
          -95.53753390950551,
          -102.3223445652004,
          -102.95640991762572,
          -102.96274545894539,
          -104.26439915683261,
          -107.22746181999804,
          -107.41272651458652,
          -107.55392942141565,
          -107.72520118488549,
          -107.56960124579012,
          -108.42855864262002,
          -107.46257327178978,
          -107.31881169149338,
          -107.39055187340323,
          -107.2722433121103,
          -107.20183506536911,
          -108.37932276228474,
          -107.66434888851775,
          -107.48190937067943,
          -108.20710829094493,
          -107.20805825956805,
          -108.01889019066327,
          -107.9796016197183,
          -107.29424966390725,
          -107.97993463638589,
          -107.96326257726172,
          -107.54153906733202,
          -107.49191464409579,
          -107.27507650424785,
          -107.74409402068123,
          -107.2720210655095,
          -105.55267328878006,
          -106.09275828889123,
          -104.22337122668735,
          -106.55477876391728,
          -103.64632432573926,
          -108.5662622661946,
          -108.03994801902273,
          -106.4921438488278,
          -102.37924266396,
          -107.7454282358548,
          -107.72086038267908,
          -104.40181082968842,
          -108.13451177618927,
          -107.6573450355112,
          -107.1602597070604,
          -101.51389569684808,
          -109.52302045752857,
          -109.32579714194016,
          -110.02993922566759,
          -109.86488349772125,
          -110.33291204299651,
          -110.27261567582497,
          -101.67632680529856,
          -110.26989479320002,
          -107.5458404178767,
          -110.12107709889091,
          -109.05724532747159,
          -109.53925449598037,
          -110.1648175014204,
          -110.26611481351573,
          -101.51744327058539
        ]
      ],
      [
        [
          -98.7680712827266,
          -97.25310800099798,
          -92.86007744967728,
          -98.03514453513617,
          -99.60402135609802,
          -97.00852860679737,
          -98.02661058330878,
          -100.18961743184474,
          -96.23877601250099,
          -98.59024460887004,
          -95.83562041407906,
          -94.30991210998816,
          -99.96539005961584,
          -98.5398866635426,
          -99.20006424434234,
          -96.32873882508676,
          -98.75744997240247,
          -98.51489027894696,
          -99.8802001955337,
          -97.49228266731767,
          -98.45248272450816,
          -98.90749257500866,
          -99.12193818890923,
          -98.7231169738393,
          -96.85205379736608,
          -99.53805292999593,
          -99.54116535653584,
          -98.76378459835735,
          -100.15883135501541,
          -98.94539071873666,
          -98.5187798879572,
          -99.08609684420227,
          -99.20179615595922,
          -98.83252763537537,
          -99.66069705380326,
          -99.72532473071858,
          -99.37639821711238,
          -98.25554129222222,
          -98.31094480697087,
          -99.63535856750374,
          -99.19506773658131,
          -99.72165797754555,
          -98.60691123428366,
          -99.10110307068192,
          -100.0575284582539,
          -100.8053940791653,
          -98.1783517479532,
          -98.5694581579457,
          -98.860256460839,
          -99.21729849228802,
          -100.2684741827608,
          -98.68282233018331,
          -99.22924800310767,
          -99.41852159161878,
          -99.9538336960894,
          -99.23941650982778,
          -99.69548085400686,
          -98.46798382422227,
          -98.23698214637301,
          -99.2095745288817,
          -98.74922704376758,
          -99.72538458654374,
          -98.81163307612567,
          -99.49620780190821,
          -98.8973778059881,
          -99.21435239519032,
          -100.64352119275033,
          -98.46276290049269,
          -100.13588081938778,
          -99.59312087388452,
          -99.23552927614574,
          -98.8101356727973,
          -97.91266955984982,
          -100.4509638387074,
          -94.54892379916679,
          -100.30903331808906,
          -99.35261386177896,
          -99.20412757397975,
          -99.4357479703578,
          -98.93661560366955
        ]
      ]
    ]
  },
  {
    "vqe2_energy": [
      -115.08825968731227,
      -116.96450496621937,
      -116.96601954880367
    ],
    "vqe2_vector": [
      [
        1,
        0,
        1,
        0,
        0,
        1,
        0,
        0
      ],
      [
        0,
        1,
        0,
        1,
        0,
        0,
        1,
        1
      ],
      [
        1,
        0,
        0,
        1,
        0,
        1,
        1,
        0
      ]
    ],
    "vqe2_min_error": [
      1.6079181854420033,
      0.003865091859978076,
      0.0025702340356037467
    ],
    "vqe2_params": [
      [
        5.346636777596956,
        3.2334539795490778,
        2.682791711368163,
        0.8170757549872093,
        1.716306509447613,
        2.765700746021372,
        4.5729143684599824,
        2.4562770666406877,
        1.7977879821264868,
        3.7005782273622474,
        5.3651894038664985,
        4.335664379585007,
        1.1343667762436207,
        4.748018067058747,
        0.9026900313919854,
        2.1357497716701714,
        0.6727905390837892,
        2.7829173641166856,
        -0.08039817801933302,
        6.0019417433933215,
        1.7729227647628205,
        6.363190500880775,
        1.4801567445714123,
        5.615820642229039,
        2.0165738756359857,
        3.9408438114262405,
        3.0097941080919184,
        0.7172278353266951,
        6.123546739530907,
        2.5035268279453655,
        0.6955506249723779,
        5.926852546333458
      ],
      [
        2.1759566223343847,
        2.576999826724446,
        2.9059971517751926,
        3.0454836294123027,
        0.8130422513114506,
        2.777047690147481,
        3.422211088640195,
        4.070479398142321,
        3.254849562766445,
        2.4257349232935317,
        6.3930095209565785,
        2.103818223208162,
        4.545085264585641,
        3.9621608458413906,
        2.9444929153388752,
        4.522417529545866,
        1.1040984157622162,
        2.9071996517557204,
        2.6654918003194266,
        0.4704471810848985,
        4.565863006534029,
        -0.34224778594908967,
        2.732866146821892,
        4.797492781420715,
        0.46597900538413795,
        7.027194835998628,
        5.464797735905235,
        3.0922907628058764,
        1.0894280284452216,
        3.06848036844526,
        1.4398401546490347,
        5.969321183815573,
        0.4699138947468547,
        0.4563856225547361,
        2.3019510478266723,
        3.9781725393547682,
        6.427567920493803,
        1.2278822940477745,
        5.145181849520941,
        5.617127922800672,
        3.1870491868579283,
        3.7068627365856517,
        1.6530351259425842,
        6.1809675716677255,
        5.263486244778118,
        3.202721497452329,
        4.118607075388688,
        2.311443972660233
      ],
      [
        5.435078654037566,
        4.446501980357827,
        4.8010256762042145,
        6.8404401164741415,
        3.1351344914622117,
        3.3032274848446583,
        2.9273942051805717,
        5.157788495098407,
        2.458078228003809,
        5.244325766307603,
        0.3264836725682992,
        2.2066328141381515,
        4.277387720955936,
        0.4406148748028954,
        6.05272737817731,
        1.2170716983007157,
        0.5364784879336751,
        1.7238769148724327,
        0.9973300466449581,
        0.6261687630425312,
        1.2281796246114707,
        5.624503581636729,
        5.736685304636835,
        6.088251319085035,
        5.039652069838671,
        6.040061614582852,
        4.950679678401187,
        5.591486074192728,
        2.3832119456870338,
        2.720709132588656,
        0.7152723072684607,
        4.579200286285869,
        5.054527186899149,
        3.3554097808599272,
        3.4681976582726888,
        4.4277344242483245,
        0.11534727946751915,
        3.3448031966944707,
        0.2936816246024908,
        5.511433401503351,
        3.2375757145603132,
        2.5218205130964586,
        0.3103988652748893,
        0.32635974509998594,
        3.2967775366673377,
        2.5458659604987766,
        4.457464717131643,
        2.704954816247186,
        5.342994934845374,
        2.5716153249133904,
        2.271528020744549,
        4.316246990843261,
        4.6551871634485185,
        2.663763305416192,
        4.392034193263742,
        2.104841962151925,
        3.266493114741437,
        0.02592616451799495,
        2.441698687031931,
        1.2781576306584668,
        0.1721123223143628,
        3.4848991890227388,
        4.201929906358449,
        4.788998713458515,
        5.288720020317075,
        5.606060116383603,
        4.871285150302638,
        5.84726551454825,
        1.1443278833423536,
        2.4641692136826516,
        3.328215595523746,
        1.744880438133812
      ]
    ],
    "vqe2_time": [
      5.0853564739227295,
      4.435198545455933,
      8.647711753845215
    ],
    "solution_vector": [
      0,
      0,
      0,
      0,
      1,
      1,
      1,
      1
    ],
    "solution_min_energy": -116.96902592651915,
    "solution_time": 0.021364212036132812,
    "matrix_size": 8,
    "qubo_matrix": [
      [
        -27.367551339538764,
        3.642271164295626,
        7.284542328591252,
        1.821135582147813,
        1.8211348904531297,
        3.6422697809062594,
        7.284539561812519,
        1.8211348904531297
      ],
      [
        3.642271164295626,
        -51.092831514781906,
        14.569084657182504,
        3.642271164295626,
        3.6422697809062594,
        7.284539561812519,
        14.569079123625038,
        3.6422697809062594
      ],
      [
        7.284542328591252,
        14.569084657182504,
        -87.61657837238131,
        7.284542328591252,
        7.284539561812519,
        14.569079123625038,
        29.138158247250075,
        7.284539561812519
      ],
      [
        1.821135582147813,
        3.642271164295626,
        7.284542328591252,
        -27.367551339538764,
        1.8211348904531297,
        3.6422697809062594,
        7.284539561812519,
        1.8211348904531297
      ],
      [
        1.8211348904531297,
        3.6422697809062594,
        7.284539561812519,
        1.8211348904531297,
        -27.369094217485937,
        3.642275993334584,
        7.284551986669168,
        1.821137996667292
      ],
      [
        3.6422697809062594,
        7.284539561812519,
        14.569079123625038,
        3.6422697809062594,
        3.642275993334584,
        -51.095912441637296,
        14.569103973338336,
        3.642275993334584
      ],
      [
        7.284539561812519,
        14.569079123625038,
        29.138158247250075,
        7.284539561812519,
        7.284551986669168,
        14.569103973338336,
        -87.62272090993625,
        7.284551986669168
      ],
      [
        1.8211348904531297,
        3.6422697809062594,
        7.284539561812519,
        1.8211348904531297,
        1.821137996667292,
        3.642275993334584,
        7.284551986669168,
        -27.369094217485937
      ]
    ],
    "ansatze": [
      "twolocal",
      "alternating_ry_rz",
      "random_circuit"
    ],
    "histories_energy": [
      [
        [
          -99.7724938054107,
          -97.64121600538786,
          -100.60150154101491,
          -98.85543481298497,
          -99.97611281755981,
          -101.24197043028632,
          -105.64047291105078,
          -106.4861481886004,
          -105.9978134881857,
          -107.4894124009388,
          -107.5909637277191,
          -107.14330308409876,
          -107.43713066231562,
          -105.27617267884375,
          -108.28155304095772,
          -107.86271580166658,
          -108.23769326304172,
          -106.8600905808086,
          -94.46179460372251,
          -106.23742764054668,
          -108.77245721512305,
          -109.20475244963801,
          -105.35585436918359,
          -108.11771132760632,
          -108.64094773310231,
          -109.33531483116136,
          -108.76785272239029,
          -109.06380918217891,
          -108.67297638152709,
          -109.11188722909219,
          -108.66286122920177,
          -108.72913182640445,
          -108.96408641485051,
          -109.82977857683413,
          -110.43540553930615,
          -109.22179167484867,
          -108.97292590106663,
          -107.77498911043979,
          -110.0134671244743,
          -107.76225312130457,
          -110.90010983392031,
          -106.22354640561964,
          -110.03875356658779,
          -109.55846838722816,
          -110.57505563324057,
          -110.37882623339559,
          -110.63587970034826,
          -108.03241768814141,
          -110.22187864267022,
          -109.61104532423856,
          -109.6609454905359,
          -110.16146852491832,
          -110.02290541934812,
          -109.96693582383034,
          -110.87817228627196,
          -112.55716698036001,
          -110.66886063273468,
          -111.8993845309202,
          -113.45834252358613,
          -113.54828301701659,
          -113.36521393356574,
          -113.30491878070912,
          -113.36822625915703,
          -113.17428464294744,
          -112.77240738327488,
          -113.24615062421977,
          -113.29826837546808,
          -113.04738039464446,
          -110.69646965364274,
          -111.4089136580372,
          -111.98897753746137,
          -113.52056247912037,
          -111.9681688257745,
          -113.52322899629965,
          -112.69321037634566,
          -113.52422130412246,
          -113.10274364350151,
          -112.73273590825256,
          -113.34781706208797,
          -112.51077968780777
        ]
      ],
      [
        [
          -90.14049411766241,
          -95.55943125173626,
          -91.94529114748107,
          -100.66063206411883,
          -102.28961572252788,
          -101.26600342299425,
          -102.8981313454313,
          -101.87268340439576,
          -101.56712194746567,
          -101.1119663575341,
          -98.65246093563603,
          -101.7808308242568,
          -101.48312621909636,
          -102.42878841928938,
          -101.28492230759717,
          -100.84249868654223,
          -101.12847619953124,
          -101.6968662741135,
          -98.24044294343904,
          -101.07695154047295,
          -101.21386264527652,
          -102.03698853959995,
          -100.32123162005011,
          -102.66423554712074,
          -101.34446492433584,
          -102.84107834159045,
          -102.04088148330175,
          -102.2691941667916,
          -102.22430727657287,
          -102.13044276321646,
          -102.8523348967551,
          -103.40938896315434,
          -100.76913594428193,
          -101.4218757599971,
          -101.16720480258543,
          -102.1989356743166,
          -102.48594893202879,
          -102.85282673946625,
          -101.82503139450252,
          -101.69057216012651,
          -102.36527210440353,
