[
  {
    "vqe2_energy": [
      -141608.78493320613,
      -146972.05004986867,
      -145674.10811626026
    ],
    "vqe2_vector": [
      [
        1,
        1,
        1,
        0,
        1,
        0,
        1,
        1,
        0,
        1,
        0,
        0,
        0,
        0,
        1,
        0
      ],
      [
        0,
        0,
        0,
        1,
        0,
        0,
        1,
        1,
        1,
        1,
        1,
        1,
        1,
        1,
        0,
        1
      ],
      [
        1,
        0,
        1,
        1,
        0,
        0,
        1,
        1,
        0,
        0,
        0,
        0,
        0,
        0,
        1,
        1
      ]
    ],
    "vqe2_min_error": [
      4.125325163472693,
      0.49418533436782486,
      1.3729426861811
    ],
    "vqe2_params": [
      [
        4.491941628911824,
        3.407211555547306,
        6.128580947412663,
        3.2391571635293186,
        0.712029416126718,
        3.712871773926518,
        3.8748678058239165,
        4.16824022949819,
        0.9532093961271745,
        4.758260336540772,
        4.137273812154328,
        0.6755430041179372,
        5.486197943512978,
        1.6179721762637758,
        3.18893662331202,
        4.5091701981901355,
        3.12295246234774,
        3.577439774215443,
        4.112635651781375,
        1.6465737210993348,
        1.4873156003321302,
        5.98190525093592,
        2.7151965330533057,
        3.483766355280715,
        5.2249351658919325,
        1.207204562564558,
        5.158485759113937,
        6.167430209268752,
        5.725218102167866,
        0.7647570169027182,
        2.1462538677869305,
        3.9416468796692143,
        2.0849978336977135,
        6.643868142614729,
        0.03399721086014402,
        3.6494687346340764,
        4.518355287116743,
        2.3237630852091007,
        6.901686019009409,
        3.0964870076609765,
        4.311750877368752,
        2.7143828244925117,
        2.668978434639986,
        3.3273557222172245,
        5.506694409710979,
        4.888660436567779,
        1.4858361783031395,
        3.5343340171375117,
        1.4334061030312333,
        0.10259839184538389,
        4.440805253904974,
        5.579605038335643,
        3.7943792279346207,
        3.4997693351573136,
        1.7220643165441152,
        1.7927407267552364,
        1.2282879397162747,
        3.7048152047970375,
        6.263028213767568,
        2.1559409871656534,
        1.371706840781148,
        6.2094666588957805,
        3.775217680900949,
        6.143833098984581
      ],
      [
        7.047318704071761,
        6.895065647715267,
        0.3532941630176734,
        1.6928682698417297,
        1.1087280744258443,
        2.2589512023016303,
        6.171175764814497,
        1.8565493691837345,
        6.146939218834838,
        1.1475402355882394,
        4.007009462190078,
        5.43681395269303,
        1.709078145146913,
        3.443999853944886,
        3.854718664634884,
        5.961922094596655,
        5.702040384709192,
        2.160819622053075,
        5.2564861256791,
        2.9956903672505244,
        3.6263731449531647,
        3.439514453559209,
        2.3329402110545026,
        4.698946007918628,
        0.6545007001920371,
        3.356913238927504,
        4.903724162316263,
        0.43424190429399445,
        4.5447138525026425,
        3.716009447751517,
        3.579106350231358,
        5.774036608435718,
        3.8744302669284587,
        1.9740627342354453,
        2.032090446627533,
        3.1995211847944014,
        6.078076814245952,
        2.6931277905755038,
        4.930451894532383,
        3.828973397169879,
        4.682297248234199,
        0.5469655370304296,
        4.699610463591477,
        -0.022500603249426838,
        0.886158958766878,
        5.73948743073361,
        0.24625813228609347,
        4.444197868397781,
        1.7943604990493833,
        1.9895200589556536,
        1.2532690551284307,
        2.2855112984860035,
        2.302948679753767,
        1.0215263375996633,
        5.255746709168406,
        2.5205044366902487,
        0.3807812879316115,
        2.45419250289554,
        4.189777398246357,
        2.1390436487927977,
        3.593141723749219,
        3.445242609820211,
        3.0313716632252166,
        2.361625058257789,
        0.6060222071731399,
        0.5365992458956073,
        5.03869058696385,
        5.782421301976493,
        0.4426765782982809,
        0.7894707042889407,
        2.321634502506204,
        1.6684275162918663,
        5.348327991302763,
        4.814387762597804,
        2.5350471162392894,
        1.7422013319704037,
        1.3081212879000705,
        4.312213858632434,
        3.4962216287560484,
        5.979313884722509,
        3.343467763514734,
        2.2138640659357884,
        1.4609295082186204,
        0.27042751645594376,
        3.8338836380537487,
        5.6254127738794315,
        2.51753056749755,
        4.60804136923282,
        1.904556479154538,
        5.626712821935214,
        3.4657908760580995,
        3.9265636376041844,
        4.370760620386905,
        6.120750096906997,
        1.8621417955270676,
        5.077773490937299
      ],
      [
        1.5213194131074816,
        4.388097803581963,
        1.4833431091239417,
        0.011196531558556795,
        6.686145133974552,
        5.772589405097233,
        4.427719598017597,
        3.6261649977248354,
        2.2387058592414046,
        6.729152082924986,
        2.282190325723813,
        0.573901464737537,
        3.7759474840971676,
        1.8551429694637596,
        6.129063536401203,
        2.4718223998472517,
        0.0814164716437634,
        5.409607470110538,
        1.2908695739908116,
        0.5157661182262119,
        6.0214039858296395,
        0.21092662304626966,
        5.267785457918992,
        1.1825674081901458,
        1.8387505650820446,
        6.931700456448122,
        0.28112251456450094,
        2.544098025067158,
        3.617790920393514,
        1.7136714380047973,
        5.0186563470846,
        2.5591700451796675,
        1.4828598478566224,
        2.4764123976865604,
        1.0650025211659417,
        5.281315524343019,
        0.348237192183914,
        5.509911884271125,
        3.764343988610295,
        1.9672697389572342,
        6.123556062461113,
        5.103708322765909,
        2.5350056457520043,
        6.030706472463814,
        4.982319834210497,
        4.045943854114234,
        3.564641933015716,
        0.8615514979698318,
        1.3477298022583055,
        4.262436417637358,
        5.0251146104156454,
        2.0882872439380313,
        5.2704108767839015,
        1.644425045480369,
        0.4354242813730152,
        5.944630012347843,
        3.3522579437990374,
        0.641978373756753,
        1.355676175799567,
        2.9259600172052598,
        3.2503201690056334,
        4.261689828329951,
        1.8536860481100703,
        3.8532431488425276,
        1.9454429269970415,
        5.5299748639838775,
        2.1650145221837556,
        1.3053588494293373,
        3.8508779062509246,
        1.6537145021775572,
        3.7614427160811146,
        0.6099781303334826,
        5.285543802044727,
        2.7200154950370816,
        2.6839749469988083,
        5.114632578044912,
        1.6817453060180578,
        5.784160347154123,
        0.3473700233810841,
        1.8153807382742482,
        0.9863630745536909,
        5.449252443019411,
        2.8061206222214095,
        5.017284878852654,
        4.199580873548783,
        5.017941291356822,
        1.863051650466137,
        5.531466253398646,
        1.494420600204072,
        2.8175767198466946,
        5.080785196144815,
        5.617070615657919,
        1.9655549514686954,
        5.155383666539013,
        4.75765637870065,
        3.716937529618276,
        5.364468944774539,
        1.8832369899817416,
        6.013984868426138,
        2.7033848349565868,
        3.1511897113211416,
        4.718219005209616,
        0.025156751970474095,
        5.5638390424269755,
        0.2738337081866676,
        2.1375157922005874,
        0.5263581685041285,
        0.31209415787669426,
        2.1913685301997488,
        1.5814193363430384,
        5.431402522701081,
        5.845145658413506,
        5.886649435843962,
        2.9724396470437946,
        3.89355234033365,
        2.806923060080074,
        4.093454780419946,
        1.7784726968203062,
        4.655878724678621,
        3.242035830171337,
        4.774785443947665,
        2.0996935365582403,
        2.0458786049640314,
        2.030108177056384,
        6.1237109997012045,
        1.3345736612261596,
        4.863532817381928,
        4.09402255294019,
        2.495572344071728,
        2.3235420451311457,
        4.980411878386454,
        3.3210990532449123,
        0.44942747450921516,
        3.7476228349676264,
        0.7346316101961226,
        2.5629723394771546,
        3.597014994470016,
        0.010350831971373046,
        4.151220730380596,
        5.331704931956038,
        0.7317226258747965,
        4.3067494730738884,
        5.773615204127367,
        4.203006793564454
      ]
    ],
    "vqe2_time": [
      279.64769315719604,
      271.5949490070343,
      394.9026849269867
    ],
    "solution_vector": [
      1,
      1,
      1,
      1,
      1,
      1,
      0,
      1,
      1,
      1,
      1,
      1,
      1,
      1,
      0,
      1
    ],
    "solution_min_energy": -147701.97153175072,
    "solution_time": 0.024804353713989258,
    "matrix_size": 16,
    "qubo_matrix": [
      [
        -2298.7964647971717,
        18.029536756128348,
        36.059073512256695,
        72.11814702451339,
        144.23629404902678,
        288.47258809805356,
        576.9451761961071,
        9.014768378064174,
        9.014768377001792,
        18.029536754003583,
        36.05907350800717,
        72.11814701601433,
        144.23629403202867,
        288.47258806405733,
        576.9451761281147,
        9.014768377001792
      ],
      [
        18.029536756128348,
        -4579.563392838215,
        72.11814702451339,
        144.23629404902678,
        288.47258809805356,
        576.9451761961071,
        1153.8903523922143,
        18.029536756128348,
        18.029536754003583,
        36.05907350800717,
        72.11814701601433,
        144.23629403202867,
        288.47258806405733,
        576.9451761281147,
        1153.8903522562293,
        18.029536754003583
      ],
      [
        36.059073512256695,
        72.11814702451339,
        -9087.008638651916,
        288.47258809805356,
        576.9451761961071,
        1153.8903523922143,
        2307.7807047844285,
        36.059073512256695,
        36.05907350800717,
        72.11814701601433,
        144.23629403202867,
        288.47258806405733,
        576.9451761281147,
        1153.8903522562293,
        2307.7807045124587,
        36.05907350800717
      ],
      [
        72.11814702451339,
        144.23629404902678,
        288.47258809805356,
        -17885.54468920578,
        1153.8903523922143,
        2307.7807047844285,
        4615.561409568857,
        72.11814702451339,
        72.11814701601433,
        144.23629403202867,
        288.47258806405733,
        576.9451761281147,
        1153.8903522562293,
        2307.7807045124587,
        4615.561409024917,
        72.11814701601433
      ],
      [
        144.23629404902678,
        288.47258809805356,
        576.9451761961071,
        1153.8903523922143,
        -34617.19902601935,
        4615.561409568857,
        9231.122819137714,
        144.23629404902678,
        144.23629403202867,
        288.47258806405733,
        576.9451761281147,
        1153.8903522562293,
        2307.7807045124587,
        4615.561409024917,
        9231.122818049835,
        144.23629403202867
      ],
      [
        288.47258809805356,
        576.9451761961071,
        1153.8903523922143,
        2307.7807047844285,
        4615.561409568857,
        -64618.83664246983,
        18462.245638275428,
        288.47258809805356,
        288.47258806405733,
        576.9451761281147,
        1153.8903522562293,
        2307.7807045124587,
        4615.561409024917,
        9231.122818049835,
        18462.24563609967,
        288.47258806405733
      ],
      [
        576.9451761961071,
        1153.8903523922143,
        2307.7807047844285,
        4615.561409568857,
        9231.122819137714,
        18462.245638275428,
        -110775.42764666423,
        576.9451761961071,
        576.9451761281147,
        1153.8903522562293,
        2307.7807045124587,
        4615.561409024917,
        9231.122818049835,
        18462.24563609967,
        36924.49127219934,
        576.9451761281147
      ],
      [
        9.014768378064174,
        18.029536756128348,
        36.059073512256695,
        72.11814702451339,
        144.23629404902678,
        288.47258809805356,
        576.9451761961071,
        -2298.7964647971717,
        9.014768377001792,
        18.029536754003583,
        36.05907350800717,
        72.11814701601433,
        144.23629403202867,
        288.47258806405733,
        576.9451761281147,
        9.014768377001792
      ],
      [
        9.014768377001792,
        18.029536754003583,
        36.05907350800717,
        72.11814701601433,
        144.23629403202867,
        288.47258806405733,
        576.9451761281147,
        9.014768377001792,
        -2298.798010061343,
        18.029536812718646,
        36.05907362543729,
        72.11814725087459,
        144.23629450174917,
        288.47258900349834,
        576.9451780069967,
        9.014768406359323
      ],
      [
        18.029536754003583,
        36.05907350800717,
        72.11814701601433,
        144.23629403202867,
        288.47258806405733,
        576.9451761281147,
        1153.8903522562293,
        18.029536754003583,
        18.029536812718646,
        -4579.566483309968,
        72.11814725087459,
        144.23629450174917,
        288.47258900349834,
        576.9451780069967,
        1153.8903560139934,
        18.029536812718646
      ],
      [
        36.05907350800717,
        72.11814701601433,
        144.23629403202867,
        288.47258806405733,
        576.9451761281147,
        1153.8903522562293,
        2307.7807045124587,
        36.05907350800717,
        36.05907362543729,
        72.11814725087459,
        -9087.014819369062,
        288.47258900349834,
        576.9451780069967,
        1153.8903560139934,
        2307.7807120279867,
        36.05907362543729
      ],
      [
        72.11814701601433,
        144.23629403202867,
        288.47258806405733,
        576.9451761281147,
        1153.8903522562293,
        2307.7807045124587,
        4615.561409024917,
        72.11814701601433,
        72.11814725087459,
        144.23629450174917,
        288.47258900349834,
        -17885.557049734623,
        1153.8903560139934,
        2307.7807120279867,
        4615.5614240559735,
        72.11814725087459
      ],
      [
        144.23629403202867,
        288.47258806405733,
        576.9451761281147,
        1153.8903522562293,
        2307.7807045124587,
        4615.561409024917,
        9231.122818049835,
        144.23629403202867,
        144.23629450174917,
        288.47258900349834,
        576.9451780069967,
        1153.8903560139934,
        -34617.22374345525,
        4615.5614240559735,
        9231.122848111947,
        144.23629450174917
      ],
      [
        288.47258806405733,
        576.9451761281147,
        1153.8903522562293,
        2307.7807045124587,
        4615.561409024917,
        9231.122818049835,
        18462.24563609967,
        288.47258806405733,
        288.47258900349834,
        576.9451780069967,
        1153.8903560139934,
        2307.7807120279867,
        4615.5614240559735,
        -64618.88606285454,
        18462.245696223894,
        288.47258900349834
      ],
      [
        576.9451761281147,
        1153.8903522562293,
        2307.7807045124587,
        4615.561409024917,
        9231.122818049835,
        18462.24563609967,
        36924.49127219934,
        576.9451761281147,
        576.9451780069967,
        1153.8903560139934,
        2307.7807120279867,
        4615.5614240559735,
        9231.122848111947,
        18462.245696223894,
        -110775.52642948518,
        576.9451780069967
      ],
      [
        9.014768377001792,
        18.029536754003583,
        36.05907350800717,
        72.11814701601433,
        144.23629403202867,
        288.47258806405733,
        576.9451761281147,
        9.014768377001792,
        9.014768406359323,
        18.029536812718646,
        36.05907362543729,
        72.11814725087459,
        144.23629450174917,
        288.47258900349834,
        576.9451780069967,
        -2298.798010061343
      ]
    ],
    "ansatze": [
      "twolocal",
      "alternating_ry_rz",
      "random_circuit"
    ],
    "histories_energy": [
      [
        [
          -120233.82499093906,
          -123794.87927638026,
          -126293.80960933337,
          -128303.37978706355,
          -127653.5250026096,
          -126091.81026249552,
          -128861.91489015281,
          -126673.95939173597,
          -127416.42136533637,
          -123543.52370085681,
          -126682.15826017638,
          -126079.36648609104,
          -125123.98698751791,
          -127817.96775026941,
          -126149.92581433429,
          -126878.43816635288,
          -128012.85004212667,
          -127599.01058290349,
          -126631.25897058143,
          -127940.05623543014,
          -126900.98919637596,
          -125946.27378184753,
          -128098.95080309735,
          -128032.89714532103,
          -125934.96214193902,
          -127579.31174464677,
          -124430.48709337346,
          -129567.04355807729,
          -128063.54418702563,
          -129082.29931499586,
          -128353.64417985168,
          -129910.17807955472,
          -128676.72868216375,
          -127666.7938088143,
          -129919.40168442806,
          -122182.33485073959,
          -128607.65427764684,
          -130647.8272295945,
          -131349.38152537434,
          -131735.77658059294,
          -130976.71445792509,
          -131466.0255239496,
          -132146.0822278897,
          -135471.2041767052,
          -135172.79648735674,
          -134659.64709332722,
          -134670.57452543007,
          -134101.92350840746,
          -134960.14895076473,
          -134826.3002185875,
          -134157.3862805079,
          -135716.88053749016,
          -134406.30345247575,
          -134930.20662876344,
          -135209.4653510546,
          -134515.80744489058,
          -133285.9716268733,
          -134527.57048023812,
          -134302.9751671715,
          -133730.41133517752,
          -134696.19064574328,
          -134053.137361327,
          -135641.29709307247,
          -134638.23604037304,
          -134285.79295785353,
          -133949.9707999183,
          -134152.02647463031,
          -135040.98877669708,
          -134764.92111067715,
          -132036.33631656924,
          -134507.7426552596,
          -133456.0376676039,
          -135341.49482026795,
          -135037.46382505898,
          -134072.24290144647,
          -133732.84749741317,
          -134562.6527299917,
          -133646.41377638042,
          -134941.3147748935,
          -135425.5941125063,
          -134852.7683735354,
          -134713.36136298056,
          -134368.06778908052,
          -134118.2210155619,
          -134752.6508699994,
          -135100.02151868888,
          -134564.06730776295,
          -134250.1844232832,
          -135087.75486800086,
          -135362.26601395904,
          -134946.85098465602,
          -134330.78807615233,
          -135659.3662831966,
          -133118.00221900895,
          -134267.32925022775,
          -134521.48674255822,
          -134992.15062370105,
          -135053.61140158674,
          -136404.4968238014,
          -136054.63983859,
          -136007.6922603731,
          -132670.48832210203,
          -135791.6067300799,
          -133829.50839770472,
          -135720.05961973648,
          -136405.85083964636,
          -134931.9371190037,
          -135204.473576157,
          -135193.42905036506,
          -135902.77732674245,
          -136356.61210157422,
          -134509.53829326984,
          -135872.0189934398,
          -135067.77485538702,
          -134948.83078791184,
          -135781.84858944078,
          -135999.24039996846,
          -136205.6204256632,
          -135682.7658507683,
          -135766.93140018763,
          -136269.87178143123,
          -135712.91377782708,
          -134592.58286882326,
          -136408.2486892024,
          -135879.5669791704,
          -135256.6587670399,
          -135799.02891693116,
          -135186.99044098472,
          -134412.72785647612,
          -135153.6656413941,
          -135463.80929711726,
          -134524.97811792613,
          -135812.54396140669,
          -136267.78134888684,
          -136326.69752596086,
          -135664.6393539811,
          -135611.7904131076,
          -135560.83019782382,
          -134665.96768776097,
          -135526.42551084308,
          -136070.0514298285,
          -135142.69445207846,
          -135432.637972616,
          -135729.85489661753,
          -135400.95725953864,
          -135663.73551539244,
          -134480.0554045948,
          -135845.81835557165,
          -135282.33292074534,
          -135016.64169199488,
          -135395.90275837507,
          -135275.88237672855,
          -135602.10426634803,
          -136249.33730144482,
          -135486.13796251005,
          -135676.16642350485,
          -136613.63975755652,
          -135683.0342455042,
          -136196.3700134523,
          -135840.74577847286
        ]
      ],
      [
        [
          -96313.8454003207,
          -96430.85529500134,
          -115117.35240506592,
          -112142.19840020585,
          -110417.04485771942,
          -115978.9704144651,
          -114836.3535216904,
          -116621.52721728505,
          -118092.78809054091,
          -115536.06227608,
          -112117.42031664157,
          -124635.70765802199,
          -126217.50884405455,
          -126338.07558877366,
          -125860.6944889854,
          -125913.9040855643,
          -127008.45186920202,
          -127171.7621038275,
          -132206.88444484936,
          -131670.39510633706,
          -131107.10235681644,
          -131428.4311604874,
          -131358.0422429627,
          -132244.97602932603,
          -130771.82729280475,
          -131174.66525692205,
          -123746.76087097409,
          -128153.0057866616,
          -130584.85007913673,
          -132493.44232484067,
          -133960.46048463928,
          -131380.51248070196,
          -132447.3354057398,
          -131493.1633191686,
          -131889.98971862922,
          -131443.4974870253,
          -131588.747115922,
          -131661.65844021505,
          -133658.72882223822,
          -132540.56085681004,
          -132015.71805389549,
          -133529.90032497377,
          -124738.29025995475,
          -129340.7065186115,
          -131486.98367540183,
          -131665.32936263282,
          -131911.72235726568,
          -131474.1738785206,
          -132688.90293710493,
          -132455.8816598909,
          -131262.22553911372,
          -133175.43201080387,
          -132036.4296041184,
          -132684.99506938946,
          -133264.76102603006,
          -133591.7333541419,
          -132483.7367586415,
          -131303.7026162337,
          -131679.33193732332,
          -132872.32786766303,
          -130850.71933570462,
          -132602.22233081618,
          -132738.89891614168,
          -131711.36186144958,
          -131644.10184231788,
          -132277.7651985772,
          -131835.7298629307,
          -132799.95116035937,
          -131076.61106399877,
          -131555.45269252805,
          -131952.9624050044,
          -132491.09888168,
          -132212.0346610803,
          -132354.07390361515,
          -131900.39072546043,
          -132359.42437323683,
          -132456.16913095527,
          -131675.2442073671,
          -132294.99880210395,
          -131853.13698067996,
          -132480.14757651492,
          -131696.34934449638,
          -132233.81223618588,
          -131347.43397304055,
          -131706.19343106053,
          -132229.1417890435,
          -132145.00692710758,
          -131326.5128495456,
          -132412.66105153994,
          -130714.21388877409,
          -130877.89266894165,
          -132444.64094383997,
          -131895.81319175658,
          -132360.72082101635,
          -131995.61278801586,
          -132953.8643289526,
          -131883.3785196693,
          -137071.40893182612,
          -136276.106839089,
          -135371.21687025242,
          -135803.19434364134,
          -136770.10958063867,
          -139938.6989539481,
          -139937.39557146578,
          -138797.38811969405,
          -139886.87541233076,
          -139578.45489399353,
          -139358.18282083585,
          -135577.84132535462,
          -139485.80231011673,
          -138630.66499858454,
          -139709.83048853435,
          -139138.62642125817,
          -138947.53750017512,
          -139260.1487801816,
          -140532.88726257635,
          -138910.36220587083,
          -140036.9839026371,
          -133698.40568888324,
          -140752.4253909656,
          -136809.11699546233,
          -139006.39405471616,
          -137706.54551517311,
          -138739.91412407643,
          -140142.74604337293,
          -139253.11840568393,
          -128975.72237333837,
          -140304.21053393712,
          -136552.2960015032,
          -139359.98057416535,
          -131954.1078047461,
          -138862.58307398952,
          -139595.80759539793,
          -139860.59381210923,
          -140021.1596370541,
          -139187.79932721992,
          -140102.2353877418,
          -139634.91017404594,
          -140067.55063723528,
          -140134.4453595658,
          -139806.93998013873,
          -139150.468550665,
          -139811.35092416135,
          -140518.68760724567,
          -139971.7650961821,
          -138660.26744523723,
          -139294.33771096062,
          -140407.74030838648,
          -139281.4601846697,
          -139963.95494781696,
          -139689.77452465304,
          -139536.2388066463,
          -138855.16426874997,
          -138792.0818488217,
          -138840.37045867456,
          -139514.34810149285,
          -139980.6200697125,
          -139187.97943296004,
          -138646.89418903895,
          -139282.64158701315
        ]
      ],
      [
        [
          -125773.97932080844,
          -122605.42766118294,
          -122067.26279969989,
          -124137.14511876975,
          -122604.15591683579,
          -126063.12554475464,
          -125078.7813803374,
          -125346.97136723158,
          -127718.70196808269,
          -127821.28189078553,
          -127299.08172642527,
          -122230.22148764486,
          -128593.7202612613,
          -128729.07679549462,
          -128188.36760940033,
          -127678.93518736445,
          -128543.84685186885,
          -124292.75909353097,
          -128511.82932663907,
          -126766.86553769858,
          -125106.98640946548,
          -126250.7717501796,
          -127228.47789952968,
          -128827.34235739081,
          -127064.33293580351,
          -128144.42115569422,
          -128920.29347059321,
          -128785.08834794008,
          -127902.28099370551,
          -127325.20833997149,
          -127348.98623369269,
          -127585.63419744279,
          -129249.16775530271,
          -129340.80135059312,
          -123304.31338477864,
          -127967.66647965208,
          -127175.77598632358,
          -128799.64298075493,
          -128286.20292759573,
          -128812.06424380493,
          -128381.26748639908,
          -128396.87332493799,
          -126769.44499005246,
          -124552.28586005239,
          -128637.17096026364,
          -129471.49120176167,
          -128686.94159430043,
          -129175.00669066103,
          -128780.88503054867,
          -129350.73712166457,
          -128127.02041846023,
          -128840.81674028329,
          -129384.39536992954,
          -128893.15944976172,
          -127140.49162148098,
          -127688.96144972897,
          -128121.7089314994,
          -127503.7751524231,
          -128937.13996368242,
          -129399.55197868467,
          -128059.22356185186,
          -129319.86054524903,
          -128125.5461150168,
          -129572.02485417493,
          -127779.54969275354,
          -128806.72235631567,
          -127787.74791792833,
          -129357.1992135369,
          -127715.75986376035,
          -128175.2300924193,
          -129282.40053800632,
          -129238.71613282166,
          -129478.26934694045,
          -128251.97804243438,
          -127489.55251624018,
          -129973.13142716893,
          -129572.27654727317,
          -128695.28927839064,
          -127733.11649002392,
          -128788.17937783118,
          -128418.98742703693,
          -127587.5761891406,
          -127887.71454820047,
          -128031.33151214331,
          -127046.84107211046,
          -128833.46857743668,
          -128790.93524892954,
          -128559.5327989287,
          -128330.00058121633,
          -128496.31492341781,
          -128425.52094791402,
          -126671.7808409025,
          -127521.6396961708,
          -127861.7030448986,
          -127975.27149071754,
          -127939.13941563151,
          -127916.66362497887,
          -128708.80523564859,
          -127001.37814151889,
          -128640.18107810813,
          -127872.5217963365,
          -126318.52404788499,
          -129020.46964549644,
          -128718.74755991696,
          -128750.27233940602,
          -128582.42363790468,
          -128240.74255877294,
          -128459.94724129276,
          -127927.83283276958,
          -128841.65554324734,
          -129060.6690334263,
          -127861.65014501051,
          -128102.83855238602,
          -127519.42942514589,
          -129359.1997285229,
          -128149.46790757113,
          -127824.60505448419,
          -129224.70940863532,
          -127649.93615525097,
          -127230.52970942706,
          -128020.01130323904,
          -127916.17859349119,
          -127907.06411130905,
          -127296.52722663709,
          -128123.4418748869,
          -128424.50095511503,
          -128160.49216502094,
          -128347.43734260353,
          -128576.84903913409,
          -127678.3986430313,
          -128635.15765133842,
          -128059.6688633501,
          -129073.12054693082,
          -128434.14023318118,
          -127702.54057095983,
          -127330.86188099459,
          -129183.66192601435,
          -128541.53518333656,
          -128537.44760241947,
          -129372.94979925251,
          -129078.82906780626,
          -128251.93380489537,
          -128989.9677888954,
          -128449.15671244836,
          -128145.30805361141,
          -127428.08154088854,
          -128171.22772075281,
          -126040.72754334337,
          -130994.68599193644,
          -124676.6253682672,
          -129661.89671082364,
          -124926.7105203671,
          -128547.39972637504,
          -129085.43877792796,
          -128433.43875202189,
          -131432.54861222007,
          -132947.88296599512,
          -133833.5055369217,
          -132564.65780504208,
          -126129.6345426332
        ]
      ]
    ]
  },
  {
    "vqe2_energy": [
      -206242.27911613302,
      -224507.9546162773,
      -219497.50738366172
    ],
    "vqe2_vector": [
      [
        0,
        1,
        1,
        0,
        1,
        0,
        1,
        1,
        0,
        1,
        0,
        0,
        0,
        0,
        0,
        1
      ],
      [
        1,
        1,
        1,
        1,
        0,
        1,
        1,
        0,
        0,
        0,
        1,
        1,
        1,
        0,
        0,
        0
      ],
      [
        1,
        0,
        1,
        0,
        0,
        1,
        0,
        0,
        1,
        0,
        0,
        0,
        1,
        1,
        1,
        0
      ]
    ],
    "vqe2_min_error": [
      8.814067843994755,
      0.738261786780392,
      2.9535316304930004
    ],
    "vqe2_params": [
      [
        6.173482771867875,
        2.212464073775132,
        2.8117910486927,
        6.888357458339494,
        1.7745566699250932,
        3.9459385254729296,
        0.901102497824374,
        0.13125120935531137,
        6.166115001298755,
        4.0874544486016955,
        2.752495427456575,
        3.3860653022917964,
        4.965312727131738,
        2.19183168920387,
        0.7797095895263941,
        5.0933976196343425,
        3.5750055084183647,
        5.139014134924003,
        1.1014589423740486,
        1.3815641749145637,
        3.2040912703031195,
        6.1371990607036855,
        1.7743616857517284,
        1.4777142024433796,
        2.2448325573917987,
        3.29608228972386,
        2.6512179942244702,
        1.985642703441901,
        1.8173948028817983,
        2.735025516013376,
        4.60204932844425,
        0.28289963334915724,
        1.6131405612792327,
        3.817246953500819,
        4.080813005535048,
        0.5200770734658652,
        3.151164901265702,
        4.5414133049269525,
        3.9361998038625847,
        0.6081677783015937,
        3.7810718941467703,
        5.234336187844909,
        2.823248845025571,
        5.73991711862364,
        5.398332687668935,
        0.7636072738090237,
        2.786161163831,
        1.0403957352296254,
        4.9872095405555354,
        1.6303724045455534,
        0.36017646636069806,
        4.432307613947496,
        1.5719509304094517,
        1.2676449540854577,
        3.4811876269269737,
        1.1737357894621072,
        4.6143866755625975,
        0.21792161242225283,
        2.5973147530541625,
        0.5091545063873728,
        3.162688699744687,
        3.2019531293279027,
        1.6561885148998792,
        6.2315014276064185
      ],
      [
        1.0182277199326013,
        2.142660709040215,
        3.074481125537878,
        4.527562398557082,
        0.13343558134965838,
        1.106184911346473,
        5.26905074774625,
        0.03527770113516908,
        4.818096572760093,
        4.383563973826648,
        5.907483542061527,
        5.378465200865204,
        0.7564299985704016,
        2.8595488365234067,
        1.5554398452709512,
        4.500082627490666,
        1.5251492485173987,
        7.626605547079147,
        5.691567943168367,
        0.18853494094303722,
        4.183130236660699,
        4.267930344094575,
        4.794909537023475,
        1.2467589778983923,
        5.271561028809323,
        1.9142341483833354,
        3.2600197616451507,
        5.262869762995454,
        3.150638572230278,
        5.440722229618995,
        4.301322970220613,
        1.4271474558432191,
        1.1048483463611634,
        4.149877907018605,
        4.255632881433845,
        5.645158455476665,
        5.415688330265245,
        4.052278166785604,
        0.4077807697665661,
        6.104548074390422,
        1.2568656419580486,
        4.96993162901135,
        1.7145012796975942,
        4.923814865013228,
        4.3374894943165225,
        0.024591425637792205,
        4.495142030722287,
        2.372738182807309,
        2.41750826803256,
        5.591892305848839,
        3.231697499452047,
        6.010742453756494,
        1.5245956983681823,
        0.553874582778595,
        2.5391731411693272,
        5.995003904851288,
        5.084540395400594,
        2.719029398809638,
        3.3563285555994566,
        1.075693442299869,
        3.951453020846644,
        2.861656269266249,
        0.0500357863169377,
        6.128543546970224,
        0.6916976743768913,
        5.724809788793031,
        0.9490205158501144,
        3.4503168785225453,
        1.2200475828726143,
        3.9699891146772126,
        1.9408990861791522,
        4.363185540076903,
        1.8832327173965548,
        4.344882923036029,
        1.9436784146464334,
        4.301582536132556,
        4.7729908434695645,
        4.298523410927926,
        3.5701832799864706,
        1.987705249349158,
        1.3048836089007625,
        3.5247197699171,
        0.32121055810278554,
        2.869085750361981,
        5.647381446917165,
        5.3390773547146395,
        5.755931842028012,
        4.839610340511065,
        4.534107544166573,
        3.354340668804632,
        3.0652427080525912,
        2.8780529179034535,
        2.236591873134814,
        2.7081917422134603,
        1.9335100943641144,
        6.108338216879756
      ],
      [
        3.9276538028158328,
        3.9185260447696115,
        2.0328326380655204,
        4.018477408452706,
        5.625967003178393,
        5.898869363293366,
        2.7428184545999468,
        0.6737311417872409,
        2.802941046374229,
        2.7246901595375776,
        2.5863652841750433,
        3.2283768763234155,
        0.6776501306363939,
        5.076030891705792,
        2.316116495905496,
        2.973588310658572,
        2.2802342391845416,
        5.212357848309925,
        3.3172847181995944,
        7.25699198387939,
        3.9845639997276208,
        1.9522765682188556,
        1.6056198224657514,
        1.8264155199673542,
        6.552875043241829,
        0.39823501001403605,
        1.848509602606588,
        0.012479703428439227,
        4.963592351441242,
        1.590608967621541,
        5.098587379785748,
        0.606424031835043,
        5.789557051529279,
        5.480195001850723,
        1.7876127401403703,
        1.546973613024274,
        0.09890414726662779,
        4.2279185513907045,
        0.24265738239804185,
        0.5326601023297282,
        3.3869817753091582,
        0.5218539689021754,
        2.477297310368739,
        2.9390916310155144,
        6.137240000808862,
        6.089017809622546,
        1.4396324189999272,
        1.8896502478849666,
        3.2669666310404595,
        0.18887917234875257,
        1.6885065592311677,
        6.028245690349296,
        5.330393813968824,
        4.433908482161696,
        6.150361140414603,
        6.1160022310947815,
        3.051087244807558,
        1.9496175009794605,
        6.165341922483137,
        1.1343734619533972,
        6.171661385880589,
        0.712249404101917,
        5.841483884778078,
        6.035656737101327,
        4.663187216763234,
        0.5238151836276187,
        6.167899778390939,
        3.3429611279998004,
        5.940359343975692,
        6.197471683773026,
        6.169895752156917,
        0.6265838413007482,
        0.24800807871160852,
        0.36925402574485033,
        0.869281381337799,
        0.006377801059888199,
        4.679023933174086,
        5.402856152223682,
        0.5449209283370633,
        3.0894679792737114,
        6.212327018860276,
        3.2863199541105597,
        5.880170526483105,
        0.8041905192517771,
        3.2966390818046327,
        0.5562049122168633,
        0.778002754280953,
        3.905625067243158,
        3.149428333812717,
        3.9695751543786923,
        3.1105829568041523,
        0.0503451047666413,
        1.7421935979035592,
        1.4691714192692211,
        3.6071582441334296,
        2.9759513035517036,
        4.74115719823237,
        3.184552181852569,
        5.63983767037064,
