[
  {
    "vqe2_energy": [
      -137.59471366552447,
      -137.59778892389159,
      -135.53032549219526
    ],
    "vqe2_vector": [
      [
        0,
        1,
        1,
        0,
        1,
        0,
        0,
        1
      ],
      [
        1,
        1,
        0,
        1,
        1,
        1,
        0,
        1
      ],
      [
        0,
        1,
        0,
        1,
        0,
        1,
        1,
        0
      ]
    ],
    "vqe2_min_error": [
      0.006687191661591818,
      0.004452329117254905,
      1.5069266040225626
    ],
    "vqe2_params": [
      [
        4.263256686320442,
        6.364348132783211,
        2.2705116205222926,
        7.200886811612341,
        3.806849304038602,
        3.3104583751056293,
        4.223434727641664,
        5.169054735991866,
        5.52894747846398,
        5.379846923244796,
        3.5313497828098726,
        -0.11702257138541657,
        3.664736432513881,
        6.87575561163293,
        1.3965547032212713,
        3.346743129423738,
        5.776828706813848,
        6.058504593858398,
        2.435360369092206,
        2.0927616995853215,
        2.997092793100881,
        -0.10267703119590087,
        5.6632750085701895,
        2.045969565553538,
        3.602891831976669,
        2.93526383197783,
        0.8237196346432638,
        1.0977004718785686,
        0.7641964899643694,
        3.2261817336212957,
        1.0352550000839953,
        1.99747164392324
      ],
      [
        4.80754846745939,
        6.290391542267415,
        6.927774827394262,
        2.6748863978988457,
        6.719146642649059,
        0.3616536719995095,
        4.627183523456486,
        3.930212185237095,
        3.1932068240552702,
        0.023689330303353746,
        5.144434024220995,
        0.6584134676503897,
        3.6417288134126893,
        0.8361655037171163,
        2.140526301688165,
        2.168871296079982,
        5.643259058007325,
        6.1010888376598915,
        2.44812005296532,
        5.77732731931704,
        1.0392723155620711,
        5.653570145708708,
        1.5802041556788384,
        4.584989833079424,
        5.788654748135041,
        2.8189184908044096,
        3.899060374825038,
        4.915801859099513,
        2.860317607524378,
        5.932415401526119,
        4.050846899851306,
        3.318506227534992,
        0.9825996843861662,
        3.949536613495549,
        5.968967631621601,
        3.3497283936444373,
        4.628469098859387,
        4.52051972945339,
        5.726556137081382,
        1.3288081141452615,
        5.33657876356065,
        4.420175078814471,
        3.510265684696494,
        4.047140585973562,
        4.297112373424555,
        2.501327861288758,
        2.1388985132561453,
        4.453221187562945
      ],
      [
        4.032571248388366,
        6.810857614205026,
        1.6469776864401355,
        3.0001641333842555,
        1.3194738395128331,
        0.9459890324525557,
        4.55338655221579,
        4.802268153437,
        1.89089730369756,
        3.667337153767715,
        3.269575783606759,
        6.621523069733512,
        3.8720469221366063,
        6.200558522906357,
        0.2648042189538565,
        4.830775115975843,
        2.0186662333242347,
        1.1784659229944512,
        6.261930666191901,
        1.8454864277292027,
        2.248807569537903,
        3.8382975246054536,
        3.5988992630381316,
        5.2987503229412685,
        4.322701317023109,
        4.055283322223098,
        5.244426672112851,
        3.464216670331512,
        1.020618011422422,
        6.174283335069725,
        0.7498884658943182,
        0.7454563641897266,
        3.2544072831486877,
        4.716295893102697,
        2.7141245707314203,
        0.8777417077816514,
        4.85826059471168,
        2.92581503539329,
        5.749487902268832,
        4.679303925933641,
        1.84396210585703,
        0.3300551338031727,
        3.489451330419902,
        4.724696310686263,
        2.938155854114507,
        6.137410069076882,
        5.18265023095154,
        1.550291944626342,
        0.8282757654367908,
        4.95790366719986,
        1.6594860320200704,
        2.0026647850375894,
        1.9447293211015988,
        2.8068866282801626,
        3.870485058498103,
        6.10011442348338,
        1.6145354162859993,
        6.242902802024953,
        2.2178830637913785,
        1.0065291023291527,
        2.107910886999486,
        5.820498160288026,
        4.181808783356501,
        2.537799843734182,
        3.0435908958162563,
        3.63294161313054,
        3.147363596688619,
        4.286790352728265,
        2.4037779319002923,
        4.756089858629226,
        4.633100566689659,
        4.4667465959697585
      ]
    ],
    "vqe2_time": [
      5.655956029891968,
      5.180738925933838,
      8.016729831695557
    ],
    "solution_vector": [
      0,
      0,
      0,
      0,
      1,
      1,
      1,
      1
    ],
    "solution_min_energy": -137.60391550308802,
    "solution_time": 0.022492170333862305,
    "matrix_size": 8,
    "qubo_matrix": [
      [
        -32.186329668658615,
        4.2821073900461,
        8.5642147800922,
        2.14105369502305,
        2.141053799954217,
        4.282107599908434,
        8.564215199816868,
        2.141053799954217
      ],
      [
        4.2821073900461,
        -60.09055194727114,
        17.1284295601844,
        4.2821073900461,
        4.282107599908434,
        8.564215199816868,
        17.128430399633736,
        4.282107599908434
      ],
      [
        8.5642147800922,
        17.1284295601844,
        -103.05267433435787,
        8.5642147800922,
        8.564215199816868,
        17.128430399633736,
        34.25686079926747,
        8.564215199816868
      ],
      [
        2.14105369502305,
        4.2821073900461,
        8.5642147800922,
        -32.186329668658615,
        2.141053799954217,
        4.282107599908434,
        8.564215199816868,
        2.141053799954217
      ],
      [
        2.141053799954217,
        4.282107599908434,
        8.564215199816868,
        2.141053799954217,
        -32.18787375386553,
        4.282109804565579,
        8.564219609131158,
        2.1410549022827894
      ],
      [
        4.282107599908434,
        8.564215199816868,
        17.128430399633736,
        4.282107599908434,
        4.282109804565579,
        -60.093637703165484,
        17.128439218262315,
        4.282109804565579
      ],
      [
        8.564215199816868,
        17.128430399633736,
        34.25686079926747,
        8.564215199816868,
        8.564219609131158,
        17.128439218262315,
        -103.05883618806865,
        8.564219609131158
      ],
      [
        2.141053799954217,
        4.282107599908434,
        8.564215199816868,
        2.141053799954217,
        2.1410549022827894,
        4.282109804565579,
        8.564219609131158,
        -32.18787375386553
      ]
    ],
    "ansatze": [
      "twolocal",
      "alternating_ry_rz",
      "random_circuit"
    ],
    "histories_energy": [
      [
        [
          -100.09104924311555,
          -99.23108572989882,
          -100.3014554369797,
          -100.74800922313877,
          -101.06756788262135,
          -111.0871464122844,
          -120.79481562808235,
          -119.07204607815875,
          -122.20587027772874,
          -124.06052934664478,
          -123.31140477331707,
          -123.7073925284966,
          -123.47359895952277,
          -123.90658893058723,
          -124.39408854158589,
          -122.8276046634974,
          -122.78720803034417,
          -121.86402045928669,
          -122.18214778854504,
          -122.81845687946634,
          -123.75261462655028,
          -124.30584144148133,
          -109.48794888561078,
          -122.53472303571753,
          -123.62348464315727,
          -122.20714056622327,
          -122.26337683064364,
          -122.28985289888352,
          -123.00397693884365,
          -122.01432057705294,
          -122.79651922979892,
          -123.53103856757312,
          -122.86745748831356,
          -129.58189206477192,
          -130.76983112038099,
          -130.79690365355478,
          -129.54269369102283,
          -125.1303231067482,
          -130.8082560396824,
          -131.7009867577624,
          -126.46830495821956,
          -131.98515144336537,
          -127.4905299939677,
          -132.3811477163367,
          -129.80444389717206,
          -132.29941710122526,
          -133.71626249482813,
          -133.76560264463293,
          -132.32075307044744,
          -133.29775973988336,
          -132.70125993363428,
          -133.74763374067626,
          -130.31270203777854,
          -133.59258996607045,
          -133.5040947373024,
          -133.81146663471742,
          -133.3698175363725,
          -133.70924204907635,
          -133.16479297034942,
          -133.4432418102141,
          -134.19121327064508,
          -133.90134335050752,
          -133.62302846138394,
          -133.30988825516363,
          -133.8225287332467,
          -134.10555356349843,
          -133.96947436572339,
          -133.84534890954808,
          -132.96210213570865,
          -134.3450793627932,
          -126.10181051357272,
          -133.88214282971063,
          -129.07331172790646,
          -132.98879204804265,
          -127.36325011819073,
          -134.07362513927097,
          -133.38455684919978,
          -133.86303041083892,
          -133.6702611913658,
          -135.23413864812036
        ]
      ],
      [
        [
          -116.43817541994531,
          -117.33387325382958,
          -118.31943149987913,
          -120.93443303474012,
          -121.63901280543362,
          -124.537034028463,
          -121.9277155821911,
          -120.69000188856988,
          -125.35445798576227,
          -124.85335976752867,
          -120.94516614433562,
          -123.66445210057746,
          -124.30532784881848,
          -122.25386539227715,
          -124.1142120139474,
          -120.27084541109411,
          -123.54109803593624,
          -123.53475353425003,
          -121.70978657397156,
          -117.98687075066398,
          -125.91161352404885,
          -124.39051529563379,
          -126.97618740157627,
          -119.68807264379767,
          -126.80898220840777,
          -127.31000057010674,
          -126.61769477643816,
          -126.37580668884723,
          -126.37293227736231,
          -126.23110312769197,
          -126.16475469933414,
          -126.97650883713719,
          -127.15378779957034,
          -126.28887831527379,
          -127.19773666458424,
          -126.76013523827652,
          -126.80184746086044,
          -126.78120347158445,
          -126.08569409794048,
          -127.06730674374347,
          -127.03525078793844,
          -126.36138985697363,
          -126.75130268012344,
          -127.46334618271531,
          -126.79876038132626,
          -126.3783295554836,
          -126.57088173596037,
          -126.55104076600274,
          -126.76709561504111,
          -125.60302206904733,
          -127.35843067251953,
          -126.01565166171892,
          -126.35400411321969,
          -122.87014742018351,
          -127.48732893774805,
          -125.06050581547554,
          -126.99971532482029,
          -126.8358331113841,
          -128.0964070881344,
          -125.2270553086088,
          -128.92829641931147,
          -127.29618258603944,
          -131.3121721494963,
          -129.73137331386476,
          -131.3551414207487,
          -124.98802148977663,
          -130.4560711334289,
          -128.61219085626826,
          -131.04649132664431,
          -128.5843501803832,
          -131.14864799438203,
          -127.72527435596898,
          -129.7094287150067,
          -130.65640080625298,
          -131.7040921309968,
          -132.5762372668094,
          -131.40232220454544,
          -125.99268316474625,
          -132.379267227892,
          -131.88872272892755
        ]
      ],
      [
        [
          -100.52865042413767,
          -100.28077706070005,
          -107.50746091108626,
          -108.88264819694076,
          -107.96683504179423,
          -112.36938947988821,
          -111.6601847527311,
          -109.93668679189717,
          -115.2254769446331,
          -115.27417014916605,
          -107.11316104829349,
          -107.72291633325582,
          -115.37720584746438,
          -113.00344795029318,
          -113.46932076976263,
          -113.64889533857722,
          -119.74901065852244,
          -119.59946345637482,
          -117.96410892843832,
          -119.58340428549738,
          -117.88863124643723,
          -115.96190438852173,
          -118.97190497669742,
          -116.68193086036864,
          -116.83070898233174,
          -119.67262803264482,
          -118.48675472849685,
          -118.17308185261112,
          -117.56410666588164,
          -118.79376281886627,
          -118.62818289595089,
          -119.28259878732496,
          -117.65381884554935,
          -118.2267597395157,
          -117.10064711700939,
          -118.70961037189903,
          -118.91420146440029,
          -119.41936839658054,
          -119.00953149012314,
          -116.5425413315472,
          -117.77361784964091,
          -117.54280505095491,
          -118.60958466535948,
          -118.4004361780529,
          -118.84674915965363,
          -117.90383391127214,
          -118.38290971032018,
          -117.72016797014658,
          -117.99577670126324,
          -119.3281610417165,
          -117.48838065792872,
          -118.47963222693774,
          -119.07693786138113,
          -119.15680968555321,
          -117.94218817938895,
          -118.03366108069018,
          -118.49117461242915,
          -118.23063311221775,
          -117.75716869869837,
          -117.83812723310832,
          -120.66606228829401,
          -117.96153177300675,
          -118.52170057732214,
          -117.97244555991094,
          -119.2570222063861,
          -120.20732719027994,
          -118.87218136014698,
          -118.03134827544262,
          -118.19419173091553,
          -118.23165188994865,
          -119.67036260396505,
          -117.18870037037176,
          -118.53963772689973,
          -116.4468449426433,
          -121.65431519170338,
          -117.72125079163993,
          -119.72615878819676,
          -116.40739565339443,
          -120.77702229204104,
          -119.97801525434554
        ]
      ]
    ]
  },
  {
    "vqe2_energy": [
      -93.54793563862162,
      -94.99853781628613,
      -89.13611499254766
    ],
    "vqe2_vector": [
      [
        1,
        1,
        1,
        1,
        0,
        0,
        0,
        1
      ],
      [
        1,
        0,
        0,
        1,
        1,
        0,
        1,
        1
      ],
      [
        1,
        0,
        1,
        0,
        1,
        0,
        1,
        0
      ]
    ],
    "vqe2_min_error": [
      1.5269913797968937,
      1.849931070552202e-05,
      6.17108373251225
    ],
    "vqe2_params": [
      [
        1.7647690577372193,
        3.198523251220055,
        5.844962210990023,
        4.855519331413935,
        6.0138483191361125,
        2.829382814938014,
        0.5168542346938874,
        0.24317118360498396,
        1.3526436476428167,
        5.88909210403099,
        4.177458273453648,
        1.6740269054667158,
        6.12151191179872,
        2.859043314736451,
        1.8694261077050522,
        4.894976537962385,
        5.618928327821073,
        2.8638280713943858,
        6.084426180105987,
        0.5001593198388549,
        1.789392288649939,
        5.756123607443045,
        2.9529879048789245,
        2.358876475224867,
        4.953431458773107,
        1.8907938247583655,
        6.274551317602473,
        5.205888127337801,
        2.570173908216855,
        5.9587620814478335,
        2.99463696821501,
        1.3204372159505433
      ],
      [
        1.6289949087391886,
        1.1977597858450477,
        4.886364103766949,
        6.505661931342353,
        5.784227077013833,
        4.113566126112913,
        5.195801137699557,
        3.348760203088074,
        6.397531577973823,
        5.59699150476421,
        4.595482225313084,
        2.3857847944360504,
        4.872226140239666,
        5.029829804324547,
        3.330108744470973,
        2.0307741716252434,
        3.3417860678468703,
        3.7651944877769363,
        0.7572735738597705,
        6.336284264752019,
        2.1613443306724025,
        1.9794577374105913,
        1.6904968818615804,
        2.0379119329379622,
        5.482421498555788,
        1.0459713738839933,
        0.7609393575116271,
        5.9738273925296745,
        1.5677909857423102,
        0.3766911982679679,
        2.8838175610533225,
        1.7863648801310061,
        2.246190596702018,
        0.6423948039627945,
        5.895284950597939,
        4.233801087135187,
        2.981747964961033,
        0.2755647703518259,
        4.345176160193607,
        3.0924349322667735,
        0.737873603352239,
        1.9744173081370417,
        5.9149187684483735,
        1.2047623466624853,
        5.463713336405341,
        5.9856986826681915,
        4.389229401104278,
        5.251342312845314
      ],
      [
        1.8617522403652667,
        5.472545036481278,
        1.9566981211406245,
        5.585341446275325,
        0.1779192271915372,
        2.1944944064879617,
        6.004407661724351,
        5.991075531076623,
        0.3678639931240739,
        0.6269148875641005,
        1.2902994176257934,
        5.435671462828627,
        2.838277306537794,
        2.106867921532136,
        0.4371654381756566,
        4.567468173725277,
        3.4518802381478246,
        5.409011575615958,
        5.62342661759979,
        1.2902790103821922,
        5.9978760465024905,
        2.5430905654452847,
        0.011111796872347689,
        2.634481496937805,
        0.783040629042301,
        0.6437134935567836,
        4.844169248346192,
        3.613808833258511,
        5.007786534697447,
        1.2683621515467627,
        4.520007980582826,
        5.227990037002501,
        5.746908492247837,
        0.48351966711245714,
        0.519928677250031,
        2.044451176876536,
        1.3492195496730335,
        3.5834049205341585,
        3.5262129471153423,
        2.503278773462923,
        0.7787567244788771,
        2.284632040643877,
        2.2687741154455403,
        2.831996447995753,
        0.49390493143940994,
        3.980333404370463,
        3.2215019439124997,
        5.125183483499311,
        4.528277383354901,
        1.908064049215245,
        5.706912565697017,
        5.648738625443232,
        5.165062386089486,
        2.7293925182318803,
        6.961545535742349,
        3.246819556779021,
        1.0885053712108634,
        2.9252645580118015,
        1.2699860062935322,
        5.627503991676528,
        3.8913117522726473,
        3.718668336046928,
        4.582592682739957,
        4.716572853192793,
        0.7533453051894977,
        4.9696217662851465,
        4.080784443674111,
        4.091969081779607,
        3.142193674796878,
        0.6527799649515745,
        5.583696690638964,
        5.284535373710438
      ]
    ],
    "vqe2_time": [
      4.339762926101685,
      5.96885085105896,
      6.609471797943115
    ],
    "solution_vector": [
      1,
      0,
      1,
      0,
      0,
      1,
      0,
      1
    ],
    "solution_min_energy": -94.99855539036406,
    "solution_time": 0.02138042449951172,
    "matrix_size": 8,
    "qubo_matrix": [
      [
        -22.239039090791355,
        2.9612062738641223,
        5.9224125477282445,
        1.4806031369320611,
        1.4806033467943958,
        2.9612066935887915,
        5.922413387177583,
        1.4806033467943958
      ],
      [
        2.9612062738641223,
        -41.51687190771859,
        11.844825095456489,
        2.9612062738641223,
        2.9612066935887915,
        5.922413387177583,
        11.844826774355166,
        2.9612066935887915
      ],
      [
        5.9224125477282445,
        11.844825095456489,
        -71.18891871998068,
        5.9224125477282445,
        5.922413387177583,
        11.844826774355166,
        23.689653548710332,
        5.922413387177583
      ],
      [
        1.4806031369320611,
        2.9612062738641223,
        5.9224125477282445,
        -22.239039090791355,
        1.4806033467943958,
        2.9612066935887915,
        5.922413387177583,
        1.4806033467943958
      ],
      [
        1.4806033467943958,
        2.9612066935887915,
        5.922413387177583,
        1.4806033467943958,
        -22.239052129196544,
        2.9612111029030808,
        5.9224222058061615,
        1.4806055514515404
      ],
      [
        2.9612066935887915,
        5.922413387177583,
        11.844826774355166,
        2.9612066935887915,
        2.9612111029030808,
        -41.51689315549,
        11.844844411612323,
        2.9612111029030808
      ],
      [
        5.922413387177583,
        11.844826774355166,
        23.689653548710332,
        5.922413387177583,
        5.9224222058061615,
        11.844844411612323,
        -71.18894189936769,
        5.9224222058061615
      ],
      [
        1.4806033467943958,
        2.9612066935887915,
        5.922413387177583,
        1.4806033467943958,
        1.4806055514515404,
        2.9612111029030808,
        5.9224222058061615,
        -22.239052129196544
      ]
    ],
    "ansatze": [
      "twolocal",
      "alternating_ry_rz",
      "random_circuit"
    ],
    "histories_energy": [
      [
        [
          -82.36617861481902,
          -79.54656498818174,
          -84.008793146717,
          -83.9242223412071,
          -83.70101321931818,
          -84.15037547260569,
          -80.53728915060493,
          -73.42153712800129,
          -83.69793036525967,
          -81.25831744113638,
          -83.98326433051355,
          -83.69297835676403,
          -83.64964823563592,
          -83.36150213334057,
          -81.79191198356514,
          -85.1998671100178,
          -85.11915656734779,
          -86.17413861438567,
          -80.45037797313286,
          -84.89848737292843,
          -85.63158422054005,
          -85.5175635058373,
          -88.78635921972658,
          -88.29212162819147,
          -88.63026960369434,
          -88.19321415678795,
          -89.10295452781433,
          -88.27392513707045,
          -88.51572387376068,
          -88.72388709204645,
          -88.99673392450995,
          -89.18413146301303,
          -87.84876482534648,
          -88.87675758510422,
          -89.4281780717248,
          -88.07738030967695,
          -89.24591266717059,
          -79.76154613110039,
          -88.4718302914474,
          -88.5998878804122,
          -89.11192835553015,
          -90.3635850136151,
          -90.34645464076421,
          -89.46753864388184,
          -90.17369651762883,
          -87.60526591997404,
          -90.6054924558182,
          -88.57562797839692,
          -90.03258058957809,
          -90.37383829339886,
          -90.1339233954259,
          -90.06608958384709,
          -90.78887251946439,
          -91.6210513334625,
          -91.67520339252884,
          -91.71263120402726,
          -91.14342150722152,
          -86.6976577492405,
          -91.55312489235035,
          -91.7547918970019,
          -91.61042162920182,
          -90.95281772318724,
          -91.42161263850926,
          -91.06577612306887,
          -91.58496608782976,
          -89.78282225511143,
          -90.98087444489374,
          -90.21513492543549,
          -91.72168965690865,
          -88.8992609771091,
          -91.11943177655152,
          -86.97855195945021,
          -91.53158958534166,
          -89.53148901003541,
          -91.62435129699874,
          -90.82404967111852,
          -91.51604683362328,
          -90.59508542376715,
          -91.21561861838603,
          -91.13896123477002
        ]
      ],
      [
        [
          -80.29775901156887,
          -80.55033648169285,
          -78.68587506648385,
          -80.1394958732228,
          -81.37781882109093,
          -80.84407315319581,
          -80.66634649988634,
          -79.8420737499358,
          -80.89129315063026,
          -81.3827960230448,
          -76.52816452114395,
          -80.8155346480944,
          -81.44976547090522,
          -79.65795345170008,
          -87.0009895982355,
          -85.39629280462557,
          -85.49035701867965,
          -85.62106201397356,
          -70.78252773362426,
          -85.1561613265369,
          -87.49155631593581,
          -86.91187206960004,
          -83.40586938529748,
          -87.32287388612555,
          -86.86123956533983,
          -87.99725311240718,
          -87.02611298185259,
          -87.84944608081165,
          -85.96936212574012,
          -86.67460422652394,
          -87.31735804792683,
          -86.68511347407699,
          -86.49781161362286,
          -86.69056466058022,
          -86.879852395778,
          -87.89744151610965,
          -86.9145791254164,
          -87.33362529322025,
          -87.37922232168935,
          -87.45752101035309,
          -86.8802109787889,
          -87.51033625640943,
          -87.00633388202604,
          -87.44182881910012,
          -87.01128710838746,
          -87.95487921272921,
          -86.68037326349055,
          -87.09527580926834,
          -87.361904473177,
          -89.85903906205023,
          -87.92886995906537,
          -83.60215920690125,
          -89.70273472519226,
          -83.09948473482275,
          -89.13502845030759,
          -87.654923089541,
          -88.00893516532712,
          -86.86449817519502,
          -89.46101677058367,
          -88.45714014853473,
          -89.54819791800341,
          -88.72259470006604,
          -89.53983571637436,
          -88.84305441800532,
          -90.47813422955534,
          -84.85048232746124,
          -90.96088176248004,
          -89.96586048177221,
          -90.87818663491394,
          -89.89476751516663,
          -89.46683907804311,
          -87.74336744421699,
          -89.20512910260874,
          -90.78430064902263,
          -89.59833936597185,
          -91.04321706690183,
          -90.28916636024222,
          -90.53266883541875,
          -90.4386401438618,
          -90.83499882404551
        ]
      ],
      [
        [
          -77.16208705888309,
          -77.89836502847348,
          -75.71205785473838,
          -77.60877464687633,
          -79.55708847267147,
          -78.85301431341829,
          -79.10930049112065,
          -81.67172011840664,
          -80.07033597957819,
          -81.14307191974898,
          -81.37320772211002,
          -80.39715307013414,
          -83.40301316734258,
          -86.0007388972639,
          -86.1511029172534,
          -84.81097919821028,
          -85.97890710630597,
          -85.42192031602787,
          -83.36823559496538,
          -86.35231517522152,
          -85.8986040527712,
          -84.55240172484241,
          -86.66988527580875,
          -85.16732748440936,
          -86.30433163792948,
          -86.22218478369038,
          -85.98077323136071,
          -86.30019245713412,
          -86.00441700730667,
          -85.28891682421641,
          -85.52544286336366,
          -85.9840344555006,
          -85.90555217511783,
          -86.15038721561397,
          -86.55508549949684,
          -86.32953798473716,
          -86.18069002415146,
          -85.59245957708339,
          -86.83064007582172,
          -86.23983522664003,
          -87.01093631754622,
          -86.75947944779608,
          -86.38505959669607,
          -85.66685629268832,
          -86.10131235234853,
          -86.48087603930807,
          -85.73467256018098,
          -86.08075920459888,
          -86.72268725178681,
          -86.45230058424572,
          -86.9723870577142,
          -86.36520976328403,
          -86.90068041832919,
          -86.73975070156648,
          -85.90135357996023,
          -87.3816246645622,
          -86.35687165839043,
          -85.37694128155901,
          -86.042567363433,
          -86.22659553849434,
          -86.26668999075193,
          -86.58697536126547,
          -86.6738549200197,
          -85.62393774848833,
          -86.40153514847427,
          -86.33451904606605,
          -86.06781024746678,
          -85.9372376696097,
          -85.51297355988139,
          -86.58583024734676,
          -86.91674437894737,
          -86.4246756292545,
          -86.82428444008109,
          -86.62310905053504,
          -86.19044393953361,
          -86.20263825400784,
          -85.43032997480148,
          -85.52312153801508,
          -85.95487538827783,
          -83.75840684100405
        ]
      ]
    ]
  },
  {
    "vqe2_energy": [
      -96.33033949308194,
      -94.80009698445365,
      -96.3288115219763
    ],
    "vqe2_vector": [
      [
        1,
        1,
        0,
        1,
        0,
        0,
        1,
        0
      ],
      [
        0,
        1,
        0,
        0,
        0,
        0,
        1,
        1
      ],
      [
        1,
        0,
        1,
        0,
        0,
        1,
        0,
        1
      ]
    ],
    "vqe2_min_error": [
      0.006302900879229245,
      1.5947391786000686,
      0.007888979374504057
    ],
    "vqe2_params": [
      [
        0.635978846105823,
        -0.2045304937009065,
        2.7441765812737393,
        2.9637374352882926,
        1.1684429687263993,
        0.08559690027817202,
        1.0879648732531624,
        3.2117831721956516,
        1.6804940504192565,
        4.123394400306612,
        0.4422473781083918,
        5.527800754110133,
        3.262074823928257,
        5.021746090400014,
        1.4860245306362176,
        4.027857093099208,
        0.13788114118853417,
        3.5416072180301392,
        1.3245540386920862,
        3.7736622828150277,
        2.589722551655604,
        6.622556969772005,
        3.9693448170125194,
        4.830359669520279,
        4.313237340361674,
        0.9820744645862701,
        5.627602698341775,
        2.883921655736611,
        3.5682399507535294,
        3.9734917953621722,
        1.6207759223638292,
        5.226843547786053
      ],
      [
        4.23624819633909,
        1.364674735506446,
        1.0701787980098936,
        1.9865597995846351,
        3.110618357212559,
        5.096724587662052,
        6.6706401436968115,
        3.023067419000893,
        1.2571021046083515,
        5.57063992582038,
        3.5189730979841114,
        3.4196666986621085,
        2.6519928961417456,
        0.8005469157237628,
        3.6865390789928223,
        4.991716656513621,
        2.2156992933972104,
        3.9130206639740055,
        2.684469702462925,
        4.99522115404527,
        0.5001983957921694,
        6.083507901036136,
        5.808386464839179,
        5.4960039577584885,
        2.7616432026803692,
        5.712875085267726,
        1.051894539357924,
        5.135494039661174,
        5.4269246389693455,
        4.834911797867088,
        4.449047272735819,
        4.1366093362151055,
        5.861757147162064,
        0.09320586942531066,
        5.4817925399352445,
        4.458305612105677,
        2.452827049475027,
        0.29829403989707876,
        1.6991134810851072,
        6.1061588865550025,
        3.5270911167212646,
        0.2128320089568734,
        4.7059937652279435,
        1.3291079795166456,
        0.9100165783482673,
        1.6697817181357661,
        1.7710280819794655,
        1.2751381231386614
      ],
      [
        4.9683086573647905,
        5.816516016395812,
        1.9203016151154761,
        5.190881266397441,
        3.5167111300699756,
        2.591453357168778,
        0.3023133885700995,
        6.285373522649306,
        2.8035537060534725,
        3.65345066638228,
        3.381972064183769,
        2.0956626726418373,
        0.8402267893766953,
        2.457576450544973,
        3.6405373485318084,
        1.445041039774732,
        1.9114297868219379,
        0.2878986667422896,
        5.82551778921075,
        4.309663855831783,
        1.161645854956048,
        1.091510464622714,
        0.6557535414677336,
        0.3508916397172826,
        4.110224056351146,
        4.711003560089407,
        1.136907537898032,
        4.2610104662745325,
        6.001944651606346,
        0.15818438378577188,
        2.0390100700953107,
        5.141145671561811,
        6.064368522396089,
        5.332847215538119,
        5.164449821786315,
        5.07518419020598,
        4.111549429499483,
        5.235783034115233,
        4.018841737055089,
        4.479791231355648,
        0.7948674365832418,
        1.3370076094096977,
        1.4045683939713847,
        3.0552046001530595,
        0.9476609990823662,
        3.684684496281223,
        4.120640048042414,
        5.521151931355769,
        3.538097387665057,
        1.2183307861137769,
        0.9107605253802504,
        5.375136090231007,
        5.535717213817393,
        1.5747168731459096,
        5.887146723466342,
        2.277856095296347,
        4.3354500145025066,
        4.097928060650975,
        0.12194712247664434,
        4.524849850257459,
        5.507820826870124,
        5.250015730465231,
        5.407050591072272,
        5.732931473432094,
        3.301336288484308,
        1.1496903212001053,
        2.0167806623079585,
        0.35657902797191493,
        2.0933725290610017,
        4.334261367055841,
        2.6504822761452393,
        3.468643880139258
      ]
    ],
    "vqe2_time": [
      5.232887029647827,
      4.836699962615967,
      9.250459432601929
    ],
    "solution_vector": [
      0,
      0,
      0,
      0,
      1,
      1,
      1,
      1
    ],
    "solution_min_energy": -96.33641148160822,
    "solution_time": 0.020961999893188477,
    "matrix_size": 8,
    "qubo_matrix": [
      [
        -22.549282329012776,
        3.0025019628921603,
        6.005003925784321,
        1.5012509814460802,
        1.5012511913084148,
        3.0025023826168296,
        6.005004765233659,
        1.5012511913084148
      ],
      [
        3.0025019628921603,
        -42.09606269513339,
        12.010007851568641,
        3.0025019628921603,
        3.0025023826168296,
        6.005004765233659,
        12.010009530467318,
        3.0025023826168296
      ],
      [
        6.005003925784321,
        12.010007851568641,
        -72.18211753869815,
        6.005003925784321,
        6.005004765233659,
        12.010009530467318,
        24.020019060934636,
        6.005004765233659
      ],
      [
        1.5012509814460802,
        3.0025019628921603,
        6.005003925784321,
        -22.549282329012776,
        1.5012511913084148,
        3.0025023826168296,
        6.005004765233659,
        1.5012511913084148
      ],
      [
        1.5012511913084148,
        3.0025023826168296,
        6.005004765233659,
        1.5012511913084148,
        -22.550825206959946,
        3.002506791931119,
        6.005013583862238,
        1.5012533959655594
      ],
      [
        3.0025023826168296,
        6.005004765233659,
        12.010009530467318,
        3.0025023826168296,
        3.002506791931119,
        -42.09914362198877,
        12.010027167724475,
        3.002506791931119
      ],
      [
        6.005004765233659,
        12.010009530467318,
        24.020019060934636,
        6.005004765233659,
        6.005013583862238,
        12.010027167724475,
        -72.18826007625307,
        6.005013583862238
      ],
      [
        1.5012511913084148,
        3.0025023826168296,
        6.005004765233659,
        1.5012511913084148,
        1.5012533959655594,
        3.002506791931119,
        6.005013583862238,
        -22.550825206959946
      ]
    ],
    "ansatze": [
      "twolocal",
      "alternating_ry_rz",
      "random_circuit"
    ],
    "histories_energy": [
      [
        [
          -84.84727231969146,
          -83.93716680106672,
          -78.52584700432378,
          -84.68229739111118,
          -86.55279317778361,
          -84.27997688721412,
          -82.90271336863277,
          -85.89315214391422,
          -87.6865955071332,
          -86.57952477113074,
          -86.39827061805593,
          -86.02599752969923,
          -86.89998094383259,
          -86.46662358942417,
          -86.88575180355835,
          -87.1251126401025,
          -86.65851818531809,
          -86.67393769503147,
          -83.11774661150059,
          -87.3973843337433,
          -86.1412443436605,
          -85.46933993706307,
          -88.15969873339566,
          -88.16509120370408,
          -87.79299975636347,
          -88.2015003914986,
          -87.9878294368077,
          -88.52602028345731,
          -87.92974792119509,
          -87.88507463848373,
          -88.50680077907154,
          -88.37820054362504,
          -87.70573117601523,
          -89.17650035408862,
          -89.51772955618661,
          -86.81684089902782,
          -88.51325375122755,
          -85.20709287951598,
          -88.61957774143495,
          -87.08522504132902,
          -90.3392464405966,
          -91.75039255723844,
          -90.99005303641138,
          -90.67464810711903,
          -90.50907894399121,
          -90.88390316805872,
          -90.55046184202978,
          -91.58501755818412,
          -91.11112669701937,
          -90.64920199381272,
          -90.75343631085435,
          -91.13080080738008,
          -91.17717086497964,
          -91.21876110863147,
          -89.92304439468892,
          -91.4920124768077,
          -91.25663511080526,
          -91.30395996103722,
          -91.61729739301364,
          -91.49259837922625,
          -90.98337114834989,
          -91.134808168278,
          -90.93223631549594,
          -91.30109597108648,
          -91.3963628655277,
          -90.41876231169331,
          -90.6570677758936,
          -90.60968359705166,
          -91.06045411753453,
          -90.5789174773492,
          -90.8918347709723,
          -88.53881753860918,
          -91.21227137591588,
          -90.3663978565185,
          -91.61259023267884,
          -91.59899806191723,
          -91.5769592460376,
          -91.00660639350981,
          -91.44315480661965,
          -90.70124065736499
        ]
      ],
      [
        [
          -82.27976808530978,
          -82.22058350610806,
          -80.59928197023987,
          -79.19706280811909,
          -81.75513646456756,
          -80.36325616516956,
          -84.91581545538847,
          -85.65599873021168,
          -84.63987937585564,
          -86.11802678844748,
          -78.57948792778151,
          -84.16028161398474,
          -85.46202426447711,
          -85.03673612815231,
          -79.45853407496607,
          -85.85039666318492,
          -85.88954892329653,
          -86.20618776915214,
          -89.56904747592253,
          -88.78234565401928,
          -88.45805806554478,
          -88.9074295918141,
          -82.92656018881696,
          -88.48654774876981,
          -88.39458655642338,
          -89.08367027514265,
          -89.53615252340083,
          -87.54946977318059,
          -89.40056716924579,
          -88.40271453634548,
          -89.09110329630995,
          -89.58892885557934,
          -88.49019615812249,
          -89.08979443633594,
          -89.41111277243803,
          -88.8105819197396,
          -89.04179885744031,
          -88.78066529773697,
          -88.41054658065642,
          -88.96348221896945,
          -89.12349137653892,
          -88.33558758341961,
          -89.06468723606413,
