[
  {
    "vqe2_energy": [
      -119.12843203067028,
      -125.09862741329829,
      -55.568434710087956
    ],
    "vqe2_vector": [
      [
        0,
        1,
        0,
        0,
        0,
        1,
        0,
        1,
        0,
        0,
        0,
        1,
        0,
        0,
        0,
        0
      ],
      [
        0,
        0,
        0,
        0,
        0,
        0,
        0,
        0,
        0,
        1,
        0,
        1,
        0,
        0,
        1,
        0
      ],
      [
        0,
        0,
        0,
        1,
        0,
        0,
        0,
        1,
        0,
        0,
        0,
        0,
        0,
        0,
        0,
        0
      ]
    ],
    "vqe2_min_error": [
      6.288888245301882,
      1.5924976594273388,
      56.28768291174999
    ],
    "vqe2_params": [
      [
        5.764711728807095,
        3.96223849099211,
        2.948812111349745,
        0.286781707624556,
        3.1039320536279216,
        1.6012859457890136,
        2.846192545287781,
        5.366553284756353,
        3.169877910875483,
        3.5208841605409362,
        2.082573347048166,
        5.005333003535519,
        2.338132256036156,
        5.690287197299756,
        5.197911092371743,
        4.942571742449273,
        3.3898903069429673,
        3.3907957615749984,
        6.19128910148507,
        3.0940307578654784,
        1.1976324933179676,
        2.966211199342535,
        2.2067077628471385,
        1.6073642663167595,
        3.3489616613875364,
        1.054457780098488,
        2.555747970809329,
        4.039632313954043,
        2.97830335375831,
        1.627213124168762,
        0.5301245130788016,
        5.857466103162212,
        1.1147160266721694,
        2.4478011427977315,
        3.00863346804997,
        0.9916868659568764,
        1.2659214179506169,
        1.4627012356147755,
        3.710057907130796,
        7.196533603201488,
        0.13464428901826836,
        2.8657729683957958,
        1.2858503283450389,
        5.350394174509571,
        3.6338246104273364,
        0.957329985589728,
        2.8314944189523223,
        2.5114378309029006,
        3.145046121512023,
        5.519529284318677,
        5.709595660295517,
        1.9173044596890303,
        1.036335988820943,
        5.632053310633706,
        3.224760095983414,
        5.8826955528079825,
        2.3938930211627025,
        1.3135524295293928,
        3.465622774076708,
        4.1795220666229245,
        1.7563754725685137,
        4.533533968158543,
        5.190622562294613,
        6.346464819353033
      ],
      [
        7.232014572330557,
        1.2876566004568855,
        5.156573748261953,
        1.5996978030407623,
        1.4571946325472802,
        4.828177056548795,
        4.439239892161976,
        6.149387857439713,
        1.5969647460136698,
        5.697931668970508,
        3.7251064109056324,
        3.537784873095488,
        4.164385622386151,
        3.095974541259731,
        6.296124273775684,
        3.1803693280594185,
        2.2094470640291966,
        5.322075150946425,
        0.5374285823179006,
        1.6079778723587004,
        4.728529504500553,
        4.542951811896361,
        0.6408197051073606,
        0.5841423568471988,
        2.6853560249594026,
        0.5990299972281532,
        3.8241902127162435,
        4.843143292700073,
        3.9593355990055765,
        3.186785011324819,
        3.1861460368453782,
        2.500322045186764,
        6.158854109496173,
        4.719445409005582,
        0.04908976152321698,
        4.559788721290895,
        1.9592676653687224,
        1.5851058049800837,
        5.590265410994699,
        -0.030216521433546074,
        6.089479746732731,
        5.776040364839881,
        6.048982107513818,
        4.074039252022329,
        1.8687815173167917,
        6.334155762027547,
        3.80091736630669,
        1.4091025322424409,
        2.0926980891154803,
        4.097973700015581,
        1.2288630537969425,
        5.710150195572665,
        2.5622555972916965,
        4.698772567117567,
        5.799003995636215,
        1.8275363497672632,
        5.864514345545772,
        0.33727024361571883,
        3.050163468272846,
        2.8090005448296522,
        7.064143337069807,
        1.892335195639317,
        3.068234811439118,
        5.578090658164955,
        1.2181801967876937,
        4.299674086053864,
        5.897678217869716,
        1.6910678297841981,
        5.263573263387793,
        3.734662145532681,
        5.266054195509767,
        4.368104442377847,
        3.1029105248762194,
        4.766001814596822,
        0.37192592720049417,
        3.161631672674184,
        3.986744036538311,
        0.4918402025437557,
        5.699454091619658,
        2.175157826837806,
        -0.05063629474058195,
        5.9313775215524505,
        0.5898468374561212,
        5.335486515865375,
        1.610697245383501,
        1.981629354888478,
        0.9646092891466933,
        2.7050111135126707,
        5.00813284389457,
        2.7827376676948385,
        4.65374349587684,
        2.431082253204363,
        0.21713064849655778,
        1.4648161918829867,
        2.535169400050207,
        5.858723406281481
      ],
      [
        2.3985827312605332,
        4.233234232602635,
        3.276448814371942,
        4.231614183558518,
        0.5187955616838394,
        4.831301681838788,
        6.913001177333449,
        6.188097335832576,
        3.0561371453244504,
        4.080625976689469,
        0.6890334354064668,
        1.2996109466870889,
        1.3521083834898928,
        4.175600025490782,
        5.605961266222863,
        4.601911562251194,
        1.7286866201519198,
        5.4671947546358535,
        6.155228812599433,
        5.741979228226487,
        0.4824772956691934,
        3.8738990077769757,
        2.6126320533805414,
        5.8079003983394495,
        2.4780776520135035,
        3.1117840671906762,
        6.160017118160413,
        0.13707650794587387,
        2.9142960381512304,
        4.147516680324796,
        3.683809609281769,
        4.737520965221424,
        4.32023121211558,
        3.1301148527484632,
        2.542502341254019,
        3.0831650253877774,
        3.099275375201993,
        4.46531109975685,
        5.9195338776913085,
        4.453667715093678,
        1.8818739462902332,
        3.0920647337846727,
        4.050871878415208,
        4.269321354757071,
        1.3448000226333285,
        4.035629218375712,
        5.6721688284789,
        3.009588205984033,
        4.149523376507525,
        2.338438133634832,
        4.708803029530383,
        5.731501712720209,
        5.46512602306695,
        1.4042596136396077,
        3.8310286979090042,
        1.85189599743108,
        3.639185007894373,
        3.434947347907335,
        2.5896771560509566,
        5.817570396897592,
        4.2221225861088305,
        4.639575681786049,
        1.184245428812161,
        5.520937432492058,
        3.4187017727678732,
        5.225514915596568,
        5.487218656903712,
        4.4429006440832035,
        1.5100260013084177,
        1.1741153122512193,
        1.7588219006224288,
        2.7857532550937876,
        1.3252070546820325,
        1.889099794502794,
        5.099456300829356,
        3.214374033805028,
        0.5721043826067413,
        2.5595843866721935,
        3.4466617395821686,
        3.480852816058922,
        6.205649978791374,
        4.990449097213122,
        0.4527369323337096,
        5.247944501124878,
        3.579469451091332,
        6.189836970408663,
        4.3935620158930275,
        2.1005644728875232,
        4.432777280913508,
        3.7142913266622166,
        3.4388036248382856,
        2.539844877183624,
        3.867088740490592,
        2.141225984292268,
        0.7521160975311256,
        5.024909383318482,
        5.37406057149709,
        6.187947858392777,
        5.30830426190649,
        3.819185454379555,
        5.271295668231714,
        3.3844819944713973,
        1.4393860950458552,
        3.174738937685757,
        5.12762094362982,
        0.693442197283275,
        0.25672102250345197,
        2.0341827657293674,
        4.116629066998382,
        0.8947658900399479,
        4.440867669323949,
        5.689667964015966,
        3.96437192005319,
        0.5403849683010086,
        1.9092269342170591,
        4.589167948482874,
        0.3107274848839196,
        3.704315961599823,
        1.9406744932653766,
        3.747246086414615,
        4.594568275031597,
        4.436356103454446,
        5.665923702457284,
        1.8404247024673732,
        4.228566694912909,
        5.118376109618939,
        5.59641818435152,
        4.012184091431833,
        4.714321778249855,
        3.8725196976002847,
        2.426369988935663,
        3.219368828871317,
        0.3211700195959737,
        2.197422462536859,
        4.971930086938062,
        5.653388386914934,
        0.7251082465154031,
        3.72326867285054,
        4.012116522284043,
        1.7563212057295712,
        4.1290664970099185,
        5.302129358577333,
        3.317379561666753,
        0.03554181427856911
      ]
    ],
    "vqe2_time": [
      275.89383482933044,
      233.148357629776,
      308.9408676624298
    ],
    "solution_vector": [
      0,
      0,
      0,
      0,
      1,
      0,
      1,
      1,
      0,
      1,
      0,
      0,
      0,
      0,
      0,
      0
    ],
    "solution_min_energy": -127.12305915493303,
    "solution_time": 0.024508237838745117,
    "matrix_size": 16,
    "qubo_matrix": [
      [
        -29.76579676881214,
        3.9647030033999022,
        7.9294060067998045,
        1.9823515016999511,
        1.9823514563716156,
        3.964702912743231,
        7.929405825486462,
        1.9823514563716156,
        1.982351159380342,
        3.964702318760684,
        7.929404637521368,
        1.982351159380342,
        1.9823511699749825,
        3.964702339949965,
        7.92940467989993,
        1.9823511699749825
      ],
      [
        3.9647030033999022,
        -55.566890534224385,
        15.858812013599609,
        3.9647030033999022,
        3.964702912743231,
        7.929405825486462,
        15.858811650972925,
        3.964702912743231,
        3.964702318760684,
        7.929404637521368,
        15.858809275042736,
        3.964702318760684,
        3.964702339949965,
        7.92940467989993,
        15.85880935979986,
        3.964702339949965
      ],
      [
        7.9294060067998045,
        15.858812013599609,
        -95.27496905484915,
        7.9294060067998045,
        7.929405825486462,
        15.858811650972925,
        31.71762330194585,
        7.929405825486462,
        7.929404637521368,
        15.858809275042736,
        31.717618550085472,
        7.929404637521368,
        7.92940467989993,
        15.85880935979986,
        31.71761871959972,
        7.92940467989993
      ],
      [
        1.9823515016999511,
        3.9647030033999022,
        7.9294060067998045,
        -29.76579676881214,
        1.9823514563716156,
        3.964702912743231,
        7.929405825486462,
        1.9823514563716156,
        1.982351159380342,
        3.964702318760684,
        7.929404637521368,
        1.982351159380342,
        1.9823511699749825,
        3.964702339949965,
        7.92940467989993,
        1.9823511699749825
      ],
      [
        1.9823514563716156,
        3.964702912743231,
        7.929405825486462,
        1.9823514563716156,
        -29.76734085401905,
        3.9647054179193812,
        7.9294108358387625,
        1.9823527089596906,
        1.9823514145981047,
        3.9647028291962094,
        7.929405658392419,
        1.9823514145981047,
        1.982351241149158,
        3.964702482298316,
        7.929404964596632,
        1.982351241149158
      ],
      [
        3.964702912743231,
        7.929405825486462,
        15.858811650972925,
        3.964702912743231,
        3.9647054179193812,
        -55.56997629011872,
        15.858821671677525,
        3.9647054179193812,
        3.9647028291962094,
        7.929405658392419,
        15.858811316784838,
        3.9647028291962094,
        3.964702482298316,
        7.929404964596632,
        15.858809929193264,
        3.964702482298316
      ],
      [
        7.929405825486462,
        15.858811650972925,
        31.71762330194585,
        7.929405825486462,
        7.9294108358387625,
        15.858821671677525,
        -95.28113090855992,
        7.9294108358387625,
        7.929405658392419,
        15.858811316784838,
        31.717622633569675,
        7.929405658392419,
        7.929404964596632,
        15.858809929193264,
        31.717619858386527,
        7.929404964596632
      ],
      [
        1.9823514563716156,
        3.964702912743231,
        7.929405825486462,
        1.9823514563716156,
        1.9823527089596906,
        3.9647054179193812,
        7.9294108358387625,
        -29.76734085401905,
        1.9823514145981047,
        3.9647028291962094,
        7.929405658392419,
        1.9823514145981047,
        1.982351241149158,
        3.964702482298316,
        7.929404964596632,
        1.982351241149158
      ],
      [
        1.982351159380342,
        3.964702318760684,
        7.929404637521368,
        1.982351159380342,
        1.9823514145981047,
        3.9647028291962094,
        7.929405658392419,
        1.9823514145981047,
        -29.76536578971627,
        3.9647023294685564,
        7.929404658937113,
        1.9823511647342782,
        1.9823511329812642,
        3.9647022659625284,
        7.929404531925057,
        1.9823511329812642
      ],
      [
        3.964702318760684,
        7.929404637521368,
        15.858809275042736,
        3.964702318760684,
        3.9647028291962094,
        7.929405658392419,
        15.858811316784838,
        3.9647028291962094,
        3.9647023294685564,
        -55.56602924996399,
        15.858809317874226,
        3.9647023294685564,
        3.9647022659625284,
        7.929404531925057,
        15.858809063850114,
        3.9647022659625284
      ],
      [
        7.929404637521368,
        15.858809275042736,
        31.717618550085472,
        7.929404637521368,
        7.929405658392419,
        15.858811316784838,
        31.717622633569675,
        7.929405658392419,
        7.929404658937113,
        15.858809317874226,
        -95.27324918205375,
        7.929404658937113,
        7.929404531925057,
        15.858809063850114,
        31.717618127700227,
        7.929404531925057
      ],
      [
        1.982351159380342,
        3.964702318760684,
        7.929404637521368,
        1.982351159380342,
        1.9823514145981047,
        3.9647028291962094,
        7.929405658392419,
        1.9823514145981047,
        1.9823511647342782,
        3.9647023294685564,
        7.929404658937113,
        -29.76536578971627,
        1.9823511329812642,
        3.9647022659625284,
        7.929404531925057,
        1.9823511329812642
      ],
      [
        1.9823511699749825,
        3.964702339949965,
        7.92940467989993,
        1.9823511699749825,
        1.982351241149158,
        3.964702482298316,
        7.929404964596632,
        1.982351241149158,
        1.9823511329812642,
        3.9647022659625284,
        7.929404531925057,
        1.9823511329812642,
        -29.765319441515675,
        3.9647022569928714,
        7.929404513985743,
        1.9823511284964357
      ],
      [
        3.964702339949965,
        7.92940467989993,
        15.85880935979986,
        3.964702339949965,
        3.964702482298316,
        7.929404964596632,
        15.858809929193264,
        3.964702482298316,
        3.9647022659625284,
        7.929404531925057,
        15.858809063850114,
        3.9647022659625284,
        3.9647022569928714,
        -55.56593662603848,
        15.858809027971486,
        3.9647022569928714
      ],
      [
        7.92940467989993,
        15.85880935979986,
        31.71761871959972,
        7.92940467989993,
        7.929404964596632,
        15.858809929193264,
        31.717619858386527,
        7.929404964596632,
        7.929404531925057,
        15.858809063850114,
        31.717618127700227,
        7.929404531925057,
        7.929404513985743,
        15.858809027971486,
        -95.27306422410548,
        7.929404513985743
      ],
      [
        1.9823511699749825,
        3.964702339949965,
        7.92940467989993,
        1.9823511699749825,
        1.982351241149158,
        3.964702482298316,
        7.929404964596632,
        1.982351241149158,
        1.9823511329812642,
        3.9647022659625284,
        7.929404531925057,
        1.9823511329812642,
        1.9823511284964357,
        3.9647022569928714,
        7.929404513985743,
        -29.765319441515675
      ]
    ],
    "ansatze": [
      "twolocal",
      "alternating_ry_rz",
      "random_circuit"
    ],
    "histories_energy": [
      [
        [
          7.404912749688687,
          -2.8893776538203193,
          -17.588234908211827,
          6.997459456303592,
          -16.659869509368107,
          -17.753710648572408,
          -21.57623336039001,
          -7.616031132044684,
          -23.629579262404345,
          -21.952873857278856,
          -8.154370111533677,
          -33.8051090521032,
          -27.454651264573375,
          -39.79491153029994,
          -47.611014563682026,
          -39.008755461828926,
          -50.62856047971937,
          -44.92119246887663,
          -61.541176507939156,
          -55.0848013166422,
          -61.74695419306479,
          -61.67481695493699,
          -86.41071554244049,
          -85.78380105511806,
          -85.28917571174878,
          -85.90416371091611,
          -72.14135010266625,
          -81.95999661220608,
          -82.78079891748466,
          -82.61366632962337,
          -87.91197328450308,
          -84.01391258894573,
          -85.14793585660055,
          -85.44784990428916,
          -102.93258116287362,
          -98.53941666783676,
          -100.69941356972038,
          -102.51415389253455,
          -94.24068798416141,
          -96.3044631380416,
          -102.93294212416741,
          -102.6087120374278,
          -104.99084788824743,
          -104.82637955425429,
          -105.27042077038028,
          -104.4856594424122,
          -100.48901992351944,
          -105.66687081740159,
          -105.82014388268836,
          -105.61208979768001,
          -104.83909818123696,
          -106.73888109309694,
          -105.72396345540339,
          -105.78315714818395,
          -105.88135856580524,
          -105.14533469522482,
          -104.6510090715802,
          -106.69051808742152,
          -105.344431783043,
          -105.84541111949316,
          -105.7673253800991,
          -106.39278613365549,
          -106.0046183348261,
          -104.12615550639111,
          -105.71060582865316,
          -106.57810893491953,
          -105.14177940503983,
          -101.16881883199659,
          -104.47280801950828,
          -99.65801767802955,
          -105.68376032437854,
          -99.81188117906976,
          -104.41977459942505,
          -99.18174333820429,
          -105.89397915665221,
          -91.50785779068642,
          -104.50550139018263,
          -105.68401771877873,
          -105.89717109643358,
          -101.39646107309352,
          -106.4962262648237,
          -106.59262657588562,
          -103.67939027251691,
          -104.33808216215893,
          -103.96709428417603,
          -104.52744177448943,
          -105.68560396789601,
          -98.04114041243048,
          -105.35430283223175,
          -105.6091830058675,
          -105.33701048769706,
          -106.37975389430068,
          -105.12349570574236,
          -107.16154353228067,
          -107.62852012372733,
          -104.54631006340898,
          -103.67853619193848,
          -106.35591993440097,
          -106.04390866572706,
          -97.51518802126053,
          -107.78930239195539,
          -102.9362049037876,
          -107.81143698059567,
          -107.63682308504784,
          -106.4200132106286,
          -104.07046426315813,
          -108.30094538093735,
          -99.74850948029317,
          -108.2290363635675,
          -106.53841683313732,
          -107.06814334987422,
          -104.0386602566702,
          -107.5864847870337,
          -104.47044431763787,
          -109.05430169315784,
          -102.73301058014995,
          -107.23062171263732,
          -103.4300814648157,
          -106.86345316116798,
          -107.38713413915879,
          -107.25833741703384,
          -111.0684729117029,
          -110.71566273984168,
          -112.12963536903248,
          -112.11022346463434,
          -109.32676292587945,
          -109.9159759267252,
          -112.7390269506183,
          -111.89454761931181,
          -111.5326479235434,
          -111.23070057797162,
          -111.45890695867632,
          -112.8701736008569,
          -110.01695116524058,
          -113.04108245832171,
          -111.48642694432218,
          -111.38589143229004,
          -111.59434316893837,
          -112.4637403826579,
          -112.46507001987467,
          -111.78707745351457,
          -112.55190978082481,
          -110.74831479450842,
          -108.32779084539813,
          -111.18739824054452,
          -110.59286552813566,
          -111.52521483462512,
          -109.73158439151436,
          -110.56357934257944,
          -110.0140244064297,
          -111.47329418387525,
          -112.91834748527062,
          -111.08884695155983,
          -109.2727221584862,
          -111.07118389555926,
          -109.96328184326914,
          -112.58371612599457,
          -109.0244501958957,
          -111.61844178262977,
          -111.48062216284674
        ]
      ],
      [
        [
          63.55663571545242,
          57.861636647534745,
          28.752457667054152,
          12.760410460896807,
          -7.168952298448598,
          -5.050679519060283,
          -25.546060760531113,
          -28.729236955502437,
          -38.39671830790044,
          -10.150096619984902,
          -56.09433015997624,
          -74.79101615997283,
          -74.22425638456049,
          -71.20359109522633,
          -89.20391852155498,
          -97.83838956394898,
          -94.9555084857126,
          -93.69969721077469,
          -100.05880664844523,
          -95.34331706107842,
          -97.98858053184813,
          -102.40198122327095,
          -72.95428973193947,
          -101.29602475241063,
          -96.63156201295607,
          -102.87411287842608,
          -88.31246020234883,
          -97.1136974764467,
          -101.51770448911086,
          -98.60317518585916,
          -93.12478725696702,
          -97.668420899229,
          -101.91846201813361,
          -101.40961007274647,
          -101.8032597412808,
          -97.08819415591155,
          -101.7363404599669,
          -103.22928217190653,
          -99.40231064302081,
          -102.32504501462225,
          -97.0590728569232,
          -99.38088165055571,
          -95.57731766387681,
          -100.27643920210144,
          -103.08115438758526,
          -99.62728746672077,
          -96.27812120788408,
          -100.04245344760031,
          -99.32013534164544,
          -99.84645750455324,
          -102.00818841527247,
          -101.36047390714282,
          -101.28076486157765,
          -100.5278403209972,
          -102.28244114887619,
          -102.46292121216229,
          -101.09176545545768,
          -102.24499018582175,
          -101.12659254998066,
          -102.08042881228307,
          -99.97023141161722,
          -99.3775510498849,
          -99.65624853778432,
          -99.56450336949128,
          -100.84440709169596,
          -101.58887749193066,
          -102.94979817867346,
          -103.22997682188426,
          -101.63031710675966,
          -100.98292393994535,
          -100.06843069659737,
          -100.85754306204116,
          -102.89026666368171,
          -99.07993060619687,
          -99.54639308623126,
          -102.59424151724639,
          -100.37679455085772,
          -102.20922536795688,
          -101.87699163631231,
          -102.03294201970367,
          -102.64908022311921,
          -101.84251050907129,
          -99.28541699427761,
          -101.07879280608637,
          -98.9819358118443,
          -101.53575118916345,
          -100.84228635750036,
          -102.73988486964147,
          -100.70819521464522,
          -98.50349589095158,
          -103.67001288327648,
          -103.16291430533748,
          -101.65598865963443,
          -99.40288661062897,
          -101.18319210767788,
          -102.5965840948277,
          -100.82896740076384,
          -106.26580105357655,
          -106.05280144523385,
          -104.40744272280199,
          -106.39830351750973,
          -106.52128322703173,
          -104.33876901281714,
          -100.02307586136729,
          -105.97609326355533,
          -99.24959387694449,
          -106.43529357343618,
          -90.39648855194322,
          -103.12866160120771,
          -101.99913488284857,
          -105.63619960298553,
          -104.71511272154696,
          -100.80396395420061,
          -101.42949488924613,
          -105.46406475372504,
          -99.64822769232944,
          -104.62947557432304,
          -97.27497903447588,
          -104.1751199622132,
          -93.67199922407701,
          -105.20737973863166,
          -103.46177229477995,
          -105.35391954020517,
          -105.54782003512439,
          -102.4749161392994,
          -102.613571093961,
          -104.91951618450344,
          -102.84513384515162,
          -103.45065866202188,
          -103.75784281027245,
          -103.17080641297812,
          -108.04078887685048,
          -107.04553730460228,
          -107.84648008803498,
          -111.81698883348881,
          -111.03323773084443,
          -111.89899805355863,
          -111.9388194609536,
          -110.72778052082138,
          -112.07603203874686,
          -106.15352755548255,
          -100.01295091330275,
          -110.30203253388903,
          -112.6549790823693,
          -112.35834260728316,
          -112.42639631396136,
          -110.50689060555439,
          -112.84081358891896,
          -112.42269907280215,
          -113.5774124753082,
          -112.78277487308827,
          -112.41189273253019,
          -111.57911714412303,
          -113.77480970835033,
          -111.65456264065686,
          -113.42152541557905,
          -112.49245902694979,
          -113.84495715406592,
          -112.43049908229753,
          -113.42835676630312
        ]
      ],
      [
        [
          -9.892884603443163,
          -10.093766686488422,
          -7.0101477470566955,
          -18.825685727623444,
          -24.440845890661993,
          -16.350159344745904,
          -5.550041492880088,
          -32.72402962630595,
          -49.14452773888997,
          -42.53928554526601,
          -41.21129372106663,
          -40.16625531587722,
          -48.80102595565353,
          -45.079149709653564,
          -63.22999869658629,
          -59.86638914159889,
          -67.98673271139756,
          -67.93397590259374,
          -54.16762097556732,
          -70.41253530253324,
          -62.480486371663076,
          -40.67102935890013,
          -38.48195083153007,
          -47.2268395135776,
          -61.10624548225655,
          -66.4373864169551,
          -70.0766545618295,
          -77.78921645188746,
          -75.11306293492723,
          -69.78843705320914,
          -48.945353733595624,
          -48.29624750920071,
          -74.95499393380123,
          -70.4371047128815,
          -53.99057370779119,
          -81.11708376729639,
          -86.17696123665165,
          -88.48809623104815,
          -85.19464608504944,
          -82.58299066804862,
          -88.44970568656616,
          -86.5753634412513,
          -90.43275664424381,
          -94.1178922196738,
          -93.9659634642039,
          -93.45625563939114,
          -90.67543047198627,
          -91.98861855436397,
          -95.54505431586038,
          -92.74978013670017,
          -95.3180931553908,
          -92.3440176005937,
          -95.56203845019907,
          -92.85707421750293,
          -94.56775416939722,
          -93.66397399399062,
          -92.4277071543563,
          -94.11709752656137,
          -93.94320856987918,
          -93.22116493570957,
          -91.37740356428745,
          -93.62191619470964,
          -93.396937561419,
          -91.2042522240038,
          -94.90803652735784,
          -93.73790513354402,
          -93.1367024810716,
          -95.56802595199109,
          -93.90606127619583,
          -93.11942569698458,
          -91.97054517224329,
          -93.73616203654055,
          -95.45502442848691,
          -90.81674139860061,
          -92.84186658722919,
          -91.2082235771445,
          -94.24247378619793,
          -92.76298199708943,
          -94.10839834153512,
          -91.75516641447443,
          -90.34613073401866,
          -93.97736309389967,
          -92.16956492166345,
          -93.02978152619379,
          -94.22726268975516,
          -93.24358112975104,
          -92.93554957967412,
          -94.16278556858644,
          -93.46642054790034,
          -92.73690550841069,
          -94.36598130600962,
          -92.88036933320637,
          -95.28646939341705,
          -92.24340456430332,
          -94.0925072056444,
          -91.37529433791197,
          -94.28335130515369,
          -92.53452427733494,
          -96.29727977822502,
          -91.04077322143073,
          -92.01183084663543,
          -91.08265180354955,
          -92.70345551290261,
          -94.64984427211913,
          -94.08256603601728,
          -95.5108342610986,
          -94.4641785572457,
          -90.71311864164409,
          -93.31035473816057,
          -93.8653398703513,
          -91.90777168821468,
          -92.52093931950216,
          -94.12637575028981,
          -93.3737806271774,
          -93.5414972340193,
          -89.43077893737751,
          -95.35521880769373,
          -93.59164367310778,
          -96.1807440523864,
          -94.24832326302938,
          -91.66238190785855,
          -90.54356620653947,
          -92.73104677602396,
          -93.70868833416426,
          -92.67856505687925,
          -95.50840535062915,
          -94.2092960607008,
          -91.42286182229088,
          -92.30536419454083,
          -94.10933589233633,
          -92.21145336638797,
          -95.10140861645002,
          -92.6694903750605,
          -93.67150756733994,
          -91.90197224717568,
          -95.26319520697467,
          -89.28462659891267,
          -92.28051274588562,
          -91.69359949479217,
          -93.80029558873441,
          -93.079865508402,
          -90.13541952774784,
          -91.931718174932,
          -91.95428087431343,
          -94.17362696084649,
          -94.52109048753364,
          -96.57466991487455,
          -89.54923515319244,
          -93.74444316003606,
          -90.19953603894739,
          -93.72573639532493,
          -91.12289977995898,
          -92.29248529620428,
          -96.57286408461145,
          -92.08588749136888,
          -90.3440287901733,
          -94.46261573122804,
          -94.45386479918383,
          -96.09335627420982,
          -94.13148421494137
        ]
      ]
    ]
  },
  {
    "vqe2_energy": [
      -164.18114385032086,
      -156.3296452630749,
      -125.02373025904667
    ],
    "vqe2_vector": [
      [
        1,
        1,
        0,
        0,
        1,
        1,
        0,
        0,
        0,
        0,
        0,
        1,
        0,
        0,
        0,
        0
      ],
      [
        0,
        0,
        0,
        0,
        0,
        1,
        0,
        0,
        1,
        0,
        0,
        0,
        1,
        1,
        0,
        0
      ],
      [
        1,
        0,
        0,
        1,
        0,
        1,
        0,
        0,
        0,
        0,
        0,
        0,
        0,
        0,
        0,
        0
      ]
    ],
    "vqe2_min_error": [
      1.5887284223571663,
      6.294968990795202,
      25.059943038343256
    ],
    "vqe2_params": [
      [
        5.0944913440984605,
        6.090804727361027,
        2.76235835278625,
        5.044007641229723,
        4.394045501230036,
        3.5271303932014013,
        2.6410778087493623,
        6.636027820541181,
        2.4644710414490016,
        6.16044957589514,
        4.96735455156006,
        7.442546800449878,
        3.3930957886399047,
        1.3782866584353402,
        0.5889607517125615,
        3.088561110698202,
        3.2080663169535297,
        6.561821240013774,
        6.337643390020902,
        3.16918030029604,
        2.2685069359235612,
        0.815641049417255,
        5.337522514210553,
        1.1667019304130817,
        2.237084001895522,
        0.3307608691095552,
        0.38191930189081824,
        5.777792071569749,
        6.868153153951294,
        3.4872580386478993,
        1.1634256511920573,
        6.637441604623714,
        4.606049509256947,
        6.1675393016040765,
        2.6265609243892136,
        5.286440946306526,
        4.253794817820694,
        2.8295588081161767,
        7.255521072937217,
        6.4971463012942365,
        4.208503003343879,
        -0.3778283857555838,
        3.8443199059937836,
        2.4162163367067886,
        4.368896722641072,
        5.049639813439986,
        4.498274038326396,
        4.857474702985549,
        2.0109953932890154,
        2.4458773141883063,
        3.270940135091936,
        3.5508897223878826,
        5.019126877139489,
        0.7275512321118114,
        4.872177982839427,
        3.502187233743183,
        3.349017203143737,
        0.33519053114339287,
        5.9239549746490345,
        4.794700644348604,
        4.794529593943878,
        2.979270331469108,
        5.731338412399126,
        5.50144347166547
      ],
      [
        7.155956215132105,
        2.7575139270625417,
        4.729785893568842,
        3.58237609462705,
        4.76459684832785,
        0.1929498388054678,
        3.6252818305438,
        3.08245724253043,
        0.3544290296388071,
        6.03600614405279,
        5.056936435477705,
        2.502451806679726,
        6.418153612531116,
        3.705462671705696,
        4.811862015081649,
        2.852369169513302,
        1.6347023897479687,
        0.6590207972302305,
        1.4001982497219125,
        2.0988165732343957,
        5.324122528903202,
        6.0933445091983724,
        3.243736749882207,
        2.4056892101471345,
        3.130474301053095,
        0.29905594718803813,
        1.4831149109906296,
        3.4502068560304995,
        2.665125093467539,
        1.418594634197148,
        4.164444248932394,
        3.4823706807595913,
        1.533714376804432,
        3.4284552977991267,
        4.551094848723365,
        2.7108477974351586,
        2.4705278487078473,
        -0.11828791664538485,
        5.990477851832676,
        3.733759732499249,
        2.377614481277466,
        6.0193114723440235,
        4.366351627199998,
        5.560317316542531,
        3.0517737074231692,
        3.3939223658171556,
        1.5708449451138196,
        0.38430889911973065,
        4.086411933576021,
        1.0381232288583353,
        5.525834739604898,
        3.5238230001677673,
        1.0995219441629418,
        2.0752447075606666,
        4.790604169825437,
        3.3867676619505462,
        6.20194325988148,
        1.2934137157681873,
        1.878531124786367,
        0.6997019490817642,
        2.608814047261711,
        5.373051298693095,
        0.0787335674407504,
        2.4065580798027444,
        3.168403114342694,
        1.964143672015895,
        1.7309249880513873,
        5.202591618125272,
        3.231235543745722,
        6.11017644416724,
        3.1663969340154225,
        2.273482561878101,
        0.879064178712085,
        0.5309850108814773,
        1.1529832072526034,
        3.9225151561829845,
        1.4924142793464996,
        0.6748818600999076,
        1.9973035758203954,
        0.00560170952680938,
        4.823016756648471,
        1.8794424005335513,
        4.054037905368499,
        1.3366233481316119,
        0.2961664019517964,
        1.4960356567898472,
        0.15694711281339002,
        1.1878214277011188,
        5.192381836288262,
        4.878158157610381,
        5.453978481237763,
        0.9685225148464817,
        1.6765293297759785,
        1.046438999411295,
        4.900210599140182,
        0.9047490343760165
      ],
      [
        4.611648249014593,
        3.801122918306061,
        0.06733863964180628,
        6.1502431349336195,
        4.762902507231681,
        2.6075862734795163,
        3.4349726106505964,
        2.901709969986207,
        3.481334934563859,
        5.996792146392687,
        5.556268625361599,
        2.975255978918705,
        5.970601226351346,
        5.284711027436545,
        6.907010953942373,
        4.745257118298383,
        4.441181462977911,
        2.3703036260077166,
        2.1316598916677374,
        2.864899608043573,
        2.7710910938652344,
        3.5161228815865284,
        2.505780948417436,
        2.2084732651423566,
        3.60138380465382,
        3.085548461975562,
        6.863741736176206,
        3.309613481481299,
        1.5007602117606373,
        1.1950677706787207,
        2.0070867951041826,
        3.5855226062674714,
        4.392001113571443,
        4.564075401307014,
        5.205439308609807,
        0.852507387882813,
        4.963444799681945,
        3.83290276657849,
        0.1565675455651765,
        4.486339768365402,
        2.1745293243827875,
        2.799466455335897,
        1.868683881749601,
        2.3593092438341228,
        0.8508920209966295,
        5.744262155482416,
        4.550127255474132,
        1.1674722927972394,
        1.0691311816446984,
        0.761704782977017,
        2.7343883410281897,
        0.7223680143210385,
        3.7800268816371037,
        3.5609302052355294,
        4.955542938633891,
        1.3654159938582335,
        4.235901352819119,
        1.602832375714164,
        6.246915508371884,
        3.9937532878881483,
        5.526463140592523,
        3.0765681513570216,
        0.1623259278012244,
        3.2457755701423974,
        0.4170394211195575,
        0.9358252280927598,
        4.575135600975417,
        4.28689735591262,
        4.51606460760256,
        0.8615836787109106,
        2.8668473204102196,
        4.739681642495228,
        5.125304359701362,
        4.285424168229761,
        4.274934226073653,
        3.450894742537482,
        1.1235080222609106,
        0.9508436634740107,
        4.011699885083774,
        4.351790234712708,
        1.2918084914726424,
        3.666247633455355,
        5.240561202089354,
        2.014942282199816,
        5.908445988230484,
        4.344790146863533,
        5.277065476218525,
        3.305350519471487,
        3.5738046088737754,
        4.046384585641165,
        5.0467888685170434,
        3.8639976423440023,
        2.9298457690614947,
        5.95806203890174,
        2.5342939519091923,
        3.768274268340137,
        1.1236375144608073,
        2.49122473808541,
        6.235703869257653,
        1.8147571835208247,
        5.685135280023366,
        5.881609630025976,
        0.7097206350364802,
        4.134630586878547,
        1.0760281168715327,
        5.5754887381778815,
        2.9686348690545663,
        4.750483363867232,
        0.7956855107907601,
