[
  {
    "vqe2_energy": [
      -230164.87178381474,
      -230885.50395201647,
      -227492.13504687045
    ],
    "vqe2_vector": [
      [
        0,
        0,
        0,
        1,
        0,
        0,
        1,
        0,
        1,
        0,
        0,
        0,
        0,
        0,
        1,
        1
      ],
      [
        0,
        0,
        1,
        0,
        0,
        1,
        1,
        1,
        1,
        0,
        0,
        0,
        0,
        1,
        0,
        1
      ],
      [
        1,
        0,
        1,
        1,
        0,
        0,
        1,
        0,
        0,
        1,
        0,
        0,
        0,
        1,
        0,
        0
      ]
    ],
    "vqe2_min_error": [
      0.610114720283006,
      0.29893105454222857,
      1.7642569471528313
    ],
    "vqe2_params": [
      [
        1.3750406212834243,
        -0.2738054153273052,
        4.252143374641864,
        3.1209598717463076,
        1.235072709545089,
        1.5696898232153567,
        3.6032817359822373,
        4.458625964054264,
        5.9120781626741294,
        4.015297803773592,
        2.0729508065637994,
        -0.15581278672205753,
        6.782430379677083,
        0.7148697058492007,
        2.665288778892877,
        1.05144706470294,
        2.6910083859064358,
        1.5619696466821336,
        6.392045255722423,
        4.055918680714856,
        5.913987396678204,
        5.848488995471107,
        2.6873364552970327,
        1.9355461514337011,
        5.489764998265384,
        3.441324995370107,
        3.651584292767728,
        2.86181276178357,
        2.893264101215325,
        4.277158507700408,
        0.6097554149436829,
        2.9646568986838027,
        4.418144920714639,
        2.9246894189347197,
        4.183471852920081,
        3.293436444505376,
        0.3651290813440806,
        2.4309441272599304,
        3.8295388082878987,
        -0.07601747324452864,
        0.2525217095988124,
        5.174690039137925,
        4.101231670605689,
        0.8573206527836964,
        5.1757681825868005,
        -0.010788365473615582,
        2.9825683019425817,
        3.7614277617792102,
        4.915083080949279,
        3.720508561692965,
        4.79908066723475,
        3.508612187124503,
        2.5675324487448665,
        3.6586439037867535,
        3.3679456522814433,
        5.3074249953743475,
        3.5523035689489384,
        5.976151910528102,
        1.601738165285108,
        1.0566300495990248,
        0.23481911730258823,
        2.987542229900725,
        0.9518271926392945,
        0.8849523456613286
      ],
      [
        0.38246156274501153,
        2.807315805971881,
        5.049114587241239,
        3.2121596126463894,
        1.664709853164278,
        0.3832528250499656,
        0.6291080370530758,
        4.339823084087173,
        0.5095087996079215,
        5.09377245123879,
        5.835256020829528,
        3.9610119893543323,
        4.71703993033954,
        0.5334833856808623,
        5.537783288022035,
        5.301369108220817,
        4.563346538985525,
        1.8223203764129845,
        1.0482459783947147,
        5.051881237216311,
        1.3394650173003402,
        5.735792744810532,
        4.442080188553078,
        2.13401013471698,
        4.776136259892574,
        1.9459810421502945,
        2.6887474188247373,
        0.2667856807474455,
        4.28410686862058,
        4.494801023578134,
        4.347678522641318,
        0.8240244083027766,
        2.1239237238943303,
        0.6546012519430007,
        2.6183145424095025,
        4.9294468421335695,
        1.1230998753526935,
        0.723167877193047,
        2.9439465377477942,
        0.6574483636713736,
        1.4557160752741973,
        5.224700735557378,
        0.7720771968251101,
        4.109224565798635,
        5.124570237999912,
        5.061180630924636,
        2.267791713225663,
        5.566897052926993,
        2.0718073817247773,
        3.102949021561149,
        1.984359734969733,
        0.1895286358799049,
        2.334615223806128,
        5.063066719016966,
        4.348617181234954,
        2.964924335215384,
        3.981315632092518,
        2.002060510669891,
        3.728533423336587,
        0.28382699952484314,
        4.43741388349658,
        2.741807290790529,
        2.1844765200275136,
        0.467105765695096,
        4.754628356264974,
        4.471221430885138,
        1.5171824389015909,
        0.03319017516487616,
        0.11361267849892948,
        6.274927308157072,
        1.218419736746666,
        0.10026277686537548,
        2.2933437854300895,
        3.2667850215427596,
        4.131290476176184,
        1.639159294694128,
        5.039892412802953,
        4.079917540210542,
        5.347515469389006,
        4.55433283568236,
        1.7888859167845756,
        4.4423312501713585,
        5.526553206752034,
        0.3225527815585822,
        2.9106584089640215,
        2.498361816382082,
        0.5958993550755777,
        0.5476193332087231,
        4.074455325227204,
        5.58411087143634,
        2.6452531082481223,
        3.534133987144992,
        4.3599217824354275,
        2.801425616790494,
        4.437838065082711,
        2.127499317364438
      ],
      [
        5.9338225270228975,
        2.9392830968335786,
        5.111096968133099,
        2.4777835430271247,
        3.1284657621327794,
        4.62888124177797,
        4.0026081131808775,
        3.8346754457429313,
        3.123468517264882,
        1.197616530106086,
        0.887575885659124,
        4.505193062395522,
        5.879580883499712,
        6.497472544174958,
        4.67140880286334,
        6.1551773686217865,
        5.9148177942926985,
        3.051398040331261,
        2.256039184095674,
        5.324074028295992,
        4.181331637042158,
        2.9884697918851333,
        4.465709940359656,
        0.12482684254770629,
        2.0553274226027547,
        1.8768787655718748,
        0.6891876087766955,
        3.895698182923998,
        0.08205106646013219,
        3.110635514479764,
        4.780616301121637,
        1.2308920561159093,
        3.9625163154501895,
        6.095036160189292,
        0.6392017904746119,
        5.308188785161788,
        5.565245894745141,
        4.717250766438553,
        0.9501282622216211,
        4.311124583235074,
        2.7355514559529914,
        6.43470084376799,
        6.727830857862485,
        2.7783627776618074,
        4.954383827725579,
        1.702558468350523,
        3.6502707601473703,
        3.0517440584590827,
        4.981447433717267,
        5.648775208013402,
        3.8048794503594614,
        2.973512230577389,
        1.12544443682558,
        0.11754354001699674,
        4.092428860493623,
        3.8475636951095327,
        1.935043555681771,
        5.69907164527795,
        5.914449476308896,
        4.162349232051904,
        1.1823549756025176,
        3.3122975715771448,
        3.1749162229047454,
        2.0311622330859955,
        4.915757019202683,
        1.3912393086617583,
        3.567538473223319,
        3.7558907967044926,
        5.868572926395451,
        4.816364146236403,
        5.274752765876791,
        3.125442841400014,
        0.6723739312527558,
        4.797586588693026,
        2.997131808344599,
        3.5950235549740874,
        4.157026843572109,
        0.734242206831285,
        3.9590337611538478,
        3.6892977059059366,
        5.837627237805737,
        2.8627075139816562,
        1.205102068051798,
        4.650146830200216,
        0.5323136937718469,
        1.2507917585872326,
        1.184921535669691,
        2.4932798099045517,
        3.2107838052189672,
        2.219563695071306,
        1.260180868799562,
        0.5053799020615795,
        5.078352842854963,
        2.8772933582010056,
        1.7671977744866103,
        4.401404771920457,
        5.632358593742218,
        2.0239557478363532,
        2.4141607085763064,
        1.0008866337361395,
        0.6644196146481095,
        3.524854256127337,
        5.582484661265353,
        1.2707224920899747,
        0.5373908476011767,
        4.346899855801809,
        5.844697621009163,
        0.9049882544807608,
        1.0654516127323101,
        2.5015650145306236,
        4.1442824628900725,
        3.3423130706521125,
        4.1547499644918435,
        4.117301416773761,
        0.37925705219216,
        2.0650205125445322,
        2.1605170318954405,
        1.617982195943212,
        5.724067880894951,
        3.7600758801899112,
        0.2850253790012071,
        5.609614830135536,
        5.256896120476831,
        0.07011894536182953,
        2.468385715166653,
        3.6894003544751044,
        4.179945607373299,
        6.035654121232735,
        5.02490343729015,
        6.018698454452416,
        2.646083967087891,
        1.7215830776498404,
        0.49046495191915995,
        2.2884051029934303,
        3.468334350590969,
        1.0304404584324707,
        2.6107068119082566,
        1.554306537514821,
        0.7464221993861311,
        0.2371818213661571,
        4.759494960186855,
        0.1525995844073907,
        2.170113989219304,
        4.803736960153072
      ]
    ],
    "vqe2_time": [
      283.16216230392456,
      305.7834801673889,
      387.16615438461304
    ],
    "solution_vector": [
      0,
      0,
      0,
      0,
      0,
      0,
      1,
      0,
      0,
      0,
      0,
      0,
      0,
      0,
      1,
      0
    ],
    "solution_min_energy": -231577.76179744286,
    "solution_time": 0.024315595626831055,
    "matrix_size": 16,
    "qubo_matrix": [
      [
        -3604.2164687768563,
        28.267968146878836,
        56.53593629375767,
        113.07187258751534,
        226.1437451750307,
        452.2874903500614,
        904.5749807001228,
        14.133984073439418,
        14.133984069563581,
        28.267968139127163,
        56.535936278254326,
        113.07187255650865,
        226.1437451130173,
        452.2874902260346,
        904.5749804520692,
        14.133984069563581
      ],
      [
        28.267968146878836,
        -7180.164969406834,
        113.07187258751534,
        226.1437451750307,
        452.2874903500614,
        904.5749807001228,
        1809.1499614002455,
        28.267968146878836,
        28.267968139127163,
        56.535936278254326,
        113.07187255650865,
        226.1437451130173,
        452.2874902260346,
        904.5749804520692,
        1809.1499609041384,
        28.267968139127163
      ],
      [
        56.53593629375767,
        113.07187258751534,
        -14247.258066226153,
        452.2874903500614,
        904.5749807001228,
        1809.1499614002455,
        3618.299922800491,
        56.53593629375767,
        56.535936278254326,
        113.07187255650865,
        226.1437451130173,
        452.2874902260346,
        904.5749804520692,
        1809.1499609041384,
        3618.299921808277,
        56.535936278254326
      ],
      [
        113.07187258751534,
        226.1437451750307,
        452.2874903500614,
        -28042.228642102244,
        1809.1499614002455,
        3618.299922800491,
        7236.599845600982,
        113.07187258751534,
        113.07187255650865,
        226.1437451130173,
        452.2874902260346,
        904.5749804520692,
        1809.1499609041384,
        3618.299921808277,
        7236.599843616554,
        113.07187255650865
      ],
      [
        226.1437451750307,
        452.2874903500614,
        904.5749807001228,
        1809.1499614002455,
        -54275.30732280424,
        7236.599845600982,
        14473.199691201964,
        226.1437451750307,
        226.1437451130173,
        452.2874902260346,
        904.5749804520692,
        1809.1499609041384,
        3618.299921808277,
        7236.599843616554,
        14473.199687233107,
        226.1437451130173
      ],
      [
        452.2874903500614,
        904.5749807001228,
        1809.1499614002455,
        3618.299922800491,
        7236.599845600982,
        -101314.0148000075,
        28946.399382403928,
        452.2874903500614,
        452.2874902260346,
        904.5749804520692,
        1809.1499609041384,
        3618.299921808277,
        7236.599843616554,
        14473.199687233107,
        28946.399374466215,
        452.2874902260346
      ],
      [
        904.5749807001228,
        1809.1499614002455,
        3618.299922800491,
        7236.599845600982,
        14473.199691201964,
        28946.399382403928,
        -173681.6302176111,
        904.5749807001228,
        904.5749804520692,
        1809.1499609041384,
        3618.299921808277,
        7236.599843616554,
        14473.199687233107,
        28946.399374466215,
        57892.79874893243,
        904.5749804520692
      ],
      [
        14.133984073439418,
        28.267968146878836,
        56.53593629375767,
        113.07187258751534,
        226.1437451750307,
        452.2874903500614,
        904.5749807001228,
        -3604.2164687768563,
        14.133984069563581,
        28.267968139127163,
        56.535936278254326,
        113.07187255650865,
        226.1437451130173,
        452.2874902260346,
        904.5749804520692,
        14.133984069563581
      ],
      [
        14.133984069563581,
        28.267968139127163,
        56.535936278254326,
        113.07187255650865,
        226.1437451130173,
        452.2874902260346,
        904.5749804520692,
        14.133984069563581,
        -3604.2180140598916,
        28.267968165742268,
        56.535936331484535,
        113.07187266296907,
        226.14374532593814,
        452.2874906518763,
        904.5749813037526,
        14.133984082871134
      ],
      [
        28.267968139127163,
        56.535936278254326,
        113.07187255650865,
        226.1437451130173,
        452.2874902260346,
        904.5749804520692,
        1809.1499609041384,
        28.267968139127163,
        28.267968165742268,
        -7180.1680599540405,
        113.07187266296907,
        226.14374532593814,
        452.2874906518763,
        904.5749813037526,
        1809.1499626075051,
        28.267968165742268
      ],
      [
        56.535936278254326,
        113.07187255650865,
        226.1437451130173,
        452.2874902260346,
        904.5749804520692,
        1809.1499609041384,
        3618.299921808277,
        56.535936278254326,
        56.535936331484535,
        113.07187266296907,
        -14247.264247245112,
        452.2874906518763,
        904.5749813037526,
        1809.1499626075051,
        3618.2999252150103,
        56.535936331484535
      ],
      [
        113.07187255650865,
        226.1437451130173,
        452.2874902260346,
        904.5749804520692,
        1809.1499609041384,
        3618.299921808277,
        7236.599843616554,
        113.07187255650865,
        113.07187266296907,
        226.14374532593814,
        452.2874906518763,
        -28042.24100383835,
        1809.1499626075051,
        3618.2999252150103,
        7236.5998504300205,
        113.07187266296907
      ],
      [
        226.1437451130173,
        452.2874902260346,
        904.5749804520692,
        1809.1499609041384,
        3618.299921808277,
        7236.599843616554,
        14473.199687233107,
        226.1437451130173,
        226.14374532593814,
        452.2874906518763,
        904.5749813037526,
        1809.1499626075051,
        -54275.33204506919,
        7236.5998504300205,
        14473.199700860041,
        226.14374532593814
      ],
      [
        452.2874902260346,
        904.5749804520692,
        1809.1499609041384,
        3618.299921808277,
        7236.599843616554,
        14473.199687233107,
        28946.399374466215,
        452.2874902260346,
        452.2874906518763,
        904.5749813037526,
        1809.1499626075051,
        3618.2999252150103,
        7236.5998504300205,
        -101314.06423970836,
        28946.399401720082,
        452.2874906518763
      ],
      [
        904.5749804520692,
        1809.1499609041384,
        3618.299921808277,
        7236.599843616554,
        14473.199687233107,
        28946.399374466215,
        57892.79874893243,
        904.5749804520692,
        904.5749813037526,
        1809.1499626075051,
        3618.2999252150103,
        7236.5998504300205,
        14473.199700860041,
        28946.399401720082,
        -173681.72907769663,
        904.5749813037526
      ],
      [
        14.133984069563581,
        28.267968139127163,
        56.535936278254326,
        113.07187255650865,
        226.1437451130173,
        452.2874902260346,
        904.5749804520692,
        14.133984069563581,
        14.133984082871134,
        28.267968165742268,
        56.535936331484535,
        113.07187266296907,
        226.14374532593814,
        452.2874906518763,
        904.5749813037526,
        -3604.2180140598916
      ]
    ],
    "ansatze": [
      "twolocal",
      "alternating_ry_rz",
      "random_circuit"
    ],
    "histories_energy": [
      [
        [
          -194319.98467329997,
          -197406.4091246181,
          -195241.1158649396,
          -198173.0504786391,
          -188044.85069933755,
          -196915.77634462054,
          -198779.42081594755,
          -198016.95029646292,
          -199639.678007224,
          -198583.71418945558,
          -197923.2807704419,
          -193505.08500583578,
          -186616.5130146971,
          -199724.30333043562,
          -196600.72904156605,
          -197553.93545582105,
          -198119.996043688,
          -198826.71822498587,
          -197277.60450972134,
          -199398.65552466214,
          -198788.5479105418,
          -197577.8631857151,
          -200915.71592733506,
          -198713.38705294998,
          -198913.4489142127,
          -200324.1900968965,
          -198620.48189774164,
          -193118.10956486958,
          -198667.4061024707,
          -197741.7328579271,
          -198204.5378208654,
          -199141.00190982412,
          -199621.00204243197,
          -201001.54274459122,
          -197980.92542913675,
          -192180.17493813692,
          -195894.35613392276,
          -196767.19097390576,
          -198937.17839334672,
          -201184.92086657463,
          -198416.42450421848,
          -198500.0337620591,
          -189675.58115381922,
          -190131.68141089907,
          -195616.17069924463,
          -200575.11442438498,
          -196820.12892334463,
          -199110.91857795796,
          -198957.67635667007,
          -199288.1454011762,
          -201658.11347450223,
          -199292.7042276457,
          -198870.70482465505,
          -197739.9568856965,
          -199932.84160683845,
          -199864.37772744818,
          -199760.12132573483,
          -197730.83289212515,
          -200319.75928441779,
          -199114.22438212016,
          -199097.63884566567,
          -200286.8595512205,
          -199640.291570845,
          -200741.44500242392,
          -199577.7273063087,
          -208683.7683019862,
          -205797.8171638143,
          -208726.5957082972,
          -207179.70844116426,
          -210451.09557847114,
          -207362.35926326682,
          -209786.5959358796,
          -208488.94927901987,
          -207551.54886965716,
          -210193.3499352493,
          -205699.7162646421,
          -210697.73411342906,
          -208141.2803641784,
          -210339.994818831,
          -210976.00598680103,
          -212162.3937741097,
          -211388.33730871114,
          -212214.34258230077,
          -212354.7135496301,
          -211236.43269874167,
          -209470.4944687264,
          -209571.89807345302,
          -210894.81447226793,
          -210678.22338264188,
          -209722.14765882108,
          -208561.7725045421,
          -210733.0581328482,
          -211812.34392591545,
          -211056.18523419037,
          -210113.0810482975,
          -210314.2873596769,
          -211948.9074167807,
          -211552.45400882387,
          -209216.45294864778,
          -210132.8244043689,
          -210492.83541811423,
          -211137.85279904163,
          -215137.25924591735,
          -215018.49362122052,
          -220476.74302958697,
          -218954.69864113792,
          -219613.22559905794,
          -219496.8363055539,
          -219896.57008649438,
          -219972.28047521182,
          -220597.46375961878,
          -219724.6897769664,
          -220033.859115686,
          -219500.75798747723,
          -221098.38105544716,
          -220576.78809379472,
          -219726.28513575712,
          -220140.34012856704,
          -219619.16328835013,
          -220045.42365369215,
          -219294.66133110347,
          -220103.2513210503,
          -219451.70570352185,
          -219371.9015568237,
          -219918.44839829672,
          -219745.36949429565,
          -219914.38092066825,
          -218737.16490325163,
          -219969.52675963507,
          -220439.7494215221,
          -219186.9420204131,
          -215881.8777367066,
          -219047.05918945634,
          -218556.1126168046,
          -220519.2825151335,
          -216869.8342494161,
          -218255.55254206405,
          -213336.09408537357,
          -220400.9540984217,
          -219669.91282337342,
          -219056.40650409771,
          -215143.8629589775,
          -218765.37762944656,
          -220275.7951946367,
          -219983.6462441062,
          -216611.49899361053,
          -220544.5905936284,
          -218806.56079633173,
          -219719.6094757422,
          -221168.1223637305,
          -221072.6728090778,
          -221212.63281276438,
          -221511.13614056425,
          -221082.973283278,
          -222186.80793569918,
          -222034.86673767935,
          -221793.89941236822,
          -218634.00754810832,
          -221979.79372825465,
          -222521.67383457586
        ]
      ],
      [
        [
          -204927.35821698504,
          -203798.47221182787,
          -193841.6823651049,
          -200129.63052078985,
          -203011.9854563436,
          -206250.69552806552,
          -204373.21368645263,
          -202821.7594721958,
          -202555.23923661423,
          -202323.53123918435,
          -193843.1772834044,
          -200643.7138181541,
          -205182.6321181217,
          -202989.30894170035,
          -205365.41459174914,
          -201896.7828836761,
          -202679.5481133313,
          -204694.18309914385,
          -200311.3741038817,
          -194321.68010290133,
          -204768.31317127257,
          -204294.47609181807,
          -204151.0912575204,
          -204798.2631848925,
          -204003.04387778236,
          -202457.48477777766,
          -211895.21747926224,
          -207914.43891672368,
          -206621.81243199084,
          -209214.41231726386,
          -209582.24301073508,
          -208308.68402318482,
          -209705.64271678982,
          -208478.49650781282,
          -179033.71280350047,
          -210147.62449636133,
          -210508.8003929676,
          -210058.08569631402,
          -208657.94190385955,
          -210186.5036528446,
          -209478.6978200897,
          -208195.99199608518,
          -206589.24487670875,
          -206538.9251634454,
          -208088.62822408788,
          -207856.4921223432,
          -210267.91189079435,
          -209639.20542751157,
          -213713.6209117351,
          -209931.67988518666,
          -211851.3263614235,
          -210544.1961885733,
          -208870.71430753893,
          -211002.92827086864,
          -211192.7423018177,
          -210505.1212753062,
          -210491.21389121877,
          -208220.5244834953,
          -208433.59530181778,
          -208919.68048294142,
          -208496.43115208214,
          -210287.6286114195,
          -210797.14901748928,
          -212775.14212036054,
          -209016.94370192947,
          -211086.95007010153,
          -211239.38836079038,
          -209254.32852788403,
          -210368.01810452034,
          -211207.7818618531,
          -211307.82467359392,
          -209918.81296275108,
          -208579.89939981166,
          -209873.90180124328,
          -210502.10614274014,
          -208498.1023868546,
          -211249.09304932857,
          -210943.24502336566,
          -211389.79354641394,
          -209848.0143650161,
          -207515.31591325632,
          -208796.93456357822,
          -208631.61887826858,
          -209962.5024093063,
          -208523.47435218026,
          -209614.88676113292,
          -210899.1781544549,
          -210433.38072622335,
          -210606.13942018274,
          -209279.4198112718,
          -210982.27772325694,
          -210464.34467754344,
          -211867.37130073027,
          -208497.69378325672,
          -209207.3952837461,
          -210732.48106227827,
          -211304.38413243525,
          -210066.20159666662,
          -213606.22987903075,
          -210235.91225373108,
          -199786.0315293531,
          -210924.57424359035,
          -210645.7344535315,
          -211132.8078313975,
          -211912.43472377385,
          -209087.28077550232,
          -210625.40284037558,
          -209843.1061267779,
          -206127.9983679945,
          -211043.8097729433,
          -210001.6489173851,
          -211165.94704996172,
          -211816.93253360674,
          -209924.5663936981,
          -210899.76075888096,
          -211094.28388846174,
          -211805.93053757373,
          -210906.1285709167,
          -212414.9850089651,
          -210084.81547254158,
          -207710.9992084791,
          -210099.59657381868,
          -215149.97187720772,
          -214981.66680570145,
          -212742.79374930824,
          -212199.89595353138,
          -213436.74335677776,
          -215238.3083544142,
          -210976.18009112548,
          -214398.06737141227,
          -211943.31410816446,
          -215016.9330858389,
          -210816.33875682185,
          -215338.2470188727,
          -210242.65712210588,
          -213856.1607884654,
          -214016.07312656628,
          -211802.72059994232,
          -215178.23723254728,
          -213502.1512532733,
          -213551.4201707283,
          -213822.658131756,
          -213609.9517764265,
          -212445.62627580945,
          -212600.7018858588,
          -213178.63917285006,
          -213571.09656826535,
          -213024.03136786455,
          -213815.38483469994,
          -213677.88764007526,
          -213805.21362958185,
          -214444.42018678662,
          -214276.81728181418,
          -215061.99383248744,
          -212917.0746077574,
          -213444.02991366517,
          -214320.28997888192,
          -213677.9241228398,
          -212635.84831914835,
          -213273.50090645475
        ]
      ],
      [
        [
          -200270.0351163551,
          -204918.48879312657,
          -206280.09188995208,
          -198822.3971921164,
          -195895.59571025975,
          -197922.48737976508,
          -204752.12032699253,
          -206892.25429021908,
          -203633.05170439047,
          -202176.88521572758,
          -206050.59129463116,
          -204895.0484470824,
          -204376.13571986344,
          -204785.2318438123,
          -204736.5264008052,
          -205425.6995765722,
          -203382.31407597876,
          -203195.39475924126,
          -208038.5598622358,
          -199371.3126484692,
          -203057.896439424,
          -207804.3585882003,
          -207798.12186000223,
          -206825.25007434006,
          -207573.0364183737,
          -205299.80067224617,
          -208296.24299308925,
          -205423.73948347638,
          -205941.25116879438,
          -207491.62931661954,
          -207936.04872538234,
          -207549.35376811188,
          -207300.06236141757,
          -206979.45619206934,
          -201997.35754646026,
          -205628.60536922162,
          -207097.95890958665,
          -207438.30517354957,
          -207965.98579134568,
          -207654.3614417437,
          -206875.88114897686,
          -204644.42962981964,
          -213442.63372503503,
          -213816.93771023056,
          -211472.3222944256,
          -212375.02591365506,
          -214804.07618827975,
          -214213.0329329868,
          -212935.4870063584,
          -213764.4902859927,
          -213558.58025417267,
          -213032.13017292556,
          -212455.29913509838,
          -213323.78647895018,
          -213949.73270011428,
          -214275.2376258804,
          -214094.78496075072,
          -215142.39164773322,
          -213250.1534232386,
          -213901.17497308482,
          -212748.12040601598,
          -214009.8845117499,
          -214374.5636879335,
          -215512.748230359,
          -213625.68590930977,
          -214252.22025366712,
          -214821.22709206195,
          -213838.23580110495,
          -212279.18567449407,
          -213973.0894082146,
          -213306.1533576351,
          -212094.9074965402,
          -214042.33645069675,
          -213280.83993238237,
          -212105.32404787754,
          -214576.195615333,
          -213389.1651873829,
          -214471.76439750366,
          -213908.0724035297,
          -214629.63725146704,
          -214518.57936610258,
          -214330.78769759374,
          -215069.04324180834,
          -212591.2912711072,
          -213428.27668445033,
          -212029.0414024806,
          -215138.7238146434,
          -213091.73308887467,
          -213738.66554865774,
          -212269.5688292201,
          -211471.38984035532,
          -212802.4162300693,
          -214504.1899636981,
          -215314.9681460517,
          -211454.95450093225,
          -213353.15662474322,
          -213261.63535005387,
          -212848.83516959683,
          -215015.9704900694,
          -213873.106208245,
          -214243.58236850498,
          -215192.1001226102,
          -213633.79682881027,
          -214502.84720732312,
          -213651.6250565088,
          -214245.2735280975,
          -214073.83401829196,
          -213496.2507392435,
          -213776.25616958702,
          -213866.30904360596,
          -212356.80719498007,
          -213954.89642247107,
          -213281.45526566546,
          -214603.12966691895,
          -212028.95581001372,
          -214168.2098799704,
          -214590.0154331749,
          -212673.0426787698,
          -213338.54527469032,
          -213408.0297969842,
          -213387.0028530324,
          -212413.4120840064,
          -214477.70709652858,
          -213394.42912676395,
          -212816.57636781756,
          -213001.72154869436,
          -213335.58175255588,
          -215270.95687885696,
          -213864.51617885585,
          -213997.54281693476,
          -211854.33484404557,
          -213970.70577493054,
          -214735.61613328668,
          -212690.37390960637,
          -213978.43966252013,
          -214097.97635471885,
          -214029.72295956255,
          -214198.67886389155,
          -212001.98083406108,
          -213188.96380504806,
          -213628.76636085875,
          -214251.1426329236,
          -214408.02149343584,
          -213149.90105923798,
          -212746.74284814356,
          -210922.76256978977,
          -213734.6017294569,
          -210771.28827280938,
          -213130.010441825,
          -205468.60741272577,
          -213022.1547773337,
          -209622.87820242453,
          -213584.98730805566,
          -215207.11573564785,
          -210847.41810375082,
          -209885.1063305258,
          -209344.16573434434,
          -210244.49372733393,
          -215321.3629845705,
          -215685.70670408985
        ]
      ]
    ]
  },
  {
    "vqe2_energy": [
      -300044.54462347156,
      -310053.52796184213,
      -227617.6249126728
    ],
    "vqe2_vector": [
      [
        1,
        0,
        1,
        0,
        0,
        1,
        0,
        1,
        0,
        0,
        0,
        0,
        1,
        1,
        1,
        1
      ],
      [
        0,
        1,
        1,
        0,
        0,
        0,
        1,
        1,
        1,
        0,
        0,
        1,
        1,
        1,
        0,
        0
      ],
      [
        0,
        0,
        0,
        1,
        1,
        0,
        0,
        0,
        1,
        0,
        1,
        0,
        0,
        1,
        0,
        1
      ]
    ],
    "vqe2_min_error": [
      3.2281469272356533,
      3.243364465888021e-08,
      26.587635904320138
    ],
    "vqe2_params": [
      [
        1.3254200477485674,
        0.027918849428831466,
        2.9462910649568377,
        0.6026436849044002,
        1.9722004331534353,
        4.513064751610934,
        4.977104232177432,
        5.813319483862218,
        4.962779461182345,
        -0.16008708316345166,
        4.530459814025704,
        1.3618728568383696,
        6.356840057451923,
        6.098777333570172,
        0.22332113275180832,
        3.569784085071423,
        2.7403522217034584,
        1.8842195351744948,
        5.275369030189288,
        4.403477084973237,
        6.130178011286571,
        5.668200853042884,
        4.565808671985517,
        1.6870100559295398,
        3.2207533202686074,
        4.428109372845289,
        1.7558676050583417,
        1.197364419797754,
        1.121100186941267,
        1.789560031899036,
        0.39487515516155386,
        1.9170928929683115,
        4.854047481145858,
        4.096073819748517,
        0.1878837838667133,
        4.735396758768823,
        1.708758019052004,
        3.158346295588047,
        1.2425309266439746,
        5.241930742040459,
        1.093703834663362,
        6.115324759050206,
        7.1065266575642045,
        0.9601093460992232,
        6.249759596111574,
        3.2855268880779596,
        1.2971973290075425,
        6.6130530511735675,
        1.2574950975015529,
        4.223204421500334,
        1.558357550137712,
        0.1287783680026867,
        3.2003893302800464,
        4.128790841339317,
        3.134238559173622,
        1.7515009908937353,
        3.1812736486027435,
        0.4029463916068805,
        0.025271116433970342,
        4.017437829404217,
        5.349131887798342,
        2.7758283559802517,
        5.608483076652556,
        4.99030294475464
      ],
      [
        1.4608355272479263,
        6.4968217692003,
        1.1824604462456583,
        4.029841145727184,
        2.5067625728236953,
        3.3899418518972033,
        2.264031883902586,
        5.337072122293611,
        6.08476723914676,
        2.8165899486542734,
        4.434605584439664,
        5.70478817907779,
        2.287479477812609,
        2.2209280399920077,
        5.39508072229866,
        3.290707532656561,
        0.3555373255920339,
        3.6298765942245854,
        3.919661089785651,
        2.9585953549942734,
        4.881214562998944,
        3.9377683304847624,
        3.0468286557568276,
        2.73304500310516,
        2.2400389583246745,
        3.182390472969756,
        2.8774664965564964,
        0.30810561377388235,
        3.3861012262382197,
        4.632184584838614,
        3.6101256506172024,
        4.51515601431191,
        4.338237542284596,
        3.592593757622803,
        4.820116036060925,
        2.555029492990865,
        1.7968263923601844,
        5.326569392070224,
        0.1646363532768844,
        1.3692196487795572,
        1.5943617463807056,
        3.6117854413642254,
        6.570207507169261,
        0.4449939284279117,
        5.4272373278996255,
        6.136110845448875,
        2.5617539054513316,
        2.2206856883490675,
        4.926724712620813,
        6.594301101060608,
        0.2811572046468725,
        1.89081394423924,
        3.3844047589407698,
        0.664212480776046,
        0.6730684096516907,
        2.522294054469776,
        0.5761606630387361,
        6.023152173574825,
        5.780228978436316,
        4.073448619148472,
        3.1996125367062422,
        4.444702187198293,
        4.438642864413571,
        4.978670828090733,
        0.5266776165098704,
        5.081372905846927,
        4.080932090551513,
        3.141501572886549,
        3.1010941061323667,
        5.117847036152945,
        3.4891952451835184,
        5.806639622463836,
        0.034488781282867705,
        5.490022595357436,
        1.0771142416433115,
        3.0785690878694436,
        3.267394484382067,
        0.41284154653311256,
        0.47179512311443783,
        2.7676800107546726,
        5.943468407308563,
        2.805305594042021,
        6.24288206587337,
        7.097111834544626,
        3.00001573039502,
        5.169761694092427,
        0.7616540299082474,
        1.8776324216415448,
        0.6964393704246526,
        3.2966125832487747,
        4.639494747705008,
        1.1169455687912149,
        4.130508315042504,
        3.2648863874044705,
        3.4439839995353236,
        4.547043489077169
      ],
      [
        5.259711176808391,
        0.9625996556465584,
        4.146375358984258,
        4.242368136691781,
        0.6166535099922152,
        1.743850747693669,
        2.4445176012877776,
        0.7062237856016103,
        3.0164948319390628,
        2.9414559911625573,
        0.5520297668537051,
        2.218435126309995,
        3.7635240473837053,
        0.7746435422970569,
        5.092706574698804,
        1.4119034385406013,
        5.165738843672645,
        1.7497459048397077,
        1.1640110053223105,
        5.41940238548762,
        5.375353563752395,
        4.379980342802073,
        5.974196887068785,
        2.028404043150182,
        5.913590915785085,
        4.172412175870217,
        5.907275968781427,
        3.8436808422184114,
        1.9247924237422362,
        6.06770684627594,
        5.420326529917499,
        0.3728801174002695,
        5.36643823120963,
        4.7769983374538,
        5.43052708419443,
        6.2188058166530515,
        4.244251307345758,
        2.051943964038207,
        2.8224635738376938,
        3.4046788340499803,
        5.692587677362261,
        4.797636048588384,
        5.275785728857127,
        0.9542354275074444,
        1.8247195892611574,
        0.2175136959591635,
        6.232939449246969,
        4.132660146157752,
        1.528180198798546,
        1.9017382944084817,
        1.873724712535786,
        6.016421381138442,
        2.106259177897446,
        0.4003083355149709,
        0.5722261298064761,
        3.0166862635671237,
        5.238365165434186,
        2.614051275905373,
        1.1887503078520587,
        4.939503295916815,
        0.5441485812459733,
        3.01218061234146,
        3.7387741764513738,
        2.803331610857468,
        3.009075113870856,
        1.6865770362444041,
        0.8127624281747062,
        0.646473779864189,
        5.626743146713919,
        5.813933355683485,
        5.787653622734891,
        6.270462672226259,
        3.55926611688561,
        0.9216508351012753,
        3.3406883648378063,
        3.609235021689669,
        1.9719056759817362,
        5.333853600077402,
        3.2145730378133455,
        1.343108908978335,
        3.2342561400119916,
        4.109870199836204,
        0.8963789097992402,
        3.30657565821042,
        3.1145451993934348,
        3.020734692087464,
        4.740170616352866,
        3.713066623960034,
        1.0620120973001672,
        2.3682701431863538,
        2.864153844794447,
        1.7074561367537509,
        1.3571916787906746,
        0.9948352152058068,
        1.1555668454068253,
        2.3145474971085234,
        5.448763298464584,
        5.012571965724163,
        0.22336655280445503,
        5.345052157253737,
        1.2745095384003682,
