[
  {
    "vqe2_energy": [
      -96.30750324503047,
      -96.30441548499522,
      -96.30595962459613
    ],
    "vqe2_vector": [
      [
        1,
        1,
        0,
        1,
        1,
        1,
        0,
        1
      ],
      [
        0,
        1,
        1,
        0,
        0,
        1,
        0,
        0
      ],
      [
        1,
        0,
        1,
        0,
        0,
        1,
        0,
        1
      ]
    ],
    "vqe2_min_error": [
      0.006405414630517026,
      0.009611356169225704,
      0.00800811588125283
    ],
    "vqe2_params": [
      [
        2.9606409027620115,
        6.6030601790752055,
        3.761953778801598,
        2.817473231145454,
        4.437587660912726,
        1.8809188618967505,
        2.0680808310503473,
        3.1191997224693657,
        2.4166791481348873,
        1.662707077982145,
        0.18163226911317357,
        1.6369823158364516,
        6.218689696219992,
        6.847761443575255,
        6.75550845792292,
        5.304516127204287,
        -0.5445847131196778,
        6.364522404633241,
        0.24439787510231942,
        0.19241884734988002,
        5.524958763043315,
        2.914792245350716,
        2.083424510312314,
        5.81550927218122,
        5.308415511173111,
        3.240470188827007,
        5.3724145665970084,
        4.138336713886185,
        4.213798270879804,
        1.2249674494407383,
        3.3901673954979152,
        2.836814431871725
      ],
      [
        0.25172469489203403,
        1.407874862859738,
        1.7632474031032888,
        2.3978941325186334,
        5.997942168399531,
        6.101147756498587,
        1.4744176167169827,
        0.7374108271787501,
        3.0516334170690795,
        0.09142706950454436,
        3.813412203298389,
        1.2091953184696196,
        3.802074875023011,
        1.2677172289234064,
        3.809517456947825,
        6.205696390589121,
        3.243011385758078,
        5.5353381423442904,
        5.1051169457547365,
        1.3689785359700843,
        3.056891534909163,
        4.286116302389241,
        0.6331190775461799,
        0.7196689225762332,
        1.8041353220336092,
        3.4579673904493484,
        4.641313699954172,
        4.4198770472962225,
        2.9926169263791524,
        3.5068523396506492,
        5.20408383389201,
        1.407218340169273,
        3.1514387773224835,
        5.047487174455635,
        4.959430529855015,
        5.495623160609342,
        0.9364631914158642,
        2.0838453065388065,
        3.492135045154195,
        5.476834759513626,
        1.3416398915136412,
        6.018821637104029,
        0.8781553245650496,
        1.1609143222417069,
        1.9351856600592612,
        4.775628274653929,
        0.07660202237007822,
        4.417396495852706
      ],
      [
        4.4446230336719985,
        2.450788755582778,
        2.441265694763936,
        5.881656884727017,
        2.7483383476012238,
        1.4643331525213354,
        5.333021455110384,
        5.105987115935201,
        1.454013983804041,
        7.046465742957037,
        2.7176016014821625,
        6.216887391387236,
        2.8699655913620923,
        4.743882295777617,
        3.247664766760937,
        5.600165637743878,
        4.931243820702126,
        2.6498745837052073,
        1.848954773536635,
        5.970950316266327,
        4.160885181972816,
        4.834092007292638,
        4.289179847576134,
        2.0217797284175614,
        1.768384700835261,
        2.5434941137204,
        5.001044067906842,
        2.6275439913448406,
        0.6861690715848853,
        4.0696411248236535,
        1.4320222257156054,
        4.797690125267543,
        5.599964796928534,
        0.22535193534496997,
        0.904164581378123,
        3.169076334127892,
        2.367930027418365,
        4.93330778159172,
        5.05834134390039,
        2.7955280432880194,
        5.397438614209203,
        3.152956207489577,
        0.046469542786069434,
        3.4496817527026065,
        3.325594833857498,
        2.525114050007806,
        6.608559576248966,
        6.196334355812575,
        1.1493319075131048,
        2.6096812067204023,
        3.261417115668656,
        1.7239184994170256,
        1.7776359374237265,
        1.6274976715807588,
        5.193181152627802,
        4.891843851820616,
        5.051065138413916,
        5.760564653717487,
        1.4322552391627157,
        2.0479583995763946,
        2.476231294119126,
        2.794620429535267,
        4.476558628537319,
        3.054811982461616,
        5.117546548059542,
        3.693800374805637,
        1.9621688808551423,
        5.4512805107126985,
        0.433028548541485,
        1.9628723221003372,
        6.057129214051062,
        5.219538888543259
      ]
    ],
    "vqe2_time": [
      4.148931980133057,
      5.119551420211792,
      6.3497045040130615
    ],
    "solution_vector": [
      0,
      0,
      0,
      0,
      1,
      1,
      1,
      1
    ],
    "solution_min_energy": -96.31367253510223,
    "solution_time": 0.02383255958557129,
    "matrix_size": 8,
    "qubo_matrix": [
      [
        -22.543909840726165,
        3.0017840384826995,
        6.003568076965399,
        1.5008920192413497,
        1.5008920101756829,
        3.0017840203513657,
        6.003568040702731,
        1.5008920101756829
      ],
      [
        3.0017840384826995,
        -42.08603564296963,
        12.007136153930798,
        3.0017840384826995,
        3.0017840203513657,
        6.003568040702731,
        12.007136081405463,
        3.0017840203513657
      ],
      [
        6.003568076965399,
        12.007136153930798,
        -72.16493513200845,
        6.003568076965399,
        6.003568040702731,
        12.007136081405463,
        24.014272162810926,
        6.003568040702731
      ],
      [
        1.5008920192413497,
        3.0017840384826995,
        6.003568076965399,
        -22.543909840726165,
        1.5008920101756829,
        3.0017840203513657,
        6.003568040702731,
        1.5008920101756829
      ],
      [
        1.5008920101756829,
        3.0017840203513657,
        6.003568040702731,
        1.5008920101756829,
        -22.545454891740864,
        3.0017845213865955,
        6.003569042773191,
        1.5008922606932977
      ],
      [
        3.0017840203513657,
        6.003568040702731,
        12.007136081405463,
        3.0017840203513657,
        3.0017845213865955,
        -42.08912526209513,
        12.007138085546382,
        3.0017845213865955
      ],
      [
        6.003568040702731,
        12.007136081405463,
        24.014272162810926,
        6.003568040702731,
        6.003569042773191,
        12.007138085546382,
        -72.17111243864389,
        6.003569042773191
      ],
      [
        1.5008920101756829,
        3.0017840203513657,
        6.003568040702731,
        1.5008920101756829,
        1.5008922606932977,
        3.0017845213865955,
        6.003569042773191,
        -22.545454891740864
      ]
    ],
    "ansatze": [
      "twolocal",
      "alternating_ry_rz",
      "random_circuit"
    ],
    "histories_energy": [
      [
        [
          -73.52160335908397,
          -77.58563284243095,
          -73.12700519269359,
          -79.9628673669636,
          -80.3591726014876,
          -79.07816130650265,
          -76.8697581997742,
          -79.74715863299718,
          -78.39710065329552,
          -79.28119742675776,
          -79.6917043842971,
          -80.1498357108561,
          -79.97027044668283,
          -82.10101316938241,
          -82.18421575254166,
          -82.88834126158014,
          -82.38215005635328,
          -79.74687540965532,
          -83.63855703647732,
          -80.05894159342083,
          -81.78431167896619,
          -85.02474731772207,
          -84.71008778511839,
          -83.4908355588357,
          -85.65359792143329,
          -85.41057314528078,
          -85.6782368330401,
          -84.7968837517138,
          -85.7389888738395,
          -84.82332423509715,
          -85.4486293584205,
          -85.69605139004152,
          -85.32089307492312,
          -80.67609766366138,
          -84.4255151118415,
          -86.91239346334747,
          -86.48552614043119,
          -86.22326907558252,
          -86.09098070327687,
          -84.62394983071242,
          -87.40745373829785,
          -86.99348677204178,
          -86.23908388575892,
          -85.3246535108791,
          -87.17008955317019,
          -87.3252124978691,
          -86.74519729000858,
          -86.7589933097299,
          -86.95840279147106,
          -86.25708828409842,
          -87.45084978239329,
          -84.85071894108356,
          -86.28598349376675,
          -86.47209501926503,
          -86.59905600274769,
          -86.85217244926784,
          -86.92453940441942,
          -87.09344748073777,
          -86.79046115263411,
          -85.958313319087,
          -88.27652564637125,
          -89.81087530239958,
          -87.66528919680678,
          -89.65193861716324,
          -90.39573751584282,
          -90.56788524099031,
          -90.32861384402293,
          -89.63321914500018,
          -90.85548649961662,
          -90.50323475707738,
          -88.60938206688505,
          -88.42670721919947,
          -92.38334416051613,
          -92.05789488845977,
          -92.2689659825373,
          -91.91004982982871,
          -92.81554684575747,
          -91.59794527904782,
          -92.62588988338204,
          -92.01737937499308
        ]
      ],
      [
        [
          -84.58700222901219,
          -83.72855965119199,
          -75.59356966988328,
          -84.83228213270118,
          -84.23541492444636,
          -85.82628087298271,
          -81.08018376685258,
          -86.02761040550763,
          -83.69998678583548,
          -84.69282075888154,
          -85.15590397261431,
          -86.00854522040746,
          -85.54929465917466,
          -84.90396442228099,
          -82.66708976843125,
          -83.77187141512344,
          -84.67969348067545,
          -84.29522206196363,
          -78.95914527822221,
          -85.64661753838915,
          -86.80231259587877,
          -85.6252398526127,
          -79.28288222425586,
          -84.62989080519189,
          -85.58141754923291,
          -86.59396732410235,
          -85.6783280324586,
          -86.03517961210575,
          -85.36568020945043,
          -85.73358481957385,
          -85.70232687665245,
          -86.1225900872348,
          -86.24920570646852,
          -85.86889012599421,
          -86.07745631480974,
          -85.76898288005268,
          -86.88857709189506,
          -84.68591772516224,
          -86.42376633388912,
          -85.66786897265,
          -85.77442889101164,
          -85.18153666162148,
          -85.48284438856153,
          -85.24872270938127,
          -86.31545001640863,
          -85.81208888025655,
          -86.70607319466089,
          -86.3220767338775,
          -85.29887872572912,
          -86.04110431940597,
          -86.60381368909572,
          -82.26661124422631,
          -85.60430933406556,
          -81.25099131896404,
          -86.29500930504597,
          -85.8847647452214,
          -86.03134672300442,
          -85.88172023396218,
          -85.317971115602,
          -85.81271054379432,
          -85.23119433431235,
          -85.3427728142656,
          -84.72470539147062,
          -85.98375886443654,
          -87.1270090216852,
          -87.71219089221037,
          -85.3428543283818,
          -86.65367974528081,
          -83.09498791349313,
          -86.31421318634544,
          -84.25468838451296,
          -86.86026067538405,
          -84.10188486550389,
          -86.90250669561081,
          -86.25274070313968,
          -85.58189143266672,
          -86.62149028285424,
          -87.02823391494212,
          -86.73960842842337,
          -86.40210615275383
        ]
      ],
      [
        [
          -80.45043898244188,
          -81.644683942798,
          -80.57840185821084,
          -77.41664751593113,
          -82.71937064989368,
          -82.52393874741841,
          -81.94706770024777,
          -88.55411076848497,
          -83.14796197626255,
          -87.5373292748974,
          -89.12933013863693,
          -85.71471250202217,
          -87.58112003066279,
          -86.2738945002544,
          -76.54402160460526,
          -80.50364555273347,
          -84.60958451768914,
          -88.71893602602334,
          -87.36550134267792,
          -86.54134074928159,
          -88.7026093501386,
          -90.28139268857038,
          -83.78514897725306,
          -88.00378916887004,
          -90.56523792567509,
          -90.48517926975579,
          -90.14400197454081,
          -89.91228342034552,
          -90.13340050336143,
          -90.3416355633497,
          -90.32327642175886,
          -90.01912395879583,
          -90.73748139574874,
          -90.34407981638931,
          -89.92290902277657,
          -90.11816713935495,
          -89.63917483428965,
          -90.29362754428291,
          -89.92639806793771,
          -90.3814075912842,
          -89.68401781159739,
          -89.97605331752334,
          -90.27123223068732,
          -90.19104628723375,
          -90.2412421274467,
          -90.00467913268898,
          -90.29382040235554,
          -90.78600703651087,
          -89.94132677775337,
          -90.5352300953462,
          -90.35094044005274,
          -90.43929344211071,
          -90.26072990939639,
          -90.7870366636777,
          -90.01883612867397,
          -89.86843559988836,
          -89.90437015089746,
          -90.2124017028003,
          -90.19432290249443,
          -89.6810014272061,
          -90.43724569273161,
          -90.22279672800262,
          -90.232815455156,
          -90.12826111175524,
          -90.50115654701919,
          -89.93308187682906,
          -90.02064124852305,
          -90.18274419512025,
          -90.84547499502247,
          -90.5210512283296,
          -90.10926781065656,
          -90.63762354932761,
          -90.20084754796703,
          -80.77100158976567,
          -90.60688394340661,
          -86.45785067734897,
          -88.731602494636,
          -87.77841398117491,
          -90.54784106465151,
          -87.65142473023342
        ]
      ]
    ]
  },
  {
    "vqe2_energy": [
      -108.51472052973052,
      -113.76548228862326,
      -99.26349381247158
    ],
    "vqe2_vector": [
      [
        1,
        1,
        1,
        1,
        1,
        0,
        0,
        1
      ],
      [
        1,
        0,
        0,
        1,
        0,
        0,
        1,
        1
      ],
      [
        0,
        1,
        0,
        0,
        0,
        1,
        0,
        1
      ]
    ],
    "vqe2_min_error": [
      6.141936214816324,
      1.6003742066283633,
      14.143636104756974
    ],
    "vqe2_params": [
      [
        2.7632562714996984,
        3.3317056054067913,
        5.514155514247595,
        5.67490880888403,
        5.653851145368631,
        2.8447955877700073,
        2.937256539221713,
        3.2593783992201053,
        0.17479333439331252,
        6.632834850811661,
        0.3650980662255288,
        0.10608111113726204,
        5.062751480128921,
        1.8132643379777906,
        1.0747500164571642,
        2.8370358250989764,
        0.16862640099824544,
        3.3471554369028063,
        0.10744455255836725,
        3.265959381170716,
        2.794015041828375,
        1.5280791182857338,
        0.42910618699335296,
        5.411479163061127,
        3.94491982800369,
        0.02846367999386184,
        1.2705097565822456,
        4.041922069908008,
        2.943484647554104,
        3.608614660474449,
        3.6427740755552076,
        6.148982287769268
      ],
      [
        1.4792261662739343,
        2.5061921582596955,
        2.648065068701484,
        2.853848415428502,
        6.3011735797155355,
        1.4423304528739338,
        1.4912040437336342,
        5.605368361714428,
        4.823529135062987,
        3.8791462981492772,
        3.6990269064382906,
        6.881046365821007,
        6.680683166556669,
        0.6253511199319184,
        2.126457187595739,
        4.824154628915987,
        4.333323419148928,
        3.858446583594213,
        6.570084901550013,
        3.6360288855621907,
        3.605034323159128,
        2.3772438417755986,
        4.706514637133978,
        2.6541855243260537,
        4.535136685390315,
        1.5238002012211285,
        1.475116249235553,
        2.3588851484362383,
        3.2289292260941846,
        1.319288161108005,
        5.754549149790127,
        2.104997646715287,
        5.106129964828207,
        3.415101738886161,
        4.817911314564466,
        1.2714072738745001,
        0.21739251321801498,
        5.145183707196213,
        4.863748583038806,
        6.860040201281513,
        0.9709385020254513,
        5.325236053626233,
        1.2540705308273614,
        2.1903433030872788,
        4.520345506563436,
        1.740810835155566,
        0.9735358213976859,
        3.479979030739109
      ],
      [
        6.0755312630737865,
        0.18094758343391648,
        5.275157973878706,
        6.556975086363093,
        0.3399209104769105,
        5.7776274910001195,
        0.8994736933241602,
        3.2493390195513965,
        4.8882748405561065,
        4.896257902627502,
        2.2172570172089,
        3.206920245428943,
        0.4730399123068844,
        5.400258734514097,
        0.9356117937726894,
        6.246594508213322,
        0.3532904874725388,
        4.4314230201723825,
        0.44534022234091164,
        1.9661075342067709,
        3.916885008980098,
        2.2376298937487684,
        2.779051337161875,
        2.5510334984863428,
        3.8474285528454044,
        4.8428232636808755,
        5.782995754531444,
        3.8117324468394047,
        1.5555259128165815,
        1.398079438520891,
        1.5155190616818777,
        4.569718059561115,
        0.999612226579031,
        1.3162158432555189,
        3.992121584626323,
        0.12787323060012146,
        4.675622357206688,
        0.43181154172524816,
        5.723137223434272,
        1.9929668057431242,
        2.7149478559926976,
        2.4495177409209434,
        2.1636137236981856,
        1.8941128961809743,
        1.6786347386870817,
        5.277726998484467,
        3.5171249521403642,
        1.0073573544526426,
        4.761921238779217,
        2.079367692595083,
        5.294851673898377,
        2.1982007550872447,
        2.6123585786333106,
        5.057174047559717,
        5.7562869183302885,
        3.7923049165346443,
        3.7052207870221765,
        1.9915820386601468,
        5.182215373362982,
        1.23549972957888,
        1.407558715231097,
        0.6535358536365495,
        4.948144264548039,
        2.401670344485595,
        2.754424796750875,
        4.8029571441134005,
        4.230835246088494,
        1.826038493687449,
        2.5411254658701714,
        1.8373638192988286,
        0.4374638933585702,
        5.490527927081183
      ]
    ],
    "vqe2_time": [
      3.8680801391601562,
      3.0454366207122803,
      7.534306287765503
    ],
    "solution_vector": [
      0,
      0,
      0,
      0,
      1,
      1,
      1,
      1
    ],
    "solution_min_energy": -115.61576720578006,
    "solution_time": 0.0214388370513916,
    "matrix_size": 8,
    "qubo_matrix": [
      [
        -27.05366660250474,
        3.600488349454661,
        7.200976698909322,
        1.8002441747273306,
        1.8002441656616637,
        3.6004883313233274,
        7.200976662646655,
        1.8002441656616637
      ],
      [
        3.600488349454661,
        -50.506844855554824,
        14.401953397818644,
        3.600488349454661,
        3.6004883313233274,
        7.200976662646655,
        14.40195332529331,
        3.6004883313233274
      ],
      [
        7.200976698909322,
        14.401953397818644,
        -86.611736313291,
        7.200976698909322,
        7.200976662646655,
        14.40195332529331,
        28.80390665058662,
        7.200976662646655
      ],
      [
        1.8002441747273306,
        3.600488349454661,
        7.200976698909322,
        -27.05366660250474,
        1.8002441656616637,
        3.6004883313233274,
        7.200976662646655,
        1.8002441656616637
      ],
      [
        1.8002441656616637,
        3.6004883313233274,
        7.200976662646655,
        1.8002441656616637,
        -27.05368181397746,
        3.600488832358557,
        7.200977664717114,
        1.8002444161792786
      ],
      [
        3.6004883313233274,
        7.200976662646655,
        14.40195332529331,
        3.6004883313233274,
        3.600488832358557,
        -50.50687479559636,
        14.401955329434228,
        3.600488832358557
      ],
      [
        7.200976662646655,
        14.40195332529331,
        28.80390665058662,
        7.200976662646655,
        7.200977664717114,
        14.401955329434228,
        -86.61179426175849,
        7.200977664717114
      ],
      [
        1.8002441656616637,
        3.6004883313233274,
        7.200976662646655,
        1.8002441656616637,
        1.8002444161792786,
        3.600488832358557,
        7.200977664717114,
        -27.05368181397746
      ]
    ],
    "ansatze": [
      "twolocal",
      "alternating_ry_rz",
      "random_circuit"
    ],
    "histories_energy": [
      [
        [
          -98.20221428507811,
          -101.04327133313728,
          -97.37162316784196,
          -100.31261557807024,
          -101.2236908647564,
          -100.95943171137324,
          -101.65047092356593,
          -101.93356149038986,
          -101.73109008643195,
          -101.12445365241012,
          -102.32611554324522,
          -100.77879582517744,
          -101.34781852571128,
          -102.23188053519246,
          -100.76935022950506,
          -102.23732569898614,
          -101.85588526094665,
          -101.22818440295548,
          -106.10239862528947,
          -104.55369792932092,
          -106.90545543445667,
          -106.35810299919612,
          -105.78897416729956,
          -104.86912426235614,
          -106.35287964103676,
          -106.14840781215428,
          -106.60341417755691,
          -106.24925518715382,
          -107.47386517496827,
          -106.08745561273513,
          -106.48495301942361,
          -106.51912459859004,
          -106.67703487634863,
          -101.236249151544,
          -106.09156519342781,
          -101.48111285313914,
          -105.59783752521459,
          -106.83577602071504,
          -106.46756386087905,
          -106.42883394431973,
          -106.45717203347165,
          -107.14637604700911,
          -106.63730787813381,
          -105.08548680927663,
          -106.67592388390445,
          -105.59144423624211,
          -106.09151122907524,
          -106.75210076321721,
          -106.29425989721683,
          -106.18746984388159,
          -106.40305336479547,
          -106.69309258583243,
          -106.07523152010339,
          -106.44650484074056,
          -105.34652566831213,
          -106.01816868481671,
          -106.28909548773402,
          -106.77221484636014,
          -105.55104879069506,
          -106.31865338436762,
          -106.83361080530044,
          -105.89653972799246,
          -106.79066092025649,
          -106.34626801308569,
          -106.50556814467318,
          -105.83958855493034,
          -106.39238475401271,
          -107.17115760533416,
          -106.43844800333676,
          -106.11034791482253,
          -105.97271771824195,
          -106.80649691208924,
          -106.42672346747086,
          -106.21302766768845,
          -106.7826046374944,
          -106.91990158923572,
          -106.55696298718794,
          -106.76587985188915,
          -106.38221795278949,
          -106.21863963921717
        ]
      ],
      [
        [
          -93.87704274909433,
          -95.76157673117487,
          -94.83822913748403,
          -94.81200259622882,
          -93.72263136453324,
          -95.92959854603214,
          -97.88375007930406,
          -98.53939485956442,
          -97.52726005672267,
          -98.83104860562491,
          -102.94528656123896,
          -100.54790960163865,
          -103.46330029184409,
          -102.50283564988396,
          -103.01640894008119,
          -100.94323299056634,
          -103.83057166526487,
          -103.58458829894282,
          -96.76075603835689,
          -101.67022569587763,
          -101.85541509302512,
          -103.13375497799925,
          -104.46499302548449,
          -103.18209529236594,
          -103.14742577921714,
          -103.86218901631061,
          -103.10525321798704,
          -103.9430321654268,
          -103.08641728869074,
          -104.13305908455351,
          -103.68838750496536,
          -103.24854913019317,
          -104.34992126741102,
          -103.60148558381086,
          -103.83996409308116,
          -103.83224017790901,
          -103.62676805238982,
          -104.01470884472359,
          -104.10233312468945,
          -104.52566743727309,
          -104.76370056410366,
          -102.57512464368702,
          -103.775954598405,
          -103.68171994233862,
          -102.96189927711772,
          -104.00259714017507,
          -104.32958649278832,
          -103.50564071196489,
          -103.93864336244252,
          -102.10289310219532,
          -102.90105769406244,
          -103.4083543599337,
          -102.22174357156169,
          -104.70580694650367,
          -104.71374886001942,
          -104.44598920797014,
          -103.52486323016343,
          -102.48361085194239,
          -104.48893949853466,
          -103.55892702203309,
          -103.20109522889909,
          -103.74189523138645,
          -102.27202479830888,
          -105.905358817683,
          -106.89899456475122,
          -98.99369004472676,
          -107.12935864569289,
          -108.39964792669544,
          -107.95742091553454,
          -108.74113867985773,
          -108.80692383925485,
          -107.83584734453194,
          -109.21709169083277,
          -107.46796545429964,
          -108.48093512780682,
          -107.74750163124494,
          -108.6137317199375,
          -107.412677782636,
          -106.54144890216268,
          -107.15419829985468
        ]
      ],
      [
        [
          -90.31934154801718,
          -95.74285586291316,
          -93.99461869211758,
          -94.40962135902164,
          -96.52101938093739,
          -94.67876965966005,
          -99.39802074395624,
          -98.29475776093366,
          -98.53506878045368,
          -93.9475528517623,
          -96.40550032748527,
          -99.72145444418646,
          -99.93359488857902,
          -98.25702927068875,
          -100.63941320993919,
          -99.26255993211677,
          -100.08244864837064,
          -98.32054151959426,
          -96.55652645310637,
          -96.35638329767133,
          -98.82099550884402,
          -101.75901011410633,
          -99.10181635639034,
          -97.46709557272695,
          -99.70211986878417,
          -100.67947233306165,
          -100.68736323429206,
          -101.92414259360713,
          -100.91956197081046,
          -101.18109586158957,
          -100.57868285100207,
          -99.83235817581823,
          -101.11780987856629,
          -100.85655337681175,
          -101.30828127885042,
          -100.67064057334586,
          -100.96734539842734,
          -100.65135766059656,
          -101.69633389212225,
          -100.3394844575724,
          -101.03541144484763,
          -101.1860427684768,
          -101.19521123429584,
          -102.08127601295314,
          -101.30650400203055,
          -100.74098286490656,
          -100.77498769886921,
          -100.60457653999758,
          -101.45402303846217,
          -101.52997798390462,
          -100.22046673489689,
          -101.85168762570834,
          -100.85611033846152,
          -101.77228884636853,
          -100.88516884507234,
          -101.53897907835642,
          -101.43718854327501,
          -100.98490374474879,
          -101.94342212497315,
          -101.44641070320891,
          -101.46374693830845,
          -100.42432863660657,
          -100.84544110155929,
          -101.03052272728854,
          -101.0065736562228,
          -100.11406445033857,
          -100.97429120909916,
          -100.33637227558432,
          -101.30839230652936,
          -101.91992041523571,
          -100.8004339200041,
          -102.03010215722136,
          -101.21437954137204,
          -101.59626798214441,
          -100.61290781730125,
          -100.2489737603974,
          -99.96276550570988,
          -95.7824144738707,
          -98.97557489113896,
          -102.94522727904382
        ]
      ]
    ]
  },
  {
    "vqe2_energy": [
      -115.17868396981953,
      -116.94287082622778,
      -109.76653755485806
    ],
    "vqe2_vector": [
      [
        1,
        1,
        0,
        1,
        0,
        0,
        1,
        1
      ],
      [
        0,
        1,
        1,
        1,
        1,
        0,
        0,
        0
      ],
      [
        1,
        0,
        1,
        0,
        0,
        0,
        1,
        1
      ]
    ],
    "vqe2_min_error": [
      1.5176851883381137,
      0.00923588686043697,
      6.145283704611371
    ],
    "vqe2_params": [
      [
        6.23280479026439,
        4.69618509685082,
        1.7711193796675906,
        -0.14455483213243867,
        1.623348358587278,
        2.962739692360939,
        3.0543951541279033,
        4.833524242980617,
        3.509070562280565,
        1.1487867764576327,
        1.9337497157863333,
        2.531301493476366,
        5.154116128514547,
        5.351916554770532,
        4.755876993127748,
        4.6407774297584465,
        2.746311305606979,
        1.8713422342952482,
        1.9281177021556204,
        5.533968657350417,
        4.03796877964783,
        3.080893813938436,
        0.051132238082424446,
        2.06148875539138,
        6.2458131053792005,
        0.861749821013538,
        3.4467892836355305,
        2.9808389647503115,
        3.7198191998123695,
        1.1128064115981682,
        2.180304625859327,
        2.5817872432031463
      ],
      [
        1.1338729876057088,
        4.801167753717564,
        3.1169636205310316,
        0.9521914728447735,
        2.9098166848778666,
        4.3920664168941155,
        4.071987273599806,
        3.0013903401145976,
        3.153229675744167,
        5.510174713679155,
        2.36869780375485,
        5.363393906862934,
        1.6189848697433613,
        1.1158390721546603,
        2.491486163292083,
        2.279536621383358,
        2.4471223841339627,
        3.9838415825807156,
        0.86509456375617,
        2.900402509143984,
        2.4429773067748695,
        2.050998160455617,
        2.030631804192372,
        0.5153373518897058,
        0.009168402559663051,
        2.3680259674500768,
        5.627257087602313,
        0.047540469911620024,
        4.2426095370695,
        0.5038666486515502,
        3.7039987872748905,
        1.6536058354399341,
        2.6281923475935303,
        1.00991533132946,
        4.569752673194438,
        6.0016135904940855,
        3.333543906329291,
        1.7311010218227667,
        2.0576340266921136,
        3.687727410736771,
        2.0101449857689975,
        3.3912402974100244,
        1.4189304047415277,
        4.159382909328322,
        2.296748702700843,
        2.2316160633690276,
        4.016720103079666,
        1.4422211214777412
      ],
      [
        1.1800654746758945,
        2.43779202802902,
        1.730681292487048,
        1.4338686444506121,
        0.6269892512552322,
        3.5818328961732613,
        3.2427742287024204,
        1.9152600224522525,
        3.972892623801239,
        5.847172558447789,
        2.6580812938693716,
        4.5186105389069455,
        3.185574790874261,
        4.647921389988049,
        5.566899132572282,
        1.407843403539061,
        1.7007843132342664,
        1.6665047712516008,
        2.507858981432435,
        2.581612059922746,
        0.03163123604242839,
        5.68322843438938,
        3.9075264096191384,
        0.6089747304813022,
        7.220213222061761,
        1.8103309145684499,
        2.6471762859274905,
        5.106982878053691,
        1.3132742767348233,
        1.9857077511374674,
        1.3519016322897113,
        4.492901384651533,
        4.932402751630436,
        4.538842706642075,
        5.885691049651231,
        1.4525933029750435,
        5.636203877872808,
        0.6983861051946608,
        5.690897442081701,
        5.057245622289597,
        1.4298917920715493,
        2.406649677253617,
        0.5687375577859082,
        0.5639805405256367,
        5.6636443737910795,
        1.6037097860262939,
        0.5390784855174593,
        2.8082083598722343,
        2.1029552394923456,
        2.2112235514904124,
        1.82238682226618,
        4.242247906370584,
        0.5879225128580897,
        3.3268562769897065,
        1.5866813369851132,
        2.6707432688967945,
        0.07791976450837694,
        2.214937939039159,
        5.699665349526589,
        0.4662918940230654,
        4.234576774814302,
        3.755988403921289,
        4.413236392700653,
        5.528055647654738,
        6.1577599737750885,
        0.15432322697792022,
        1.5677810993558685,
        5.082579377832287,
        4.804739092329521,
        2.0928354551788426,
        2.404834487159306,
        4.682193489623103
      ]
    ],
    "vqe2_time": [
      4.604283571243286,
      4.175040245056152,
      8.023673295974731
    ],
    "solution_vector": [
      0,
      0,
      0,
      0,
      1,
      1,
      1,
      1
    ],
    "solution_min_energy": -116.95367253510224,
    "solution_time": 0.021558284759521484,
    "matrix_size": 8,
    "qubo_matrix": [
      [
        -27.363909840726166,
        3.6417840384827,
        7.2835680769654,
        1.82089201924135,
        1.8208920101756827,
        3.6417840203513654,
        7.283568040702731,
        1.8208920101756827
      ],
      [
        3.6417840384827,
        -51.08603564296963,
        14.5671361539308,
        3.6417840384827,
        3.6417840203513654,
        7.283568040702731,
        14.567136081405462,
        3.6417840203513654
      ],
      [
        7.2835680769654,
        14.5671361539308,
        -87.60493513200846,
        7.2835680769654,
        7.283568040702731,
        14.567136081405462,
        29.134272162810923,
        7.283568040702731
      ],
      [
        1.82089201924135,
        3.6417840384827,
        7.2835680769654,
        -27.363909840726166,
        1.8208920101756827,
        3.6417840203513654,
        7.283568040702731,
        1.8208920101756827
      ],
      [
        1.8208920101756827,
        3.6417840203513654,
        7.283568040702731,
        1.8208920101756827,
        -27.365454891740868,
        3.6417845213865956,
        7.283569042773191,
        1.8208922606932978
      ],
      [
        3.6417840203513654,
        7.283568040702731,
        14.567136081405462,
        3.6417840203513654,
        3.6417845213865956,
        -51.08912526209514,
        14.567138085546382,
        3.6417845213865956
      ],
      [
        7.283568040702731,
        14.567136081405462,
        29.134272162810923,
        7.283568040702731,
        7.283569042773191,
        14.567138085546382,
        -87.6111124386439,
        7.283569042773191
      ],
      [
        1.8208920101756827,
        3.6417840203513654,
        7.283568040702731,
        1.8208920101756827,
        1.8208922606932978,
        3.6417845213865956,
        7.283569042773191,
        -27.365454891740868
      ]
    ],
    "ansatze": [
      "twolocal",
      "alternating_ry_rz",
      "random_circuit"
    ],
    "histories_energy": [
      [
        [
          -102.82921155356777,
          -106.50949306920668,
          -100.89097816556357,
          -106.13696684992945,
          -102.98757165244963,
          -107.47568928025045,
          -103.23685191188635,
          -106.59866353909487,
          -106.9884336081774,
          -106.73533905679646,
          -104.39411651382835,
          -105.27964549212791,
          -106.86364020925953,
          -107.1485903464995,
          -105.95702843841671,
          -106.60511791797809,
          -106.61400725263795,
          -107.00945384310889,
          -106.81585460598879,
          -103.36680660407201,
          -106.4684615182621,
          -106.27288548123218,
          -98.13171445292247,
          -104.88065469070091,
          -106.83391475107015,
          -106.7373498023798,
          -106.51511612355141,
          -106.10489454302851,
          -106.19242159674995,
          -106.37657167336894,
          -106.91899233209249,
          -106.28891846045427,
          -106.94444291304231,
          -110.9817929078722,
          -106.08283815381006,
          -108.68587755608715,
          -111.09784375894542,
          -110.20430912030868,
          -111.05867063159982,
          -109.41102168595572,
          -111.18221040640219,
          -111.00035838942553,
          -111.5435884099563,
          -110.79491302047947,
          -111.76302517226512,
          -111.53570415776758,
          -111.71947313402939,
          -111.88520499069526,
          -111.90340135883524,
          -111.12171583429893,
          -111.87406440169445,
          -111.61097310491809,
          -112.15351372210802,
          -112.01687958168392,
          -112.2005711717708,
          -112.08939898085816,
          -111.61532622960519,
          -112.06259478743715,
          -112.43037063160294,
          -111.93174257064288,
          -112.26449234640768,
          -112.01004232580308,
          -111.68425349828956,
          -112.59386173720411,
          -112.16766748454071,
          -112.3933681249057,
          -112.77133767300565,
          -112.66139284340939,
          -112.36557993150733,
          -111.63488444611846,
          -112.37057426883165,
          -112.14510825726128,
          -112.24857226105183,
          -111.03606951869509,
          -112.30018720828963,
          -112.57455386620627,
          -112.38979653051277,
          -112.28095282932802,
          -112.61264546003854,
          -112.51004515061263
        ]
      ],
      [
        [
          -108.5483956314117,
          -105.98549083760369,
          -95.26937102497223,
          -106.29438534417038,
          -107.79341330039092,
          -108.34349726460711,
          -104.78332867605963,
          -106.68888667865114,
          -107.03044923378332,
          -107.18335430484454,
          -95.48889461608891,
          -109.03384460143137,
          -107.98833889244038,
          -108.37998205808331,
          -104.40029152865849,
          -107.87157566963559,
          -108.75900528499346,
          -108.02522649713967,
          -109.90692057873197,
          -109.32475269624078,
          -110.15664583309106,
          -110.89629318138415,
          -101.3504543807623,
          -105.06898437024041,
          -110.54746345600226,
          -110.08487690486086,
          -110.69611642768704,
          -109.29026668631515,
          -110.36283409549719,
          -110.24756459448884,
          -110.47729139623785,
          -110.64117012478424,
          -109.76401161876525,
          -110.30431813179914,
          -110.94496433631434,
          -110.33375568781618,
          -110.01337746022666,
          -110.88279352540326,
