[
  {
    "vqe2_energy": [
      -314233.026336505,
      -315291.17683716706,
      -303429.21334820456
    ],
    "vqe2_vector": [
      [
        0,
        0,
        0,
        0,
        0,
        0,
        1,
        1,
        1,
        1,
        1,
        0,
        0,
        0,
        1,
        0
      ],
      [
        1,
        0,
        1,
        1,
        0,
        0,
        1,
        1,
        1,
        1,
        1,
        1,
        0,
        1,
        0,
        0
      ],
      [
        1,
        0,
        1,
        0,
        0,
        0,
        1,
        1,
        0,
        0,
        0,
        0,
        0,
        1,
        0,
        1
      ]
    ],
    "vqe2_min_error": [
      0.3904021396740953,
      0.05497607999004339,
      3.8151327597150897
    ],
    "vqe2_params": [
      [
        5.548722702385936,
        6.314343590462938,
        2.764551881134795,
        2.672676767219551,
        -0.18026261079004768,
        4.075636551185757,
        4.662005669133118,
        5.343175546339421,
        6.188599067457005,
        5.005215811805895,
        4.953933751244706,
        3.657535111866333,
        1.6538322223405444,
        5.682515928758438,
        0.7356936351239208,
        1.0521795605740438,
        5.068605269005602,
        5.580623653871735,
        2.7866765434597593,
        5.73601207899558,
        6.316137376977489,
        5.4410038379483066,
        5.701590566226828,
        3.9366772916487656,
        2.553663764593035,
        6.217920154403298,
        2.148872001318944,
        5.5908628893062415,
        6.760485665887886,
        4.866084174393139,
        5.577507419834478,
        5.838303027697261,
        1.5340267325755883,
        3.113749408691091,
        3.5988570185845563,
        2.456898619458272,
        0.12574810921045765,
        1.5800844183695828,
        1.8034565209446523,
        2.4806907250493944,
        3.303907637494624,
        4.289370366379521,
        0.41076603835324793,
        2.9671647148920473,
        1.8260140360099064,
        0.9463111807300909,
        6.095902447053451,
        4.561024279301066,
        -0.14173551978255997,
        0.44421931155010286,
        0.2504189944131493,
        2.619450317059747,
        2.647465610502515,
        6.119891870491846,
        3.5080784695574287,
        4.539606570453681,
        2.0099879537270158,
        2.455829253463532,
        3.001385875239793,
        1.4996567697748786,
        0.50730388018514,
        2.0849605745986146,
        0.196837947505777,
        1.8712790625969906
      ],
      [
        0.8255304741942765,
        0.9799573291040702,
        2.250303448206561,
        4.745188447793794,
        0.9379906017296987,
        6.440898708591026,
        2.1294631238762705,
        0.3757479417177876,
        1.7246409597671801,
        7.125727216258483,
        2.3767064380504004,
        5.646157302705074,
        2.563934333675861,
        6.385504271434758,
        6.1539284939584205,
        3.4192326735933842,
        1.9741623344654045,
        6.272963724112019,
        3.9950939457926435,
        4.815596393860104,
        3.9344343563420563,
        6.140122913088566,
        4.497295361633359,
        3.966097999464351,
        5.687819230619824,
        4.357547456240447,
        2.786870203912221,
        4.275056681312089,
        3.8565689323578063,
        4.000451037909199,
        4.699075350018124,
        5.704115120871482,
        2.8945839359117733,
        5.631182008283677,
        1.441648662102409,
        2.8296733551720954,
        1.5284868689777489,
        2.0759649407570024,
        5.187314182965259,
        0.7224236627952509,
        0.7843634123186648,
        5.201318026618614,
        6.193504015821521,
        1.2279066454120564,
        1.4789516905098288,
        5.1668754462926385,
        5.011601581358276,
        0.9190866584041818,
        4.447948980871358,
        2.002138219364712,
        3.6210609668535483,
        4.704752679290395,
        4.955867524490361,
        2.755089684645737,
        4.092312015498366,
        4.244414426920767,
        5.4173768177361,
        0.9082226039390942,
        0.5141462109380667,
        1.8253380912415427,
        5.8796965494243505,
        0.8280321465989764,
        5.67232549144332,
        0.6647676351814038,
        5.419270409337408,
        3.0121367853606356,
        1.8645654649033576,
        4.223366962396061,
        2.7983654710317336,
        5.7639688369172815,
        1.5466830168638672,
        1.7084502390952672,
        3.4241838367157555,
        2.6412459668375057,
        2.1065318785166487,
        1.0337021060592615,
        4.66431982313741,
        4.643301123820614,
        2.6702591257024677,
        1.772016907601688,
        1.1475963959327355,
        3.380848131578151,
        0.18277355414137986,
        0.8992149609230438,
        5.519017946774748,
        0.2991801795065299,
        5.5108430812950004,
        0.8018383451522388,
        5.826786526680691,
        2.287261870259758,
        3.6347505149168104,
        1.2611944492787703,
        3.7069607613711217,
        3.2521033627698266,
        4.747303306872891,
        5.661470504158599
      ],
      [
        7.215093111802602,
        5.362709593026857,
        5.1969883497546965,
        6.275463815238107,
        3.767283002532798,
        3.7809552647534783,
        4.040537379521671,
        5.920542981919487,
        1.0853338607482672,
        2.7803128401741914,
        2.624608245313869,
        3.46156623728232,
        7.2632299206906685,
        3.986117528060692,
        4.626401759753708,
        2.807132452067163,
        0.601294098874308,
        6.1588079872042165,
        3.7429275150512695,
        5.645031403212479,
        2.9570773538611004,
        3.44843886270821,
        0.3806543139829395,
        5.317032560086382,
        1.3620063825395516,
        4.430940584849089,
        4.0587479683652665,
        1.4398534393096307,
        4.526606800580972,
        2.5864471147063473,
        4.232119357010787,
        6.060501703992651,
        1.6164645582540151,
        3.978641818855139,
        5.321624073455073,
        0.3126740171189313,
        5.965031358225594,
        5.187390316299611,
        4.096953741162794,
        3.824539097069182,
        6.227967375429765,
        4.987756013695995,
        1.3102344242338817,
        5.62396330713339,
        5.663157902711885,
        1.6758387554401513,
        5.503356600588496,
        5.389858792139926,
        0.6243461552201587,
        4.9165387777976015,
        0.2613007367937923,
        0.5275801787247189,
        1.2448796456129296,
        5.705377786358524,
        6.261313024977155,
        0.17510856752209147,
        5.409168275569019,
        2.90312815181818,
        1.310261827910117,
        5.252228513151967,
        5.897396343508393,
        5.089501165015702,
        4.702454083730141,
        3.448627561568895,
        3.0239501544839316,
        5.044655868478972,
        0.7041630367596727,
        5.74520685870321,
        1.8142187936434955,
        1.8713400312403257,
        3.8131490507952486,
        5.157883289820107,
        2.6346705013575713,
        4.419965823416018,
        6.174745777153985,
        6.064348683610972,
        4.924686207310747,
        5.102344972785905,
        2.4301934100005576,
        1.5337738277067312,
        2.0024991624776876,
        4.062511164096461,
        1.8002529696925822,
        3.8999374460534635,
        4.9881974671352065,
        5.367649008819213,
        6.263668631124021,
        4.705800956007332,
        2.0046231773016925,
        5.294150834332109,
        2.439611325950646,
        1.277974290120713,
        6.25615001366804,
        5.85937742844658,
        1.587235186149266,
        4.651577631642477,
        0.6137008846885742,
        5.439459723334383,
        2.021533508305559,
        3.727966600375938,
        0.35085682572855414,
        4.666207656369285,
        4.431654538959069,
        1.5008700407703304,
        3.043452405162476,
        2.5315871935538015,
        4.158663859685404,
        3.0580850779642734,
        5.81332952143647,
        1.1296651375764553,
        2.297532878734112,
        0.2158868923673969,
        2.1202969456869436,
        2.4992556202058576,
        5.911386942917134,
        0.6325518233957242,
        6.151020192605276,
        2.502711493854757,
        3.445885133954047,
        1.5182991710910705,
        0.7788233114920582,
        2.397029816035816,
        3.8243493412149188,
        0.7556262192979026,
        3.406758618480041,
        3.837044857158813,
        1.1548770134973978,
        5.4578390178172835,
        4.012400095345288,
        2.9869442452120154,
        1.5692870360235072,
        4.664890036231714,
        0.8239833569682264,
        2.114330534937957,
        5.2855392333984295,
        3.56803909702884,
        6.233217836446482,
        5.332469559532524,
        2.3797309627761907,
        5.46554067678299,
        1.2120225849534139,
        4.996181423687361,
        5.209055062292723,
        3.791978244746678
      ]
    ],
    "vqe2_time": [
      251.8904333114624,
      359.5083656311035,
      361.6737654209137
    ],
    "solution_vector": [
      0,
      0,
      1,
      1,
      1,
      1,
      1,
      0,
      1,
      1,
      0,
      0,
      0,
      0,
      0,
      1
    ],
    "solution_min_energy": -315464.6069118032,
    "solution_time": 0.025126218795776367,
    "matrix_size": 16,
    "qubo_matrix": [
      [
        -4909.8099757723485,
        38.507760355355245,
        77.01552071071049,
        154.03104142142098,
        308.06208284284196,
        616.1241656856839,
        1232.2483313713678,
        19.253880177677622,
        19.25388017750056,
        38.50776035500112,
        77.01552071000224,
        154.03104142000447,
        308.06208284000894,
        616.1241656800179,
        1232.2483313600358,
        19.25388017750056
      ],
      [
        38.507760355355245,
        -9781.11219118934,
        154.03104142142098,
        308.06208284284196,
        616.1241656856839,
        1232.2483313713678,
        2464.4966627427357,
        38.507760355355245,
        38.50776035500112,
        77.01552071000224,
        154.03104142000447,
        308.06208284000894,
        616.1241656800179,
        1232.2483313600358,
        2464.4966627200715,
        38.50776035500112
      ],
      [
        77.01552071071049,
        154.03104142142098,
        -19408.19334095726,
        616.1241656856839,
        1232.2483313713678,
        2464.4966627427357,
        4928.993325485471,
        77.01552071071049,
        77.01552071000224,
        154.03104142000447,
        308.06208284000894,
        616.1241656800179,
        1232.2483313600358,
        2464.4966627200715,
        4928.993325440143,
        77.01552071000224
      ],
      [
        154.03104142142098,
        308.06208284284196,
        616.1241656856839,
        -38200.26251622884,
        2464.4966627427357,
        4928.993325485471,
        9857.986650970943,
        154.03104142142098,
        154.03104142000447,
        308.06208284000894,
        616.1241656800179,
        1232.2483313600358,
        2464.4966627200715,
        4928.993325440143,
        9857.986650880286,
        154.03104142000447
      ],
      [
        308.06208284284196,
        616.1241656856839,
        1232.2483313713678,
        2464.4966627427357,
        -73936.02836971494,
        9857.986650970943,
        19715.973301941885,
        308.06208284284196,
        308.06208284000894,
        616.1241656800179,
        1232.2483313600358,
        2464.4966627200715,
        4928.993325440143,
        9857.986650880286,
        19715.973301760572,
        308.06208284000894
      ],
      [
        616.1241656856839,
        1232.2483313713678,
        2464.4966627427357,
        4928.993325485471,
        9857.986650970943,
        -138014.07008845895,
        39431.94660388377,
        616.1241656856839,
        616.1241656800179,
        1232.2483313600358,
        2464.4966627200715,
        4928.993325440143,
        9857.986650880286,
        19715.973301760572,
        39431.946603521144,
        616.1241656800179
      ],
      [
        1232.2483313713678,
        2464.4966627427357,
        4928.993325485471,
        9857.986650970943,
        19715.973301941885,
        39431.94660388377,
        -236596.1935730341,
        1232.2483313713678,
        1232.2483313600358,
        2464.4966627200715,
        4928.993325440143,
        9857.986650880286,
        19715.973301760572,
        39431.946603521144,
        78863.89320704229,
        1232.2483313600358
      ],
      [
        19.253880177677622,
        38.507760355355245,
        77.01552071071049,
        154.03104142142098,
        308.06208284284196,
        616.1241656856839,
        1232.2483313713678,
        -4909.8099757723485,
        19.25388017750056,
        38.50776035500112,
        77.01552071000224,
        154.03104142000447,
        308.06208284000894,
        616.1241656800179,
        1232.2483313600358,
        19.25388017750056
      ],
      [
        19.25388017750056,
        38.50776035500112,
        77.01552071000224,
        154.03104142000447,
        308.06208284000894,
        616.1241656800179,
        1232.2483313600358,
        19.25388017750056,
        -4909.811521060099,
        38.50776036478696,
        77.01552072957392,
        154.03104145914784,
        308.0620829182957,
        616.1241658365914,
        1232.2483316731827,
        19.25388018239348
      ],
      [
        38.50776035500112,
        77.01552071000224,
        154.03104142000447,
        308.06208284000894,
        616.1241656800179,
        1232.2483313600358,
        2464.4966627200715,
        38.50776035500112,
        38.50776036478696,
        -9781.115281755412,
        154.03104145914784,
        308.0620829182957,
        616.1241658365914,
        1232.2483316731827,
        2464.4966633463655,
        38.50776036478696
      ],
      [
        77.01552071000224,
        154.03104142000447,
        308.06208284000894,
        616.1241656800179,
        1232.2483313600358,
        2464.4966627200715,
        4928.993325440143,
        77.01552071000224,
        77.01552072957392,
        154.03104145914784,
        -19408.199522051676,
        616.1241658365914,
        1232.2483316731827,
        2464.4966633463655,
        4928.993326692731,
        77.01552072957392
      ],
      [
        154.03104142000447,
        308.06208284000894,
        616.1241656800179,
        1232.2483313600358,
        2464.4966627200715,
        4928.993325440143,
        9857.986650880286,
        154.03104142000447,
        154.03104145914784,
        308.0620829182957,
        616.1241658365914,
        -38200.27487826676,
        2464.4966633463655,
        4928.993326692731,
        9857.986653385462,
        154.03104145914784
      ],
      [
        308.06208284000894,
        616.1241656800179,
        1232.2483313600358,
        2464.4966627200715,
        4928.993325440143,
        9857.986650880286,
        19715.973301760572,
        308.06208284000894,
        308.0620829182957,
        616.1241658365914,
        1232.2483316731827,
        2464.4966633463655,
        -73936.05309318716,
        9857.986653385462,
        19715.973306770924,
        308.0620829182957
      ],
      [
        616.1241656800179,
        1232.2483313600358,
        2464.4966627200715,
        4928.993325440143,
        9857.986650880286,
        19715.973301760572,
        39431.946603521144,
        616.1241656800179,
        616.1241658365914,
        1232.2483316731827,
        2464.4966633463655,
        4928.993326692731,
        9857.986653385462,
        -138014.11953298884,
        39431.94661354185,
        616.1241658365914
      ],
      [
        1232.2483313600358,
        2464.4966627200715,
        4928.993325440143,
        9857.986650880286,
        19715.973301760572,
        39431.946603521144,
        78863.89320704229,
        1232.2483313600358,
        1232.2483316731827,
        2464.4966633463655,
        4928.993326692731,
        9857.986653385462,
        19715.973306770924,
        39431.94661354185,
        -236596.29245243585,
        1232.2483316731827
      ],
      [
        19.25388017750056,
        38.50776035500112,
        77.01552071000224,
        154.03104142000447,
        308.06208284000894,
        616.1241656800179,
        1232.2483313600358,
        19.25388017750056,
        19.25388018239348,
        38.50776036478696,
        77.01552072957392,
        154.03104145914784,
        308.0620829182957,
        616.1241658365914,
        1232.2483316731827,
        -4909.811521060099
      ]
    ],
    "ansatze": [
      "twolocal",
      "alternating_ry_rz",
      "random_circuit"
    ],
    "histories_energy": [
      [
        [
          -258139.65002594693,
          -258237.80291013577,
          -259053.35040924206,
          -247753.13428937717,
          -256946.72417591588,
          -257501.83535216615,
          -258709.3736203616,
          -258881.5339831935,
          -257480.65137902767,
          -271467.6141855663,
          -259584.29132990114,
          -272103.452603996,
          -269411.0872479814,
          -274724.2741074782,
          -273346.214698715,
          -272704.15391401574,
          -272804.6362946228,
          -274758.8052394119,
          -273474.35871624015,
          -274306.73725165206,
          -272163.22661840625,
          -275044.321401274,
          -275255.1193886262,
          -275372.17697623506,
          -275467.60225879285,
          -273252.811185663,
          -265910.73191998195,
          -277328.4001085781,
          -279683.1789167107,
          -282373.78905655345,
          -279393.0365389455,
          -279755.3200485353,
          -281467.7939217761,
          -281240.0635338379,
          -271808.5918470292,
          -270836.9239592276,
          -284105.9565775701,
          -282007.4170826666,
          -282447.6439061994,
          -284098.78105244687,
          -281766.01053213264,
          -280415.46126648464,
          -281143.63166642224,
          -276173.3795118963,
          -277268.81782578264,
          -280179.10583832575,
          -282573.8862205304,
          -285582.55569124344,
          -282840.60349462135,
          -282934.98353486316,
          -284287.41101914603,
          -283550.2598783929,
          -283666.45160959975,
          -283068.11796432186,
          -284663.18720211554,
          -285139.06304941885,
          -283133.54949247756,
          -280040.4090327498,
          -281220.0143797187,
          -282095.52931462886,
          -284943.83959679864,
          -282404.78772069636,
          -283806.7932414197,
          -283021.9434978201,
          -283011.1511986116,
          -288201.3004496192,
          -287217.57319345925,
          -286419.7814466977,
          -289600.6368234653,
          -287078.38060997595,
          -286307.2190238844,
          -276572.1085121531,
          -280252.62048995565,
          -288404.91576557857,
          -287504.87902899785,
          -287550.5840701961,
          -281928.7996234854,
          -289771.92444842256,
          -288303.9365506326,
          -288725.1714660692,
          -289667.81699277903,
          -286480.53053575876,
          -286135.56122320273,
          -289537.5175651056,
          -285927.23041876586,
          -298578.6290993696,
          -298183.0064951508,
          -295108.20343350427,
          -297914.3306155719,
          -285031.7248734405,
          -299394.08086924383,
          -300921.0179477203,
          -300303.52557757375,
          -301042.3618753685,
          -302190.31528600905,
          -300089.22848391195,
          -302112.343567929,
          -300931.70355111326,
          -301049.5472233646,
          -302719.6281816272,
          -301700.46901279734,
          -297203.15680608887,
          -301584.99494814157,
          -302696.8506228848,
          -302149.75483616284,
          -299417.0840208097,
          -301628.796839027,
          -301279.35698795976,
          -300648.13174769975,
          -300446.64585942746,
          -301932.4990186024,
          -302466.5668460302,
          -301950.69801487256,
          -304401.1370754861,
          -304926.05413416796,
          -304188.1151655868,
          -304210.2091382313,
          -304352.6202299588,
          -304826.98726725555,
          -304781.697934114,
          -301892.5323713876,
          -304285.9340549994,
          -303157.9300770406,
          -303456.59676205396,
          -302747.0786454142,
          -304045.37504781975,
          -302000.0113513813,
          -303218.03468013124,
          -303852.4102871267,
          -304196.6376739045,
          -301330.22538340354,
          -297601.65776023903,
          -303598.1107960929,
          -298030.8720085841,
          -300186.54478368536,
          -301144.45402331225,
          -302857.8530917582,
          -298699.49444673967,
          -303272.1097128664,
          -303082.3184697494,
          -302888.3207718627,
          -304169.7600203144,
          -303441.56130015047,
          -304557.3941370576,
          -303150.3422139316,
          -304723.91111000575,
          -299374.06535276497,
          -304649.78494514385,
          -303674.1455183487,
          -303289.9537327146,
          -307312.78681033343,
          -286861.71230186714,
          -305602.61130744294,
          -299136.13858857116,
          -307312.44476817484,
          -305180.73108961055,
          -307234.4290917198,
          -307128.1189525253,
          -306469.75899991684,
          -308336.8879875167
        ]
      ],
      [
        [
          -245185.43239714034,
          -244707.05355087388,
          -255793.38268311968,
          -256546.5934777173,
          -257738.59675865117,
          -259432.43643399008,
          -258610.85607000437,
          -257810.19005326796,
          -256494.92637211733,
          -261898.04283098283,
          -278981.9398569313,
          -279158.4638903762,
          -280766.9629379989,
          -279376.5360960886,
          -278870.24127907056,
          -278958.4792803133,
          -280722.99905700184,
          -280611.6856148303,
          -274204.82174118666,
          -277840.28150277905,
          -277177.97701919236,
          -278504.24685295054,
          -280773.6218875034,
          -279088.7738661578,
          -278573.3077768729,
          -277638.4820278922,
          -245262.80642677622,
          -277284.8850606254,
          -276646.5972963875,
          -279704.2114568076,
          -278074.6545143836,
          -277809.4435526128,
          -277721.0722821028,
          -279571.26699603477,
          -273103.6000540109,
          -276639.4061683891,
          -279842.21934519213,
          -277344.4631633036,
          -279782.35951278696,
          -279952.8909067984,
          -277976.48785165674,
          -277510.6853829697,
          -260101.38788704225,
          -281813.3419409244,
          -282181.4231134039,
          -280457.3158344371,
          -285229.28839818446,
          -279249.70912541106,
          -279630.0097653488,
          -282463.08686976327,
          -282506.7983187677,
          -283792.0238272417,
          -280233.5376498861,
          -279733.16914354096,
          -280632.0143063321,
          -278727.29196878703,
          -282895.434650921,
          -282125.5678399278,
          -282414.53617350705,
          -282639.5610299751,
          -281099.5555157422,
          -282620.1128452194,
          -281998.8510505597,
          -284313.6490011149,
          -280041.07161158475,
          -282875.3515762769,
          -283274.5327571653,
          -279156.5995992001,
          -282092.68696759373,
          -283627.0870995875,
          -279724.42677055235,
          -277276.6139176747,
          -283438.356384694,
          -282782.73291161883,
          -282172.02381847915,
          -280709.06704674585,
          -281956.17360829876,
          -280484.36868824024,
          -282291.8190951411,
          -280851.51424548356,
          -283025.16839565523,
          -281154.2022539204,
          -280529.50451533863,
          -282512.3218814565,
          -282268.955272868,
          -281849.5510667853,
          -283441.12437948305,
          -282651.88088475406,
          -281577.7225134443,
          -280296.0604286233,
          -281192.09969921823,
          -279992.51581544447,
          -281959.03504604945,
          -279664.438126905,
          -281142.1515025185,
          -280489.4021662746,
          -279606.09062677785,
          -285049.16069292545,
          -279650.56674752536,
          -260075.76106633936,
          -282240.08022268204,
          -286406.7938261236,
          -289259.3569164562,
          -288777.5634706635,
          -289780.1666288696,
          -287345.56555683905,
          -290040.170514427,
          -289705.3752238205,
          -287341.446271677,
          -250499.39113161364,
          -291758.98711603036,
          -289820.82521242404,
          -292867.51134026266,
          -300493.01087579527,
          -299482.48961695615,
          -302139.38704093813,
          -300430.19923135376,
          -301877.59908580757,
          -300538.5178268482,
          -288432.20598675276,
          -302276.0245145072,
          -282215.1561452014,
          -299441.60267304356,
          -298557.9117756195,
          -300387.99008428643,
          -299386.29305441247,
          -299515.38498431176,
          -300290.97551702324,
          -299019.3271117933,
          -303628.4470796881,
          -301394.1772592571,
          -302925.2189370263,
          -299903.9144044232,
          -300702.9249430938,
          -300740.84967217,
          -302813.2013461709,
          -302458.68228025635,
          -303616.23517016723,
          -303042.77695677156,
          -301717.0129064426,
          -302636.42128106416,
          -302431.90091283794,
          -301412.71113471437,
          -287928.5542876617,
          -301998.4297754769,
          -303848.67958066816,
          -304832.83683896036,
          -303262.53660089284,
          -303600.2330327563,
          -302916.71343309747,
          -303570.0817183186,
          -303838.22392532165,
          -303334.5320793127,
          -301509.3391287318,
          -303594.0300812204,
          -302489.2826052069,
          -304020.74434869224,
          -304024.8615060595,
          -304112.77895288036,
          -303275.4527838474
        ]
      ],
      [
        [
          -251271.9231554427,
          -258721.4767208418,
          -254896.53411744474,
          -257432.69291507752,
          -259808.5251912261,
          -261133.83158428213,
          -260048.3747764078,
          -264028.8332106358,
          -264203.5366553665,
          -275402.4403805292,
          -268571.755350738,
          -281882.4619241979,
          -275981.2900231846,
          -283773.7894242341,
          -280064.29024442163,
          -278636.7726104891,
          -280028.6366391189,
          -269781.23153002304,
          -279129.3181505756,
          -270449.110170673,
          -283479.65281971666,
          -278938.7192048998,
          -280453.9625677467,
          -279348.3909674508,
          -281196.67565325805,
          -269525.88810428296,
          -259859.5362595809,
          -278092.6255709391,
          -277120.573839037,
          -279744.33630395774,
          -279805.12363345455,
          -278261.7357716536,
          -280202.3410710739,
          -282202.536456726,
          -275015.65688637045,
          -267042.72649280826,
          -280420.90338386863,
          -281137.42693969654,
          -279202.3340979696,
          -279941.0194525433,
          -281981.4235853412,
          -283137.61686467397,
          -266357.38232585037,
          -279401.6659095848,
          -280107.7410339544,
          -280608.67582748644,
          -278887.4013461561,
          -281421.0640409399,
          -278974.65900135326,
          -280732.656181869,
          -279397.0165832803,
          -279393.991743252,
          -281505.46195564285,
          -282977.7613768551,
          -280928.10631434654,
          -281507.76472098846,
          -278410.21173193806,
          -276351.6126982407,
          -282222.3825970178,
          -277872.3436928137,
          -282321.898335059,
          -276768.25837038097,
          -279859.7887440458,
          -277020.0633270682,
          -277906.6947788315,
          -277200.4275832009,
          -278259.9937128904,
          -277864.4387165179,
          -283539.30419995246,
          -278968.1189743938,
          -278239.0757614312,
          -283229.3429420684,
          -280859.3181670135,
          -282883.9172342835,
          -280793.4365338681,
          -275704.75691105414,
          -275614.2354455111,
          -281878.59074678144,
          -279719.63260354387,
          -280485.13966324314,
          -278951.1027873864,
          -280149.9499630666,
          -280775.0155507878,
          -282002.2820313326,
          -280486.37197650445,
          -279762.3371761207,
          -279953.861197518,
          -279024.19733186404,
          -276909.5602351915,
          -280991.66227874026,
          -277928.66087709554,
          -281488.2046713071,
          -280815.1450053655,
          -282045.7759409255,
          -280609.7639120212,
          -281143.1124774433,
          -280324.7874778005,
          -282003.7773399346,
          -279862.1490032796,
          -280458.64691947796,
          -282463.1185293512,
          -281116.1238879551,
          -279356.17114465864,
          -279630.28166051226,
          -277313.84356374945,
          -277160.4774350211,
          -281205.4371606852,
          -279689.65015308606,
          -280382.13617514825,
          -277895.69003318885,
          -280556.157106677,
          -280921.689875923,
          -277711.0724030208,
          -275931.5563830156,
          -281079.2098852544,
          -280863.82788587,
          -280938.7792873621,
          -278503.0916873896,
          -281970.79714328505,
          -279708.94885734277,
          -283319.8479449777,
          -282219.38409990614,
          -279961.58299070504,
          -279869.5529713015,
          -279924.6547466948,
          -280524.2225054984,
          -280614.8317551584,
          -279185.40388717223,
          -279882.93874024524,
          -280585.36001458566,
          -279674.2620583543,
          -281466.18977354595,
          -282275.7331387412,
          -282366.55530091055,
          -280352.47070138995,
          -283702.23317175795,
          -277519.39172740467,
          -281332.7353961545,
          -283613.9319963637,
          -279270.80029099033,
          -280665.52650521323,
          -281476.59297368384,
          -282294.408298481,
          -280674.99151791993,
          -280869.3430951296,
          -269610.68587016437,
          -280703.5859785481,
          -261853.31976655824,
          -277754.70139386225,
          -270944.93044812564,
          -275763.57805014396,
          -269620.4856573324,
          -275526.525880294,
          -270205.6873284765,
          -281354.89744783996,
          -273879.7011888195,
          -279496.14708699996,
          -275100.65404338937,
          -281291.3701258456,
          -270806.4509466862
        ]
      ]
    ]
  },
  {
    "vqe2_energy": [
      -139767.35956586958,
      -142138.63649433886,
      -117883.37401689222
    ],
    "vqe2_vector": [
      [
        1,
        0,
        1,
        1,
        0,
        0,
        0,
        1,
        0,
        0,
        0,
        0,
        0,
        1,
        1,
        1
      ],
      [
        1,
        1,
        0,
        0,
        1,
        1,
        1,
        1,
        0,
        0,
        0,
        0,
        1,
        0,
        0,
        0
      ],
      [
        0,
        0,
        0,
        0,
        0,
        1,
        0,
        1,
        0,
        1,
        0,
        1,
        0,
        1,
        0,
        0
      ]
    ],
    "vqe2_min_error": [
      1.764226575681349,
      0.09756975541251878,
      17.145430403870222
    ],
    "vqe2_params": [
      [
        2.2890098483702315,
        3.809296757130544,
        6.442513868387069,
        3.406994554637955,
        2.7163058741619843,
        5.085748694474132,
        0.9156131092271883,
        6.261379483867287,
        2.7758379830554105,
        3.3880411596603266,
        6.7117205310262555,
        6.722217312185233,
        3.9088443460945044,
        4.813084318636765,
        0.3176360340320539,
        0.3032338164886184,
        3.1851827242119755,
        0.6269250530567724,
        1.900017811948111,
        0.9342807015972827,
        5.875140976785311,
        3.3847606052694705,
        5.443069280207718,
        2.6922024987481166,
        1.111463687400662,
        4.18270948050001,
        5.789688230393388,
        2.8430801328070223,
        1.1963129348223052,
        1.9854089783016915,
        4.974931504195891,
        3.452019122943832,
        6.06559390252986,
        0.559825555280066,
        2.9401112064693846,
        4.881900169468927,
        2.1502447375397633,
        6.145319318494254,
        4.71586149488504,
        0.22263846205004256,
        1.2173157608500476,
        2.9523321330415855,
        1.6385773743469645,
        -0.6066189472276415,
        0.6518156919188497,
        4.525891249210559,
        -0.14664348707276914,
        2.91996452262719,
        4.0589339373421005,
        4.839572583730767,
        4.835006251126708,
        0.09853989192218517,
        3.0748599868746878,
        4.5583528916156055,
        0.2588038570685884,
        0.10277491979002863,
        4.056331246013378,
        2.9631249476554187,
        1.430919060127424,
        3.3891432236847234,
        3.997324455861949,
        5.049434623314012,
        2.4455228212387006,
        5.680545213950054
      ],
      [
        1.7890590744230872,
        4.974564744705336,
        5.866186320337219,
        4.370017945703513,
        2.154998383947114,
        2.451990024627851,
        4.491707448715947,
        3.29543898276395,
        4.096698643648961,
        2.564788232514106,
        3.4741530719416294,
        5.372236121101903,
        1.2365440917860566,
        2.660276536790101,
        4.433597166533721,
        1.6156489336422983,
        7.119445979592877,
        5.018936634592751,
        0.4922668482336382,
        0.9162358272126733,
        2.739425163563047,
        2.7537767445183925,
        4.331791401717649,
        2.382993258283596,
        1.779876855447175,
        2.716224888206055,
        5.771093322956585,
        3.89902229840309,
        1.6224124082251055,
        1.363629091014416,
        2.057719720745641,
        1.4764753865884719,
        1.7450514161597548,
        4.630723563091312,
        6.098929040083002,
        3.7222006536137013,
        5.106677034915167,
        4.8064795480892855,
        3.9778337046442402,
        0.7657232046171495,
        5.642508549477804,
        3.49625116538387,
        0.015529741397440724,
        2.4910589798698184,
        0.39269178322050713,
        0.3956004459296404,
        1.7330537458593462,
        0.07933541025812307,
        5.8942765177973415,
        3.0161628556362645,
        5.078778854901522,
        0.8975507937701835,
        0.835010765534372,
        5.615908460006246,
        2.6419657066419746,
        5.445422302333821,
        2.3670857138039665,
        2.753383111532669,
        4.436976798461186,
        0.08565835937374991,
        2.028579126173817,
        0.26891903685615204,
        3.2835510860248456,
        3.7930812071179885,
        3.058745805975975,
        1.6829425214146418,
        0.460725882970043,
        6.232397448344038,
        1.0395855080419978,
        1.678792447191085,
        4.524906807669727,
        0.019897134970342338,
        5.653480549114079,
        5.779625690606252,
        0.490078598069033,
        0.8707012205675984,
        2.915244106601306,
        0.2845021004428224,
        5.635324166841214,
        0.7437343492685771,
        2.197676227319193,
        3.9597157017954077,
        1.82489536495655,
        2.199804929529774,
        2.4560025180784804,
        2.804116493131316,
        3.8702840047864577,
        1.08057496781854,
        3.4499744653802744,
        0.8321663197231117,
        2.579698279242112,
        0.5487116922093739,
        4.831763564918477,
        3.438543836357243,
        0.6507509810962612,
        5.9019634326898505
      ],
      [
        5.7809202858486834,
        6.821021375018653,
        4.684210388424942,
        4.615351412926771,
        0.8586457430303315,
        2.6862953146426785,
        4.548256847037843,
        5.066839530591025,
        4.467880839089421,
        1.2612048524748647,
        4.6532396582499285,
        5.840046306588316,
        3.4740481933640814,
        3.136398371544758,
        2.503803918608392,
        1.4048943371013187,
        1.7337575256472477,
        5.524148993648347,
        2.0186777622160563,
        1.7270024086567448,
        1.0434434188460633,
        5.903818117397038,
        4.533823701638645,
        5.455716541557408,
        3.1026806812090335,
        5.5357673714397,
        0.6463922376075667,
        3.7643079037131977,
        1.7428318881180187,
        4.133911395673756,
        0.648084420794134,
        5.033712770680863,
        6.095082652512643,
        1.7199809354502138,
        0.34117013930745893,
        5.05808135420687,
        1.3394906467934113,
        0.09883915099082405,
        1.3452055165791312,
        0.9750984058190175,
        2.072314712611241,
        3.894424391111615,
        3.2272379415478296,
        1.7088161210434984,
        3.7956176899406913,
        3.904464493820295,
        4.41103256880447,
        2.3229436182174616,
        1.2865485150318867,
        4.1107964118716716,
        2.602491353786025,
        2.2656961962906728,
        3.829456636856763,
        2.332758614211527,
        4.185706810075592,
        1.271397568971669,
        5.507682966961103,
        5.140836983868421,
        5.527854468397939,
        5.022824741667778,
        5.087807779052704,
        4.145735476763063,
        0.2541487240357972,
        2.751850532656555,
        4.198055511727389,
        4.342225317935557,
        5.2706892329426935,
        6.176493285068228,
        1.497176192839118,
        3.5535047026110784,
        4.293181876165003,
        0.007342451367819703,
        4.744513325963442,
        0.4919591729868052,
        2.219315956326355,
        4.257697693606726,
        5.819846455138247,
        4.659444567687484,
        5.729450574588134,
        2.6061073357506186,
        6.245763675541144,
        5.007576444941535,
        0.8703237128763958,
        0.25850820722374623,
        4.1939504963609195,
        2.2773070857072812,
        2.0349302377606673,
        0.3085379382904191,
        1.48789949367379,
        4.4410831934931245,
        2.477046337434539,
        4.968433684044486,
        4.703019754144568,
        3.2587946636043617,
        0.7120245092070785,
        0.5861954216179042,
        5.118848420958527,
        0.5108966444497862,
        0.22730453145547375,
        5.402644499123315,
        2.279360331461554,
        4.052025445014573,
        2.429711851516088,
        1.2506232191197035,
        4.99822732453546,
        2.306446301531861,
