[
  {
    "vqe2_energy": [
      -314242.7593462071,
      -315398.73747184506,
      -296969.83456936554
    ],
    "vqe2_vector": [
      [
        1,
        1,
        1,
        1,
        1,
        1,
        0,
        1,
        0,
        0,
        0,
        1,
        1,
        1,
        0,
        0
      ],
      [
        1,
        0,
        0,
        1,
        0,
        0,
        1,
        1,
        1,
        1,
        1,
        0,
        1,
        1,
        0,
        1
      ],
      [
        0,
        0,
        0,
        1,
        1,
        0,
        0,
        0,
        1,
        0,
        0,
        1,
        0,
        0,
        1,
        0
      ]
    ],
    "vqe2_min_error": [
      0.39082754964224753,
      0.024403754532120736,
      5.866026871332631
    ],
    "vqe2_params": [
      [
        0.8673182730417174,
        3.0582428728417734,
        5.478878881047696,
        2.2524019901398606,
        6.174188563946081,
        4.941612713554345,
        4.850545953861337,
        4.540280995185526,
        3.797774870290033,
        3.926065990857562,
        4.661782233891786,
        0.2862626954980617,
        3.568291507273556,
        3.0597957590088303,
        2.2067810151599754,
        4.679489066037082,
        4.552628940056541,
        0.8281676003812724,
        3.3054345130826586,
        5.007956911571451,
        2.4914027650545583,
        5.4895880051231405,
        6.250376354374039,
        4.842929456744132,
        0.8519197714350867,
        5.681122571535437,
        3.2986277468222625,
        2.048472953887275,
        3.3400305170165807,
        -0.10553840694847394,
        3.920062313739759,
        4.805077410842961,
        4.786044817799189,
        3.534920961219863,
        2.298849119499241,
        4.991824049096896,
        3.0474146930300083,
        0.47649287017666425,
        5.251400020488166,
        2.9821243512158704,
        7.097209391660047,
        3.9393032395090115,
        4.309536027565776,
        3.3065907853236087,
        -0.04352627439192047,
        4.960936290988816,
        6.225380492806467,
        -0.2916199958659128,
        4.604395001484262,
        1.4901977683071166,
        5.655496196292711,
        3.2531958308128535,
        1.7226417725717367,
        3.307774661610191,
        1.6236558430954846,
        3.5133683803760585,
        3.721312804217544,
        3.697253646088877,
        3.984545625813735,
        2.5812367046023246,
        2.16822436794944,
        5.765792585199452,
        1.9009220907681013,
        3.5180297870215607
      ],
      [
        2.902809597627645,
        7.287549721827395,
        1.8050829366292107,
        2.374273921830269,
        4.71464452617838,
        2.2678397089525326,
        5.179373569907755,
        3.4024893459390806,
        3.6951702290109303,
        2.910268948084878,
        5.041741013086083,
        2.361505239406047,
        1.0208997626045297,
        3.384427659308565,
        3.4273585265712523,
        5.542851151033643,
        6.3749490835438944,
        1.3120975790542877,
        0.18527083778499884,
        6.088642237998048,
        5.575574773652928,
        6.954931027410826,
        5.856602693122556,
        1.549593527180927,
        5.515898311994528,
        3.491460639061655,
        4.5855861780840215,
        0.9354234402214526,
        4.298968997434265,
        0.3369225766835332,
        3.07431473351835,
        6.830824858416363,
        5.180072344539732,
        2.177074847208498,
        4.327303462067105,
        0.4065964220286713,
        4.79460034544089,
        5.320998587785163,
        2.417493063801685,
        5.640082717830845,
        5.880611831837064,
        3.346659169417682,
        2.37518741719833,
        2.0098464332607175,
        0.7878958145794892,
        4.29860042370372,
        6.7259022042888565,
        1.7082562147657911,
        2.2098042081502642,
        3.7584976967336257,
        5.921123922862789,
        1.4588792174719598,
        4.5923926520678044,
        6.008911883223212,
        5.248914482204561,
        4.076300280728581,
        1.3230334444463407,
        3.395025344958459,
        1.6211370074843225,
        4.1683086940400855,
        5.197333199428327,
        0.4221759752446456,
        5.346894123822193,
        4.79820342781213,
        3.2360167727659297,
        0.010867770540261255,
        4.3986307052417555,
        0.19554095843057911,
        3.2162506367899635,
        0.7077051777205535,
        5.063179128701155,
        1.8854444270200672,
        4.413115845134581,
        5.776041004720479,
        2.5422848047874145,
        3.432175451298657,
        1.1232581940758843,
        1.9298891034962176,
        0.5841261073181288,
        4.492759997247795,
        2.812681225345191,
        1.3249345135547286,
        1.6722407184986319,
        2.7635506203376514,
        4.6738506341884225,
        1.786305013425909,
        5.17235887934401,
        6.176557645760482,
        3.8660005969943523,
        5.804587839460856,
        0.683754780490287,
        1.51213648134548,
        1.8772278024763784,
        1.485079328795877,
        2.306550257349659,
        2.6298533814922247
      ],
      [
        7.1515470688977025,
        6.148250693794861,
        6.179026271509548,
        3.714443451010288,
        2.5586966003340628,
        5.907898017045207,
        1.1459893034712443,
        5.4385429938279914,
        0.2757778291156341,
        6.062715229399238,
        6.2078930417238265,
        5.834463970069877,
        5.0354544024034915,
        0.8947407916915768,
        3.37825449788614,
        0.6777857012427472,
        5.77909747401814,
        4.517361175014888,
        0.14775354502727192,
        6.137606834923334,
        1.9846623336023639,
        0.5380570399687243,
        4.055118470616441,
        5.029205186416434,
        5.073400436743531,
        2.934591707578115,
        5.378111757128448,
        1.4375032072743694,
        1.130154898150674,
        4.7725504035052015,
        3.940760349162491,
        4.153763844490231,
        0.7852192143789093,
        1.4125064365707396,
        0.795776212279192,
        1.0324515440507391,
        1.8710218272507833,
        4.220923226715541,
        3.2845481900797897,
        0.9149676768903223,
        2.1462786206033257,
        3.4607905271934234,
        3.3240228760154027,
        5.292400098954829,
        4.089369324277388,
        1.901266318217478,
        3.907179969614896,
        4.410205521204201,
        2.0973042489252998,
        2.900397271860695,
        3.457968157229851,
        2.405800291754281,
        5.1243671674292175,
        4.927334463568999,
        5.74698849939055,
        5.26519409366713,
        2.5120408072238556,
        6.139461551473676,
        0.6252247224572208,
        2.1220898708667737,
        2.6509122998201446,
        3.4188003419837907,
        5.06650549511836,
        2.1653817243200537,
        3.2938022196000323,
        1.3869425442644543,
        4.040222079883144,
        5.297094384180353,
        0.1900589173635983,
        0.5724060486992898,
        0.8656484464226215,
        4.35731526900944,
        6.004669201058406,
        0.915626293201679,
        3.025685898798,
        2.3375450725929605,
        0.2411194922852754,
        6.041689770286987,
        2.5900436091174024,
        3.4040647878211994,
        4.1533958102138415,
        0.6478920759648399,
        4.819509421034178,
        6.267607369832125,
        6.138861456067472,
        0.19423481737724635,
        3.2395313712901204,
        1.0320850289652213,
        2.699685929043473,
        1.4458926354395258,
        4.18647801075177,
        1.7618012299704073,
        2.289591840065562,
        4.50129532755175,
        1.9910782980723676,
        3.0950897978632455,
        0.8654559700313387,
        4.890652271073664,
        2.666665721796952,
        0.23857824641430442,
        6.128655748906189,
        2.0817021818765227,
        3.5364582598578402,
        5.4263456286146505,
        3.106294843456211,
        1.2499725852138057,
        4.721137458434681,
        2.4319544328840843,
        5.440907456553204,
        2.438324037722152,
        4.61696341044479,
        4.937779088635838,
        3.6919551551844236,
        0.4579721285813026,
        3.9541721021445584,
        2.715494792321536,
        5.64765406171502,
        3.0365080549566548,
        1.955465141153554,
        1.2310137062270443,
        3.4543326818230273,
        5.272814911890449,
        5.85436349960754,
        2.1715390794848632,
        4.846020551831078,
        3.101165180336512,
        1.199882942520644,
        2.901935024884103,
        2.152131013979843,
        5.088158737657562,
        1.8682210067470182,
        3.0631241460964316,
        1.2398379671474655,
        3.854193539249458,
        2.379270314844176,
        1.772108662955839,
        1.4880115523135375,
        5.204758694296645,
        4.798128169960657,
        3.4030158695395545,
        2.320291891782327,
        5.8348550856228725,
        5.648364902666499,
        5.758724921129238
      ]
    ],
    "vqe2_time": [
      314.60887908935547,
      249.71042132377625,
      377.60665130615234
    ],
    "solution_vector": [
      0,
      0,
      0,
      0,
      0,
      0,
      0,
      0,
      1,
      1,
      1,
      1,
      1,
      1,
      1,
      1
    ],
    "solution_min_energy": -315475.7253934785,
    "solution_time": 0.024782419204711914,
    "matrix_size": 16,
    "qubo_matrix": [
      [
        -4909.980050395802,
        38.509094290235254,
        77.01818858047051,
        154.03637716094102,
        308.07275432188203,
        616.1455086437641,
        1232.2910172875281,
        19.254547145117627,
        19.25454713349012,
        38.50909426698024,
        77.01818853396048,
        154.03637706792097,
        308.07275413584193,
        616.1455082716839,
        1232.2910165433677,
        19.25454713349012
      ],
      [
        38.509094290235254,
        -9781.45100650137,
        154.03637716094102,
        308.07275432188203,
        616.1455086437641,
        1232.2910172875281,
        2464.5820345750562,
        38.509094290235254,
        38.50909426698024,
        77.01818853396048,
        154.03637706792097,
        308.07275413584193,
        616.1455082716839,
        1232.2910165433677,
        2464.5820330867355,
        38.50909426698024
      ],
      [
        77.01818858047051,
        154.03637716094102,
        -19408.865635841797,
        616.1455086437641,
        1232.2910172875281,
        2464.5820345750562,
        4929.1640691501125,
        77.01818858047051,
        77.01818853396048,
        154.03637706792097,
        308.07275413584193,
        616.1455082716839,
        1232.2910165433677,
        2464.5820330867355,
        4929.164066173471,
        77.01818853396048
      ],
      [
        154.03637716094102,
        308.07275432188203,
        616.1455086437641,
        -38201.58576303983,
        2464.5820345750562,
        4929.1640691501125,
        9858.328138300225,
        154.03637716094102,
        154.03637706792097,
        308.07275413584193,
        616.1455082716839,
        1232.2910165433677,
        2464.5820330867355,
        4929.164066173471,
        9858.328132346942,
        154.03637706792097
      ],
      [
        308.07275432188203,
        616.1455086437641,
        1232.2910172875281,
        2464.5820345750562,
        -73938.58949150461,
        9858.328138300225,
        19716.65627660045,
        308.07275432188203,
        308.07275413584193,
        616.1455082716839,
        1232.2910165433677,
        2464.5820330867355,
        4929.164066173471,
        9858.328132346942,
        19716.656264693884,
        308.07275413584193
      ],
      [
        616.1455086437641,
        1232.2910172875281,
        2464.5820345750562,
        4929.1640691501125,
        9858.328138300225,
        -138018.85084470897,
        39433.3125532009,
        616.1455086437641,
        616.1455082716839,
        1232.2910165433677,
        2464.5820330867355,
        4929.164066173471,
        9858.328132346942,
        19716.656264693884,
        39433.31252938777,
        616.1455082716839
      ],
      [
        1232.2910172875281,
        2464.5820345750562,
        4929.1640691501125,
        9858.328138300225,
        19716.65627660045,
        39433.3125532009,
        -236604.38913621707,
        1232.2910172875281,
        1232.2910165433677,
        2464.5820330867355,
        4929.164066173471,
        9858.328132346942,
        19716.656264693884,
        39433.31252938777,
        78866.62505877553,
        1232.2910165433677
      ],
      [
        19.254547145117627,
        38.509094290235254,
        77.01818858047051,
        154.03637716094102,
        308.07275432188203,
        616.1455086437641,
        1232.2910172875281,
        -4909.980050395802,
        19.25454713349012,
        38.50909426698024,
        77.01818853396048,
        154.03637706792097,
        308.07275413584193,
        616.1455082716839,
        1232.2910165433677,
        19.25454713349012
      ],
      [
        19.25454713349012,
        38.50909426698024,
        77.01818853396048,
        154.03637706792097,
        308.07275413584193,
        616.1455082716839,
        1232.2910165433677,
        19.25454713349012,
        -4909.981595659974,
        38.509094346825556,
        77.01818869365111,
        154.03637738730222,
        308.07275477460445,
        616.1455095492089,
        1232.2910190984178,
        19.254547173412778
      ],
      [
        38.50909426698024,
        77.01818853396048,
        154.03637706792097,
        308.07275413584193,
        616.1455082716839,
        1232.2910165433677,
        2464.5820330867355,
        38.50909426698024,
        38.509094346825556,
        -9781.454096973122,
        154.03637738730222,
        308.07275477460445,
        616.1455095492089,
        1232.2910190984178,
        2464.5820381968356,
        38.509094346825556
      ],
      [
        77.01818853396048,
        154.03637706792097,
        308.07275413584193,
        616.1455082716839,
        1232.2910165433677,
        2464.5820330867355,
        4929.164066173471,
        77.01818853396048,
        77.01818869365111,
        154.03637738730222,
        -19408.871816558945,
        616.1455095492089,
        1232.2910190984178,
        2464.5820381968356,
        4929.164076393671,
        77.01818869365111
      ],
      [
        154.03637706792097,
        308.07275413584193,
        616.1455082716839,
        1232.2910165433677,
        2464.5820330867355,
        4929.164066173471,
        9858.328132346942,
        154.03637706792097,
        154.03637738730222,
        308.07275477460445,
        616.1455095492089,
        -38201.59812356868,
        2464.5820381968356,
        4929.164076393671,
        9858.328152787342,
        154.03637738730222
      ],
      [
        308.07275413584193,
        616.1455082716839,
        1232.2910165433677,
        2464.5820330867355,
        4929.164066173471,
        9858.328132346942,
        19716.656264693884,
        308.07275413584193,
        308.07275477460445,
        616.1455095492089,
        1232.2910190984178,
        2464.5820381968356,
        -73938.61420894052,
        9858.328152787342,
        19716.656305574685,
        308.07275477460445
      ],
      [
        616.1455082716839,
        1232.2910165433677,
        2464.5820330867355,
        4929.164066173471,
        9858.328132346942,
        19716.656264693884,
        39433.31252938777,
        616.1455082716839,
        616.1455095492089,
        1232.2910190984178,
        2464.5820381968356,
        4929.164076393671,
        9858.328152787342,
        -138018.9002650937,
        39433.31261114937,
        616.1455095492089
      ],
      [
        1232.2910165433677,
        2464.5820330867355,
        4929.164066173471,
        9858.328132346942,
        19716.656264693884,
        39433.31252938777,
        78866.62505877553,
        1232.2910165433677,
        1232.2910190984178,
        2464.5820381968356,
        4929.164076393671,
        9858.328152787342,
        19716.656305574685,
        39433.31261114937,
        -236604.48791903805,
        1232.2910190984178
      ],
      [
        19.25454713349012,
        38.50909426698024,
        77.01818853396048,
        154.03637706792097,
        308.07275413584193,
        616.1455082716839,
        1232.2910165433677,
        19.25454713349012,
        19.254547173412778,
        38.509094346825556,
        77.01818869365111,
        154.03637738730222,
        308.07275477460445,
        616.1455095492089,
        1232.2910190984178,
        -4909.981595659974
      ]
    ],
    "ansatze": [
      "twolocal",
      "alternating_ry_rz",
      "random_circuit"
    ],
    "histories_energy": [
      [
        [
          -215260.8103042645,
          -219072.7892347658,
          -204478.03716305408,
          -195576.47254322193,
          -219857.60726163237,
          -220636.86714023742,
          -217933.70647165496,
          -217507.65426944825,
          -221795.4279531055,
          -220766.76453451737,
          -235672.4926241738,
          -243457.34540485375,
          -228268.42438337937,
          -244159.30917497532,
          -242618.40306501216,
          -247631.79679818553,
          -252437.64305032435,
          -251933.3671327254,
          -248068.0093724177,
          -247781.7539822832,
          -250480.66344494946,
          -245369.34581199914,
          -247142.9528378966,
          -246275.59536240002,
          -242282.77574023278,
          -251220.34338063968,
          -250769.1995133576,
          -244326.48078251423,
          -255558.91514505912,
          -253253.04475088185,
          -254345.0249645671,
          -253193.96671439163,
          -256075.2316860223,
          -255113.83441345397,
          -261986.2565811031,
          -271549.9635727764,
          -271574.90670039033,
          -273702.2555459231,
          -270769.92514135106,
          -273399.90061289474,
          -274449.76124988485,
          -274633.0585641262,
          -274875.9685763511,
          -265605.17915080965,
          -270339.93346489326,
          -271819.780365809,
          -270510.8415358905,
          -273105.13614566816,
          -274144.43494605465,
          -274454.04700035875,
          -271415.1533274175,
          -271131.6885502188,
          -271278.8109105403,
          -274706.70872715523,
          -270243.28464324784,
          -271230.71948510665,
          -272245.17633111164,
          -270078.52618127794,
          -270241.5811128384,
          -274489.2873974968,
          -273636.7465878181,
          -270990.48045344977,
          -274695.39264613367,
          -273074.29075301584,
          -272296.82915031986,
          -267454.167249268,
          -269881.8951654815,
          -273616.77273673227,
          -271682.02644785325,
          -272083.08473937766,
          -274657.0688003903,
          -275186.31562480784,
          -274363.05207226326,
          -272356.6030856282,
          -273784.64674271806,
          -274963.7893166806,
          -276046.10156422626,
          -271724.45869732,
          -276674.49659955496,
          -274872.240900925,
          -276731.94873245363,
          -276864.60356465593,
          -275640.58636671834,
          -272834.4117971056,
          -275943.9724682851,
          -277040.4824490317,
          -272284.5658568749,
          -277043.53468573967,
          -280261.43569636135,
          -275498.83949436416,
          -278076.00839267665,
          -275561.0356345462,
          -279808.71844384546,
          -278005.81606298045,
          -274602.8227237679,
          -277360.3173524245,
          -278091.800698517,
          -277178.93185461627,
          -277190.1642449953,
          -283280.6834647536,
          -283809.5875045053,
          -277213.82658661564,
          -283234.3352587179,
          -282310.8446829063,
          -286587.0712016592,
          -286997.6758620669,
          -284629.98135558603,
          -284018.69735341595,
          -285342.98360341607,
          -283626.9105169409,
          -284849.34559225774,
          -284100.3109962739,
          -284082.5803309697,
          -285455.06105779076,
          -283028.7200795858,
          -281324.8756306538,
          -285472.4492204915,
          -282247.7078205746,
          -284005.2663145481,
          -282163.8978291693,
          -284977.32320389507,
          -287833.4954643314,
          -286137.2276607674,
          -289644.05683801393,
          -283493.5898742152,
          -290629.6651095968,
          -295183.1671673164,
          -292901.0961279223,
          -293211.7689902863,
          -293776.38351380173,
          -292824.6029777732,
          -290813.48548115604,
          -291114.6568062769,
          -290243.61599182663,
          -291572.5918260434,
          -294850.40828913014,
          -290955.1001103194,
          -271997.94717772555,
          -290561.32151617383,
          -292874.4491792003,
          -293540.0980915791,
          -293290.45514164405,
          -289938.6572416754,
          -290273.98535347753,
          -293403.9781162672,
          -294566.21963234805,
          -292243.82655460166,
          -294101.35303968674,
          -291638.37957110506,
          -293807.05143038277,
          -293198.14157911425,
          -295517.1136402664,
          -297573.6911825491,
          -295783.19783872314,
          -296180.22460604936,
          -297183.7540678292,
          -296759.3339783491,
          -297439.0950741706,
          -296069.16620246123,
          -298283.0176625174
        ]
      ],
      [
        [
          -246769.9212204132,
          -247038.23323723645,
          -267215.9980455056,
          -269663.8020487421,
          -265440.01590723364,
          -270752.62134237745,
          -269038.6169835019,
          -268979.70561927545,
          -267170.0041257712,
          -270716.21351327084,
          -273341.64236259105,
          -272307.1073521922,
          -272375.50442949345,
          -271936.4194126266,
          -271376.05423201324,
          -272433.4978552231,
          -273716.99568226194,
          -275174.71314441884,
          -274505.13893117476,
          -269100.25854092656,
          -272545.75470793695,
          -271118.05984042486,
          -276633.711524132,
          -275246.80288001156,
          -274380.69705527474,
          -274392.9802443905,
          -256441.25326039898,
          -273975.1614784579,
          -273157.87533172045,
          -272946.1346581985,
          -271668.15246193775,
          -271431.63628200785,
          -272532.0340058729,
          -273897.582030139,
          -283260.49740147963,
          -284906.97022257786,
          -282518.2124680604,
          -284891.66997195536,
          -286341.35547800927,
          -285038.2522027513,
          -284779.0205216459,
          -287683.6280996068,
          -290605.27900913265,
          -289616.46037747385,
          -289495.6722695859,
          -290219.14691494976,
          -292079.20633001294,
          -292698.7575369167,
          -292009.5928462226,
          -291525.8940061561,
          -291984.93339988723,
          -291030.01791884686,
          -291806.1292464531,
          -291664.70479532145,
          -292106.7611733049,
          -290682.90030649444,
          -293572.10651767935,
          -290294.50837218243,
          -290690.6970017194,
          -291571.3578507469,
          -289942.0979571677,
          -291913.24011566787,
          -289415.9046385628,
          -290107.65018903033,
          -291083.2527547508,
          -290463.93364794535,
          -290723.3959836036,
          -291832.11777589994,
          -292825.64458649297,
          -291509.71858675237,
          -289457.95375426626,
          -291220.8226582944,
          -291367.1383401531,
          -287638.9844509421,
          -293578.2353440428,
          -291003.31423111353,
          -290234.7144753085,
          -291264.24568351364,
          -290061.17115079693,
          -288878.1436087386,
          -291817.76613227715,
          -288829.4825543945,
          -289431.8142486348,
          -289319.5908072032,
          -289444.0979176219,
          -289567.5411420811,
          -290588.33579635527,
          -292044.6272999358,
          -291380.873094464,
          -293845.52716336,
          -291880.14560534427,
          -292902.5158559235,
          -292183.27785362647,
          -291990.3354251505,
          -292494.83558260585,
          -290078.32243391173,
          -290271.6380945565,
          -279093.0783011083,
          -290606.9819956618,
          -266199.3760668292,
          -292943.6761589981,
          -291659.1358603617,
          -292100.8863357743,
          -293063.2472046802,
          -291784.69427159405,
          -290621.95169501315,
          -292639.4949077225,
          -291128.44997066434,
          -294212.56167879986,
          -295042.0791718598,
          -295195.7112968958,
          -292502.7661915078,
          -294672.29523405933,
          -295609.5704708948,
          -292529.347947919,
          -291632.474125059,
          -293870.26113338675,
          -293196.66467719874,
          -286017.45960337843,
          -282362.4038716375,
          -293119.4734743333,
          -294137.75081206224,
          -292998.9062419316,
          -295650.57868118625,
          -292566.5845967204,
          -294743.7739717827,
          -294709.0891181303,
          -296413.36689610325,
          -296769.5183148869,
          -297378.6036380451,
          -294872.86991177016,
          -282715.4055249467,
          -297363.5281321301,
          -296399.260592624,
          -297199.7663541927,
          -294777.59649900626,
          -297890.32309827884,
          -296395.4922095359,
          -297179.22972245264,
          -280348.2563791227,
          -296591.61136491725,
          -295733.7469012681,
          -294903.93460794794,
          -296682.70449970587,
          -294837.3956978999,
          -296972.545121043,
          -295359.5623589395,
          -294873.5903197416,
          -296363.27702336945,
          -297152.6685786786,
          -295569.56523649144,
          -296692.36400121514,
          -297424.2715770861,
          -295417.67243862676,
          -294406.37192689907,
          -294912.8959650361,
          -295427.46558785497,
          -297675.89054268226,
          -294733.8437826743,
          -297322.0168202715
        ]
      ],
      [
        [
          -254825.62691909916,
          -258230.3693496347,
          -235338.98173995508,
          -269951.4033278692,
          -269797.57459335105,
          -271545.61362727813,
          -266104.3414784959,
          -266385.9031808205,
          -265140.4332421359,
          -268532.14029110625,
          -266874.04160114663,
          -265789.85054138396,
          -267549.2098675764,
          -269055.28424860287,
          -266573.5170796493,
          -265837.98847677954,
          -269807.98919853417,
          -243798.8721819344,
          -220805.5101303154,
          -268884.2351479935,
          -263485.22778023273,
          -266732.8737176438,
          -266619.76115495595,
          -266521.155431509,
          -267703.8753362477,
          -272260.2292357834,
          -268554.46869368857,
          -264867.00067303685,
          -268107.8655753294,
          -268415.5934172908,
          -262311.55918321764,
          -266676.39846994716,
          -270903.53196936403,
          -264140.5935763708,
          -285682.0833075329,
          -283675.57710513164,
          -283307.9204188201,
          -281336.3982284422,
          -281756.3418096658,
          -282369.05274739023,
          -283665.44220013695,
          -287111.8003915346,
          -273678.69462258765,
          -284893.3270571275,
          -281670.69619969575,
          -281988.82997688284,
          -285715.5042764922,
          -287281.6037691041,
          -285620.9396191693,
          -285478.1626016011,
          -283245.2640458036,
          -281805.23334051884,
          -283844.0163238983,
          -283169.90983993886,
          -286287.388420835,
          -283182.7569965801,
          -283323.4588120006,
          -282528.2072585034,
          -283461.9924803369,
          -280584.92012698797,
          -284682.60231178853,
          -285347.49268823356,
          -281846.3462024463,
          -283585.52391602384,
          -284771.6802769499,
          -285288.5860012707,
          -283715.0269629135,
          -282928.8804316319,
          -282926.7861549204,
          -283572.6084773283,
          -283943.77874094,
          -284462.180418383,
          -287385.08749407245,
          -285011.41696614685,
          -283558.5525847396,
          -284024.0905348734,
          -285177.41999312193,
          -281643.7315757116,
          -284398.460007519,
          -284299.2229249135,
          -283863.349880091,
          -282509.17915771436,
          -284471.1977569185,
          -287905.7743292454,
          -281466.7007593824,
          -285998.4298363948,
          -284596.22390354046,
          -282878.21179939236,
          -283439.34629377344,
          -281860.20015148347,
          -283807.9323001694,
          -282815.39731524314,
          -283259.5136544459,
          -283503.17048862734,
          -281117.9425786694,
          -281196.3218792578,
          -281606.16931619355,
          -284730.54426741344,
          -285647.3622595897,
          -285730.77021543536,
          -285121.75488666695,
          -283086.2844259858,
          -286084.5956595142,
          -283460.6814880591,
          -284701.4830433695,
          -285473.0447998591,
          -280702.07995142794,
          -283540.72519814665,
          -282337.1913403499,
          -282352.4525641646,
          -282013.7461684351,
          -285652.63079939096,
          -285269.6109846106,
          -284030.8375310081,
          -283531.6683106824,
          -282868.3448630356,
          -284409.2499000677,
          -284562.742318975,
          -283553.53841186874,
          -284312.32936395484,
          -278896.71707255824,
          -282818.8870538885,
          -282590.5444205286,
          -282070.3134373524,
          -281170.3333983315,
          -283177.7600101928,
          -280263.15205541573,
          -285270.6263523395,
          -281654.43269687745,
          -286185.3028178639,
          -281552.8836923421,
          -283701.76041263354,
          -282091.0040701488,
          -282444.6348006876,
          -282940.55531112675,
          -285532.3209590542,
          -285404.2545564625,
          -285633.834032331,
          -278513.21867038746,
          -281836.0295222892,
          -285754.641214738,
          -283544.59012178023,
          -283552.71416080114,
          -284383.0538636083,
          -285678.9925263138,
          -248321.57121837966,
          -268152.47795768897,
          -286506.21972533927,
          -283857.0365785754,
          -274647.7492676604,
          -284076.53343181015,
          -282999.70090596913,
          -284803.2096970526,
          -281418.3026035195,
          -280177.5907816368,
          -279837.81366442173,
          -283130.7217175115,
          -279245.07694691047,
          -281716.7558864969,
          -281804.2206507404
        ]
      ]
    ]
  },
  {
    "vqe2_energy": [
      -139137.9713878028,
      -138068.6880243067,
      -142263.44389349953
    ],
    "vqe2_vector": [
      [
        1,
        1,
        0,
        1,
        1,
        1,
        1,
        1,
        1,
        1,
        1,
        0,
        1,
        0,
        0,
        0
      ],
      [
        0,
        0,
        0,
        0,
        0,
        1,
        0,
        1,
        1,
        0,
        0,
        1,
        0,
        0,
        1,
        0
      ],
      [
        0,
        0,
        0,
        0,
        0,
        1,
        0,
        0,
        1,
        0,
        0,
        0,
        0,
        1,
        1,
        0
      ]
    ],
    "vqe2_min_error": [
      2.2029090394747763,
      2.9544853440547802,
      0.006081560351134385
    ],
    "vqe2_params": [
      [
        5.539222570737018,
        6.043242847277303,
        0.7951401221398647,
        2.5115236037981457,
        0.026863443462617237,
        6.39097339944178,
        2.902019262737783,
        3.4647034739675173,
        0.8073576814006768,
        0.02080795307918693,
        2.1574392638802484,
        0.47683504753952477,
        3.5141256717635825,
        0.4340769531155425,
        4.934268242492521,
        5.767465044566359,
        3.1152491553977297,
        3.5969531800521213,
        0.0313653435021673,
        3.016933728936003,
        3.0562119861760824,
        5.907128668751459,
        0.42580570473432283,
        4.5893507812385375,
        3.6731963377652237,
        1.6824713126917588,
        2.929961871470765,
        1.6271430740117305,
        1.3289949906759246,
        1.849538354081623,
        2.950085262390326,
        0.5668147414559024,
        0.7308391435758749,
        -0.1325455581738815,
        0.2215227722583402,
        4.59143797916071,
        6.78097262649419,
        2.9235512800656487,
        7.252194540579364,
        6.004766656252151,
        1.6937480564068703,
        3.3124151624846205,
        4.256071964578636,
        2.921212020291216,
        6.030842730122548,
        0.561854571499295,
        3.126300330575041,
        4.415569660364419,
        2.6203812668568864,
        3.152264749664504,
        1.4943145434395426,
        1.3015221233438359,
        4.1344358789197395,
        0.24603273174909607,
        0.6765732494901335,
        4.997119752088624,
        3.8819468420630234,
        4.420442999335517,
        4.004790481377233,
        2.1039748202954307,
        2.450578448615185,
        4.160724911879053,
        2.3362150849008025,
        2.143525962926796
      ],
      [
        1.3632956682213464,
        5.702365891774066,
        0.167184223909377,
        4.954753106922501,
        5.737626328591808,
        2.729325286926294,
        6.6455643840267085,
        1.6428390837343874,
        1.0151957843563262,
        2.402169595822728,
        6.5944491336127955,
        1.8579746910870265,
        2.829041892852211,
        2.32640766508729,
        6.158096092008314,
        0.3781010802034891,
        0.9230702067459823,
        3.0412507997637896,
        2.7877986036979876,
        3.788220508561664,
        0.4114872997675902,
        7.020313672252567,
        4.266949006670726,
        4.3782857216824596,
        3.6616630287249996,
        6.644859518247907,
        6.128285806733197,
        1.7008721052702183,
        2.595902487257528,
        1.7479311657604453,
        5.38123246270261,
        5.262149844845437,
        1.093395934939565,
        5.803103028654528,
        1.742225049002314,
        4.5219445962800355,
        5.0787202230174255,
        2.2825299773326266,
        3.1165507277933457,
        1.7232071566720673,
        6.813460295761042,
        2.8373838503656925,
        2.7752860221708366,
        6.702530279029182,
        4.618628980326606,
        5.155226396749335,
        5.945203062277978,
        0.01265915629501367,
        2.1375441432546802,
        1.3725560638414738,
        3.862870586774328,
        0.646057689629044,
        3.0602953318286006,
        2.6739134199784917,
        3.7985528748484474,
        2.668525725011536,
        4.988763270049195,
        5.958797976363257,
        4.574727878600512,
        4.989058743831398,
        6.545564055016534,
        0.48615459899822006,
        3.171508256122292,
        5.319770250853531,
        3.516533527450827,
        2.889797113835218,
        3.5556494767946702,
        0.014993381580193735,
        1.7129420613929598,
        2.980932982306667,
        2.3352104864905545,
        2.8996218282203996,
        6.0337794737547705,
        5.758002089244622,
        5.541069225626415,
        2.117005990082321,
        6.136421584338794,
        2.2934945785902108,
        0.7181890842048638,
        4.172915702749327,
        0.821055033495159,
        0.7273408975010857,
        2.903842859581478,
        4.03713646696153,
        3.0151866519785133,
        2.0872575474821176,
        5.267192381014285,
        4.7696702099451755,
        1.4721703659349548,
        1.4886549285871236,
        0.8142479923974753,
        2.6319736143083565,
        4.925376973779422,
        2.540259169003622,
        1.625675950034017,
        0.8022557131427361
      ],
      [
        6.532945100178891,
        1.5250772205182677,
        2.675084689221725,
        6.631394391833891,
        2.2598306897689002,
        5.3558008166084745,
        0.524665840344738,
        4.601727101627722,
        3.099734718146154,
        0.0663349755807757,
        2.594068996251534,
        2.333828609633349,
        2.42354732973569,
        3.4590587259911003,
        0.09549156484869581,
        0.4505901237869423,
        5.3516029181124445,
        0.9940675729798193,
        5.662728042195861,
        3.7101235364172833,
        6.009145071873924,
        0.30329135581001077,
        1.0067979538113931,
        2.579622157689864,
        1.0789287126528293,
        3.633757286452118,
        0.6500306466317373,
        0.8146641610906017,
        3.336428157850842,
        5.643867492116099,
        3.216690531211886,
        4.0596467748548095,
        2.721614201680958,
        0.11180516986897979,
        1.2589761369054218,
        3.441111256965587,
        0.22267046476537472,
        3.5246180195092283,
        0.2915126235659985,
        1.5250840683901894,
        0.8696805001579713,
        5.392756964097854,
        6.112769652704153,
        1.5963927589415399,
        3.060942357452596,
        0.681391197886758,
        4.416671869829237,
        3.6340768344820398,
        3.94603345920327,
        5.0100753268299885,
        4.063483196287805,
        4.436288904991845,
        0.4712482700553931,
        5.004640053959645,
        0.7220582095684108,
        0.512319602449276,
        5.7440497148383045,
        0.25682719954943684,
        2.5919135689081085,
        4.341153708672268,
        3.4574435696341728,
        4.073125791091197,
        0.13288746154183573,
        1.7268300110860735,
        2.8093759529553157,
        1.5348110788314295,
        1.8670916902653363,
        4.5822757745285,
        0.5155599761430133,
        5.986621949664571,
        3.5105860091377186,
        3.2770063631926996,
        3.1728694690963413,
        5.217546901963117,
        1.4742085494497776,
        4.57513198453441,
        3.9483395598628097,
        1.1689243758597139,
        0.21471181907085024,
        3.6543971867135,
        2.584766269770299,
        5.80489883825346,
        4.585406022205787,
        2.177639211699786,
        6.151210599580873,
        5.88249674371079,
        0.2733276444237207,
        0.48517339811930454,
        4.524679382482091,
        1.0970151292087649,
        0.05054880745503669,
        0.4327693001144459,
        2.5880745563224923,
        1.84281343543057,
        3.0748461259837034,
        4.626528912982937,
        2.4800381766055692,
        3.601673344636194,
        1.2504521011288294,
        4.815275989755209,
        0.19634328128244435,
        1.2592691129326563,
        2.788094139770364,
        1.6300162147442314,
        4.442045755677828,
