[
  {
    "vqe2_energy": [
      -115.24782142664674,
      -117.12612766538102,
      -115.34869712269811
    ],
    "vqe2_vector": [
      [
        1,
        0,
        1,
        0,
        0,
        1,
        0,
        0
      ],
      [
        0,
        1,
        0,
        1,
        0,
        0,
        1,
        1
      ],
      [
        1,
        1,
        1,
        0,
        1,
        0,
        0,
        1
      ]
    ],
    "vqe2_min_error": [
      1.6065144992472913,
      0.002899824548163732,
      1.5203912978371315
    ],
    "vqe2_params": [
      [
        -0.40690162139181274,
        4.327588719863929,
        2.315898539148236,
        2.863538087865297,
        3.85161717177622,
        3.3198224741321307,
        1.5414542307715922,
        3.877887661260174,
        2.186713277756374,
        2.4506900357369625,
        5.194673230172975,
        5.7918101806935125,
        4.584141507975047,
        4.070099368100276,
        6.11463358891742,
        2.7488668540607843,
        -0.3756423275671255,
        2.1358383696659935,
        1.4646009092199996,
        1.763023027420886,
        4.244035594814906,
        -0.1873161490207951,
        -0.22744990745277358,
        7.514441068968437,
        5.765375030995555,
        2.4631656716642456,
        0.7710934749936228,
        1.4447583680558622,
        6.8250709831006136,
        2.6107690733203865,
        5.3131215880692935,
        4.200950359847119
      ],
      [
        1.3180659963536208,
        1.3460472682613946,
        2.6516492243554555,
        5.916735644561056,
        0.3701818577687676,
        2.3123993976859536,
        6.45676078656635,
        0.3332769043438434,
        5.344773486775428,
        4.005419571975146,
        3.921673368541693,
        3.9876657800935895,
        4.834867231213192,
        2.0478143348989386,
        4.284293624116029,
        1.6407804757549989,
        1.7322637649512087,
        7.660288508031112,
        5.763262776726446,
        3.0750469693106526,
        5.669068822604833,
        0.7451056892669803,
        5.478491921472776,
        1.4847663029765612,
        6.031282957376517,
        4.274897509106324,
        5.6292474171368365,
        0.2653782536797511,
        5.627438333444224,
        5.903124373950161,
        0.6545747869096583,
        3.3212627433962947,
        0.8344848494257988,
        0.2040253952708952,
        3.1141119275693474,
        0.14069661517747553,
        3.8320283649900735,
        5.505618412733851,
        1.5955440382116226,
        3.906123293008024,
        1.5419937832280495,
        0.7066529103237279,
        4.274267545854626,
        5.648998489663424,
        3.051552240462623,
        3.731068182681735,
        3.3932699325313216,
        5.491035492550922
      ],
      [
        5.202057557325461,
        1.0669934749988594,
        4.105534719473635,
        1.4941881457329882,
        4.8803628655556555,
        3.7522784780559983,
        4.649532681471146,
        1.714915784663858,
        1.1541480162029591,
        3.0068264073478477,
        3.9737461667048986,
        2.6123302766637546,
        0.7160823064039334,
        6.240386709804882,
        0.04331144547771948,
        2.637598860436742,
        5.315514951987649,
        4.703252380742397,
        3.1800367614306655,
        0.2774023335468651,
        6.963760886677564,
        4.9413478595250275,
        2.222215872803714,
        6.53132333772221,
        6.8236678443191,
        3.4279869800694356,
        1.4585912254310816,
        0.3962540326286911,
        3.4045536583579357,
        1.2106173658626305,
        4.598798700283543,
        2.4257550400336827,
        5.430044530143362,
        2.446840894185052,
        5.298404852439595,
        1.2358819701862744,
        6.19656280932904,
        2.506696802562658,
        2.249122896849178,
        4.38943251826987,
        0.1898275251204902,
        1.0042309490705805,
        1.792137007178826,
        5.25389231299269,
        2.660096440490374,
        4.154603531063916,
        3.677070376654704,
        3.2952085170158076,
        3.7759157421665424,
        3.429196550146673,
        5.682003361688446,
        3.063880516151984,
        2.545752395545222,
        2.675616131115402,
        4.88847264921481,
        4.190026116827298,
        5.1828463303174255,
        5.028946864434094,
        3.125602160481157,
        4.090335536021619,
        4.5972882437375935,
        1.6233922091225057,
        3.414728826419657,
        0.974685577855776,
        2.359151516576263,
        2.9807344421867,
        4.145991760901494,
        4.121095645781694,
        4.236402431617567,
        3.86056889860746,
        1.2269753737105027,
        2.4531214013430103
      ]
    ],
    "vqe2_time": [
      5.847206115722656,
      5.776354551315308,
      13.239182710647583
    ],
    "solution_vector": [
      0,
      0,
      0,
      0,
      1,
      1,
      1,
      1
    ],
    "solution_min_energy": -117.12952421607739,
    "solution_time": 0.024255752563476562,
    "matrix_size": 8,
    "qubo_matrix": [
      [
        -27.405598603146665,
        3.6473600591558046,
        7.294720118311609,
        1.8236800295779023,
        1.8236701074410109,
        3.6473402148820218,
        7.2946804297640435,
        1.8236701074410109
      ],
      [
        3.6473600591558046,
        -51.16383714713753,
        14.589440236623219,
        3.6473600591558046,
        3.6473402148820218,
        7.2946804297640435,
        14.589360859528087,
        3.6473402148820218
      ],
      [
        7.294720118311609,
        14.589440236623219,
        -87.73823405765184,
        7.294720118311609,
        7.2946804297640435,
        14.589360859528087,
        29.178721719056174,
        7.2946804297640435
      ],
      [
        1.8236800295779023,
        3.6473600591558046,
        7.294720118311609,
        -27.405598603146665,
        1.8236701074410109,
        3.6473402148820218,
        7.2946804297640435,
        1.8236701074410109
      ],
      [
        1.8236701074410109,
        3.6473402148820218,
        7.2946804297640435,
        1.8236701074410109,
        -27.407119750418527,
        3.6474083495453873,
        7.294816699090775,
        1.8237041747726936
      ],
      [
        3.6473402148820218,
        7.2946804297640435,
        14.589360859528087,
        3.6473402148820218,
        3.6474083495453873,
        -51.16683115129167,
        14.58963339818155,
        3.6474083495453873
      ],
      [
        7.2946804297640435,
        14.589360859528087,
        29.178721719056174,
        7.2946804297640435,
        7.294816699090775,
        14.58963339818155,
        -87.74402890440179,
        7.294816699090775
      ],
      [
        1.8236701074410109,
        3.6473402148820218,
        7.2946804297640435,
        1.8236701074410109,
        1.8237041747726936,
        3.6474083495453873,
        7.294816699090775,
        -27.407119750418527
      ]
    ],
    "ansatze": [
      "twolocal",
      "alternating_ry_rz",
      "random_circuit"
    ],
    "histories_energy": [
      [
        [
          -88.00057322048507,
          -84.41910039674138,
          -93.37907135861816,
          -88.43770074318576,
          -94.3753234179179,
          -93.99692473439484,
          -95.31928182454716,
          -86.46466083297842,
          -96.60741232531244,
          -96.42010221209895,
          -98.63847255038309,
          -98.2179595344731,
          -98.41905728628919,
          -97.37764313130234,
          -99.96697908623845,
          -99.61732186981742,
          -99.82735803381676,
          -97.04212972386252,
          -101.66963887902116,
          -104.28656122555148,
          -104.03726693837156,
          -103.07594006988553,
          -101.05119734774642,
          -103.86755725768529,
          -105.47003018992116,
          -105.24600113112504,
          -105.42236235003567,
          -104.05992852805785,
          -104.16176268217639,
          -104.34038427597082,
          -102.71374106314944,
          -105.12274146438678,
          -103.77657964510561,
          -105.06584010476654,
          -104.85216071834039,
          -104.06361401870234,
          -101.66929790241603,
          -105.8264938806657,
          -105.62248502750698,
          -107.87788395797045,
          -107.85547122589126,
          -108.56440160175033,
          -108.60872103662116,
          -107.31996817104451,
          -101.45649244338085,
          -107.62757249749423,
          -107.81295248998525,
          -108.06695724174331,
          -108.79859104850469,
          -108.8620649789819,
          -108.96531433895106,
          -106.74691465381474,
          -107.19652835941876,
          -109.05682794963984,
          -108.45996417544761,
          -110.45889018830678,
          -110.68855836109816,
          -110.35368989258444,
          -109.45981760836153,
          -110.80486591323077,
          -108.65677021486621,
          -109.07936454445243,
          -107.78874897166983,
          -111.0204972662584,
          -109.86622685902358,
          -109.88560619099039,
          -111.04205340324667,
          -110.68160065294994,
          -110.45015377565807,
          -110.444611228332,
          -109.27071029430822,
          -110.50814015741086,
          -110.5980724695033,
          -110.80424529038395,
          -109.37778442932787,
          -108.80891716467495,
          -111.13927089903349,
          -109.88448501844051,
          -111.19982446936125,
          -111.09739888305701
        ]
      ],
      [
        [
          -100.3874948898366,
          -102.56429120014482,
          -94.32562099295832,
          -103.41157391790858,
          -103.36036570819427,
          -101.10387342343701,
          -100.71754225415782,
          -103.95915511965913,
          -102.82329211901177,
          -104.17708015653473,
          -93.40329478233207,
          -104.72444865280382,
          -105.32495711028663,
          -105.61964606097429,
          -102.07905550827965,
          -104.09149901876907,
          -104.47793879334749,
          -104.34128757071748,
          -107.01583857359203,
          -107.65993091826273,
          -107.0662654756883,
          -106.74389005567375,
          -100.94436929251799,
          -109.14991336404316,
          -110.58601124134216,
          -109.0364478961972,
          -108.77107336702161,
          -108.08269737624352,
          -109.70986037520599,
          -108.78110676798306,
          -108.45355897954488,
          -109.01181889243479,
          -108.55904777222469,
          -108.59199279233923,
          -109.34547411870655,
          -109.90056819041229,
          -108.5409098054335,
          -108.9344335811167,
          -108.98680380010269,
          -107.53349159509008,
          -109.79063078862774,
          -109.16408951040965,
          -108.33733009753756,
          -108.7879385541599,
          -109.39736993476316,
          -108.56516357788962,
          -108.5616629872945,
          -108.26198173899724,
          -108.92880818999154,
          -105.73842636837661,
          -109.9612227899589,
          -107.78703847281719,
          -109.60512667183971,
          -108.12780050119548,
          -108.7070012085259,
          -99.68811255789265,
          -109.8792945344724,
          -108.7615743931135,
          -108.42256235330437,
          -103.35995824729164,
          -109.05071098005719,
          -107.17988966940587,
          -108.02400870917918,
          -108.38884381476628,
          -109.22570871838991,
          -108.61418527733753,
          -109.4913930268115,
          -106.72499509738512,
          -105.3896350684404,
          -110.62906278652072,
          -109.53550378575417,
          -110.59429655410239,
          -110.24561734282099,
          -110.28088535875042,
          -109.99741389249121,
          -107.43488003903887,
          -111.67636480478254,
          -109.64410152402871,
          -108.40049365815615,
          -112.0601762423799
        ]
      ],
      [
        [
          -86.30581980480648,
          -88.18502419523028,
          -90.60480884407815,
          -93.8404768851553,
          -89.7705666585992,
          -94.86302135896696,
          -96.89873244294648,
          -96.14272234880036,
          -93.9942307009944,
          -95.77569274242403,
          -93.1409555730367,
          -97.95356906593227,
          -97.64984387280171,
          -96.4754946566926,
          -94.78662032839267,
          -96.22070275806686,
          -99.82115884777039,
          -97.13349373063866,
          -103.08700483947982,
          -101.48945957309886,
          -102.54279056051895,
          -103.24781152840882,
          -98.98127814898638,
          -101.50131534742434,
          -103.30736352106626,
          -104.30026808131235,
          -103.64339551286322,
          -102.51191464574865,
          -103.70916655863945,
          -103.09784746738858,
          -102.38397969201341,
          -102.13736128420507,
          -102.11483104765216,
          -103.19782377955349,
          -102.85230802381037,
          -103.24555331689926,
          -103.49498340290333,
          -104.28009922386292,
          -102.37722764209985,
          -103.0545387396512,
          -102.96080340224961,
          -103.68394865125805,
          -102.66124964622026,
          -103.65158950858458,
          -102.8830505233108,
          -101.12577409623897,
          -103.25611393558523,
          -103.45079303400163,
          -103.59730858962637,
          -102.72878496012964,
          -102.63294054450034,
          -102.31132772371848,
          -103.54707820716013,
          -103.40483533057349,
          -103.91867659656877,
          -101.84814089298379,
          -102.21721476014764,
          -103.07483545217819,
          -104.02108989895632,
          -102.06395582820943,
          -104.11294004550342,
          -103.12361543402297,
          -104.12171952398093,
          -102.70222784866496,
          -102.17134700478229,
          -103.54431475786826,
          -102.8174209532618,
          -102.63933765314394,
          -103.15000657266725,
          -102.85335323124318,
          -103.77955602872784,
          -103.53663963963777,
          -104.22865358325282,
          -100.08970376035256,
          -101.76633037868824,
          -99.3878822244381,
          -100.47391827539084,
          -96.88595507392748,
          -100.35629216975204,
          -97.48984396196383
        ]
      ]
    ]
  },
  {
    "vqe2_energy": [
      -128.0808087446557,
      -117.53567397174218,
      -128.08062673510108
    ],
    "vqe2_vector": [
      [
        1,
        0,
        1,
        1,
        1,
        1,
        0,
        1
      ],
      [
        1,
        1,
        1,
        1,
        0,
        1,
        0,
        1
      ],
      [
        1,
        0,
        1,
        0,
        1,
        0,
        1,
        0
      ]
    ],
    "vqe2_min_error": [
      6.1218493722781435,
      13.851014735176514,
      6.1219827780596425
    ],
    "vqe2_params": [
      [
        5.32708123518592,
        4.092506123543747,
        4.063271147331531,
        5.941527891762738,
        5.948210929871661,
        4.524922138128676,
        4.911193210640125,
        3.2340492927167386,
        1.6789582159243683,
        6.928064298373688,
        0.5425321858991957,
        2.669462851511864,
        1.5065722032251476,
        1.568625298212482,
        7.106518306863797,
        3.126576188360352,
        3.8677905707685025,
        3.7969064610602805,
        2.1697393641333327,
        4.632435440112149,
        2.491326592126774,
        0.6328018390835514,
        1.864426956553012,
        4.904587713952662,
        6.059246191873945,
        2.3591379989112338,
        2.5947396606731097,
        2.0836072059014747,
        4.422971140302476,
        5.909802172598572,
        1.8004739054419179,
        4.295907934524803
      ],
      [
        1.0095008456855794,
        1.3210509041327294,
        5.138633308694028,
        3.726730548661046,
        0.17663036613194968,
        4.062148572814184,
        2.881540718184004,
        3.143388983924341,
        6.075954764546942,
        0.9741418168090414,
        2.5837310016525077,
        2.1580025228404525,
        2.701941426889495,
        3.488941509790706,
        4.141846496484645,
        5.307103447398368,
        4.530276910109242,
        1.9487326800490656,
        5.389527184123781,
        3.5625142213469236,
        1.6094603274741852,
        3.83360501959526,
        0.8838068436729686,
        1.255954098573087,
        5.158261358396667,
        4.168452875440284,
        1.7889548318515693,
        0.39008464243661156,
        4.943789237478839,
        5.936967956073257,
        1.3679599347654732,
        5.891960198948924,
        4.965824594300202,
        6.245066603947278,
        3.350484519495521,
        0.42637631154659594,
        4.29251242358665,
        6.062127593020499,
        4.411508183607472,
        2.3394226095556876,
        5.88065922736658,
        6.082867179293047,
        0.7417563628160386,
        4.954189425686722,
        4.594780387487008,
        5.457970690085466,
        3.243282505108837,
        5.41895969074315
      ],
      [
        1.4111845551266302,
        3.817988933123633,
        3.5300196830290225,
        1.358896774597877,
        5.682275494286366,
        3.041548481870567,
        0.8392675207184174,
        0.10140582094103318,
        5.61264665868233,
        -0.2022216081198078,
        1.1357341639330167,
        1.747647151508871,
        1.758671106304004,
        1.3932969826800001,
        3.1813378746772716,
        1.7902182925254202,
        6.20535332737175,
        4.540094129729084,
        3.0010313796231323,
        2.3012866337128606,
        4.53731498341389,
        4.048467376150056,
        1.55501755628117,
        1.4067121864787027,
        1.5000612754334846,
        0.8658876737526477,
        2.60977414314064,
        6.047082206064792,
        5.518940924062403,
        5.720440211050803,
        0.8106731217827904,
        4.7993922154175745,
        -0.0075844981192550315,
        1.7375682052815944,
        1.6000845373146029,
        1.4640428752917585,
        4.299317983412357,
        2.2451856159058,
        2.714158648738845,
        5.47680810091212,
        0.7093415572327734,
        2.476829407574953,
        4.686461059159357,
        5.924861401670813,
        2.266788616354953,
        2.7402356967946884,
        4.455655809369615,
        3.5368927710096596,
        4.725071329904977,
        1.7593382468302248,
        5.164846902830302,
        5.785581366359476,
        3.8362116393962817,
        -0.0476108240778298,
        5.982877318518872,
        2.7683348933108958,
        2.3320337621845613,
        2.2251526720634667,
        2.819826696442902,
        3.2794391430085708,
        4.740219638725709,
        1.4507447382692351,
        5.119280454859648,
        3.6966183542018536,
        2.1483907592987763,
        2.648019864679004,
        2.608681015388946,
        0.8066034733819107,
        0.020769742378950823,
        4.472720110067521,
        3.349781639393224,
        5.998753248144699
      ]
    ],
    "vqe2_time": [
      8.622283935546875,
      4.610964298248291,
      9.91288447380066
    ],
    "solution_vector": [
      1,
      1,
      0,
      1,
      0,
      0,
      1,
      0
    ],
    "solution_min_energy": -136.43303355278704,
    "solution_time": 0.021883010864257812,
    "matrix_size": 8,
    "qubo_matrix": [
      [
        -31.91535536492524,
        4.246064370127765,
        8.49212874025553,
        2.1230321850638827,
        2.1230222629269915,
        4.246044525853983,
        8.492089051707966,
        2.1230222629269915
      ],
      [
        4.246064370127765,
        -59.58464635972272,
        16.98425748051106,
        4.246064370127765,
        4.246044525853983,
        8.492089051707966,
        16.984178103415932,
        4.246044525853983
      ],
      [
        8.49212874025553,
        16.98425748051106,
        -102.18503523893438,
        8.49212874025553,
        8.492089051707966,
        16.984178103415932,
        33.968356206831864,
        8.492089051707966
      ],
      [
        2.1230321850638827,
        4.246064370127765,
        8.49212874025553,
        -31.91535536492524,
        2.1230222629269915,
        4.246044525853983,
        8.492089051707966,
        2.1230222629269915
      ],
      [
        2.1230222629269915,
        4.246044525853983,
        8.492089051707966,
        2.1230222629269915,
        -31.915346672655115,
        4.2461126605173485,
        8.492225321034697,
        2.1230563302586742
      ],
      [
        4.246044525853983,
        8.492089051707966,
        16.984178103415932,
        4.246044525853983,
        4.2461126605173485,
        -59.58458068479288,
        16.984450642069394,
        4.2461126605173485
      ],
      [
        8.492089051707966,
        16.984178103415932,
        33.968356206831864,
        8.492089051707966,
        8.492225321034697,
        16.984450642069394,
        -102.18471072751638,
        8.492225321034697
      ],
      [
        2.1230222629269915,
        4.246044525853983,
        8.492089051707966,
        2.1230222629269915,
        2.1230563302586742,
        4.2461126605173485,
        8.492225321034697,
        -31.915346672655115
      ]
    ],
    "ansatze": [
      "twolocal",
      "alternating_ry_rz",
      "random_circuit"
    ],
    "histories_energy": [
      [
        [
          -101.89748404630379,
          -100.6599212515143,
          -111.63158963689492,
          -113.65768582703652,
          -108.23620801427836,
          -112.17152183165855,
          -110.31908205129449,
          -115.03402430138965,
          -119.91979377939228,
          -119.10110816550758,
          -120.40965034386176,
          -117.68098507188813,
          -119.33025906305372,
          -119.38973521858331,
          -119.64141589153444,
          -120.61294923529843,
          -121.4903544122439,
          -122.55495764433711,
          -119.12647926234108,
          -118.76291765317242,
          -119.99745776253295,
          -123.53856258797374,
          -120.37039820907968,
          -115.16942497219208,
          -124.182997157405,
          -123.16315091852476,
          -123.17118949256283,
          -122.14692361391653,
          -123.0678791080039,
          -122.95504387521223,
          -123.72408749139743,
          -123.72118181853804,
          -123.23604634975777,
          -123.66748211279136,
          -123.29526097955352,
          -126.90554335704311,
          -125.9293821248549,
          -126.06486694335983,
          -122.97103550912603,
          -125.0852004456969,
          -125.88545622745639,
          -125.46950993738912,
          -125.62901226668943,
          -124.48243986884003,
          -126.18594169087112,
          -127.0182710670841,
          -126.9946481923433,
          -125.18245133121891,
          -125.23324455319975,
          -127.68025286726254,
          -124.8490015613121,
          -126.02146915550578,
          -123.24240751436115,
          -126.22571247316603,
          -127.15161588332305,
          -126.60864759883219,
          -127.66705300194529,
          -127.57127663995834,
          -126.19699976086335,
          -126.23416399349684,
          -127.34470146151487,
          -126.90418564224078,
          -126.90511369297272,
          -127.3183806575473,
          -127.51174738949106,
          -127.8283288669148,
          -127.12680891696513,
          -126.90880328333729,
          -127.02759680312008,
          -127.26673063646055,
          -127.17606847335065,
          -127.34348764225328,
          -127.2777352532173,
          -126.8020349351259,
          -127.55182835345855,
          -124.94805661491617,
          -127.1177813161436,
          -127.59482500220076,
          -127.56105002550439,
          -127.20825768505065
        ]
      ],
      [
        [
          -117.04410800281052,
          -116.36136214878309,
          -122.7558218057834,
          -123.76628815134067,
          -122.27045483185559,
          -123.57193756597344,
          -115.38390691633155,
          -123.42795845074103,
          -122.92093006976151,
          -124.10019905819203,
          -122.34028807521928,
          -119.11657185428481,
          -123.74147637152674,
          -123.4151214119049,
          -123.41989681205264,
          -124.20929571252996,
          -125.01938863635924,
          -123.68455895226249,
          -117.08174741319093,
          -122.945644848564,
          -124.80012402918469,
          -124.42792206296866,
          -122.43045225225895,
          -124.1780230904595,
          -124.67932284427641,
          -124.51832635267279,
          -124.88579530060389,
          -125.58491604122221,
          -124.1663293358737,
          -123.57371510651598,
          -124.55410737800969,
          -124.5319049618993,
          -124.2236347169368,
          -125.0718017557444,
          -123.60932428378862,
          -124.94432912803686,
          -123.88467379887727,
          -124.03986587428705,
          -124.32986395909289,
          -124.47534604183552,
          -124.95490477518774,
          -125.1062982716621,
          -123.33393846445549,
          -124.91114572105533,
          -124.03916602927549,
          -124.34085775331023,
          -124.05851667793647,
          -123.98882750397851,
          -124.28440199154323,
          -116.16950071054406,
          -124.45290138717824,
          -120.96742722451131,
          -123.31269078437468,
          -113.34074643420196,
          -124.80044607697658,
          -124.13034778478821,
          -124.89309300600051,
          -123.05909162794822,
          -124.55486498456466,
          -122.9222720228135,
          -123.20995776533752,
          -124.17994913790926,
          -122.65982119090339,
          -124.54445909111718,
          -124.03895942550817,
          -124.12499221747075,
          -123.56555629451415,
          -124.17982230963068,
          -124.34215807171137,
          -124.14618887476131,
          -123.7796965528678,
          -124.33530945548455,
          -123.96605685982591,
          -124.832913421007,
          -125.17729144615095,
          -124.03404468174483,
          -123.50843588111611,
          -122.91495087688241,
          -124.9157242462338,
          -124.86210299936452
        ]
      ],
      [
        [
          -110.61318644654789,
          -108.27924698966532,
          -114.42885840105512,
          -113.71665047906077,
          -117.42665332813867,
          -115.47757650585717,
          -115.0922297612093,
          -116.12432058138012,
          -117.15116023074097,
          -113.65765191178909,
          -112.44420141374655,
          -116.61481620264477,
          -116.23108603340768,
          -116.37035459893055,
          -114.85446172138073,
          -116.36588352123954,
          -116.80518842082736,
          -117.04250517692239,
          -113.9531191288398,
          -116.57682719524963,
          -115.88168255315843,
          -114.35562100045026,
          -116.31166963566463,
          -117.34211311920883,
          -115.3956900776856,
          -116.18549529254364,
          -115.86907238922797,
          -115.74029888465768,
          -115.53512679418708,
          -116.1636610782953,
          -115.17177332535297,
          -116.1063830846631,
          -116.1786346692162,
          -116.0325193975423,
          -115.62443088984091,
          -115.10861511181075,
          -115.11252198997568,
          -116.1113232853928,
          -115.28654535584943,
          -115.81580068685582,
          -116.46764623929002,
          -115.41586881345017,
          -115.76053534198438,
          -115.02723461888304,
          -115.42561881591232,
          -115.75008446738111,
          -116.9272297119845,
          -115.78500728277123,
          -114.58789292286095,
          -116.62694434355248,
          -114.17151627100219,
          -117.34128675543978,
          -115.56831541316177,
          -113.62825087425303,
          -116.29039696403558,
          -115.36058157746216,
          -115.51087414599999,
          -117.07258991117524,
          -116.65855649004381,
          -115.18072329850578,
          -115.3629729047737,
          -115.1254549326449,
          -116.40362358787723,
          -115.93571514068759,
          -115.74236017213235,
          -116.57168084256475,
          -115.64169576085531,
          -115.61483072146903,
          -117.12116949051128,
          -115.58738217474138,
          -115.28587105169036,
          -118.44456424078658,
          -115.1737395869696,
          -119.92940543295072,
          -118.3296145829802,
          -112.4504595608889,
          -119.23039901161378,
          -115.2864671064415,
          -117.5453055951397,
          -116.42680215620159
        ]
      ]
    ]
  },
  {
    "vqe2_energy": [
      -137.76342340356433,
      -129.33105447877614,
      -137.76481952394124
    ],
    "vqe2_vector": [
      [
        1,
        0,
        1,
        0,
        0,
        1,
        0,
        1
      ],
      [
        1,
        0,
        1,
        1,
        0,
        0,
        1,
        0
      ],
      [
        0,
        0,
        1,
        0,
        1,
        1,
        0,
        1
      ]
    ],
    "vqe2_min_error": [
      0.004428274357282103,
      6.125062698239658,
      0.0034149004744521427
    ],
    "vqe2_params": [
      [
        2.887687872091077,
        4.835226542139128,
        6.710928490481131,
        5.497882021530286,
        6.351396196301537,
        5.039656362988777,
        3.199965515036872,
        4.109017307297808,
        5.582751109575076,
        6.243352904846583,
        3.4664561516401893,
        0.7018176510473438,
        1.691401107105315,
        2.92721263365437,
        2.0223651533101275,
        6.720895414746784,
        5.369666662902218,
        4.8581746249397915,
        3.567181114368211,
        5.4863191025961315,
        -0.08931099549436482,
        4.662391499158305,
        3.0118592020227815,
        6.428611490474854,
        6.19067989063373,
        3.545842225715787,
        4.543669502367529,
        4.007374439886232,
        5.349172318359995,
        0.5575873842353657,
        2.761642639409666,
        0.2950903909900216
      ],
      [
        5.824877256828178,
        5.930953738910115,
        1.9135661169105593,
        0.5835156286792614,
        2.2949112158203917,
        2.8622270078785026,
        1.3841456677395927,
        1.3909988745583217,
        4.360140173363872,
        0.7595665981058912,
        2.762983262356237,
        3.185314477627732,
        6.009635740653142,
        3.3949931354940968,
        1.720031903454229,
        3.5471496882758142,
        4.398583012531415,
        2.7701305198905697,
        5.296266759141403,
        2.8462772296462475,
        1.6634516810519722,
        3.33822351614706,
        4.4809342351726436,
        4.214332961718918,
        1.7882110478905715,
        4.595058974027286,
        0.08140722178984296,
        5.715448380747242,
        4.054061130941777,
        5.4105281535905005,
        0.5089520892879622,
        5.883211509653437,
        0.18362741367738158,
        3.477284538560032,
        2.992056221430195,
        4.720695344319973,
        2.956034895553304,
        0.8568081051294031,
        1.2755245419746206,
        1.7023605266217787,
        0.046947804548339474,
        1.0191280513561263,
        2.0823215472747263,
        0.9778606180719589,
        1.1788358065685485,
        1.5472260361221397,
        1.108519985087966,
        4.978361831780879
      ],
      [
        2.0115814230436837,
        4.059086214758795,
        6.445541507441315,
        4.737508363607946,
        6.13436396515285,
        4.093005702516433,
        4.979096853802818,
        3.8533491602224914,
        0.9973650905874172,
        0.6447071569392803,
        5.244421869925723,
        4.554533317927067,
        3.8812073179702717,
        5.027428356386238,
        1.220332684613168,
        4.045395420988035,
        3.570710400295184,
        2.0262304961665554,
        5.055093133190832,
        1.630377244874935,
        3.8976232690821973,
        0.5552677885987396,
        4.405946345406601,
        3.029554858981446,
        6.502787703667059,
        0.07503153023536915,
        2.4529619472349142,
        3.495877009785861,
        4.629222194720754,
        5.209435211621144,
        4.113203391581251,
        2.3628389033321304,
        4.726882322919717,
        0.24255468530121707,
        2.8321770237520694,
        5.416448625848534,
        1.5444112338253706,
        1.5394697856601938,
        3.710364487052838,
        3.2329728910201077,
        3.0863327737726256,
        2.5572479973554474,
        1.1142264122206076,
        0.7760158097312329,
        3.494108083523865,
        6.074752361090471,
        3.993387316882293,
        3.5542896941191624,
        0.3722203812932596,
        2.607005164679645,
        6.084517088578913,
        5.9411421122549335,
        3.4878595891955744,
        0.7156415844237064,
        3.724968621189686,
        1.8295501955182008,
        2.5239633825387435,
        1.9727420913318336,
        3.949450542825254,
        4.693268438718589,
        4.39388356693839,
        4.281116749298987,
        2.350883422826352,
        2.6940623151920287,
        1.197681064752805,
        0.6531205757735813,
        5.365425334027832,
        0.2538119988547945,
        4.334279618720009,
        1.7133024192805217,
        4.365583173851234,
        5.433716571579551
      ]
    ],
    "vqe2_time": [
      5.358083248138428,
      5.912915945053101,
      7.538424730300903
    ],
    "solution_vector": [
      0,
      0,
      0,
      0,
      1,
      1,
      1,
      1
    ],
    "solution_min_energy": -137.76952421607734,
    "solution_time": 0.021798133850097656,
    "matrix_size": 8,
    "qubo_matrix": [
      [
        -32.225598603146665,
        4.287360059155805,
        8.57472011831161,
        2.1436800295779026,
        2.143670107441011,
        4.287340214882022,
        8.574680429764044,
        2.143670107441011
      ],
      [
        4.287360059155805,
        -60.16383714713752,
        17.14944023662322,
        4.287360059155805,
        4.287340214882022,
        8.574680429764044,
        17.149360859528088,
        4.287340214882022
      ],
      [
        8.57472011831161,
        17.14944023662322,
        -103.17823405765182,
        8.57472011831161,
        8.574680429764044,
        17.149360859528088,
        34.298721719056175,
        8.574680429764044
      ],
      [
        2.1436800295779026,
        4.287360059155805,
        8.57472011831161,
        -32.225598603146665,
        2.143670107441011,
        4.287340214882022,
        8.574680429764044,
        2.143670107441011
      ],
      [
        2.143670107441011,
        4.287340214882022,
        8.574680429764044,
        2.143670107441011,
        -32.227119750418524,
        4.287408349545387,
        8.574816699090775,
        2.1437041747726937
      ],
      [
        4.287340214882022,
        8.574680429764044,
        17.149360859528088,
        4.287340214882022,
        4.287408349545387,
        -60.16683115129166,
        17.14963339818155,
        4.287408349545387
      ],
      [
        8.574680429764044,
        17.149360859528088,
        34.298721719056175,
        8.574680429764044,
        8.574816699090775,
        17.14963339818155,
        -103.18402890440177,
        8.574816699090775
      ],
      [
        2.143670107441011,
        4.287340214882022,
        8.574680429764044,
        2.143670107441011,
        2.1437041747726937,
        4.287408349545387,
        8.574816699090775,
        -32.227119750418524
      ]
    ],
    "ansatze": [
      "twolocal",
      "alternating_ry_rz",
      "random_circuit"
    ],
    "histories_energy": [
      [
        [
          -121.38982866777744,
          -125.6704978871725,
          -126.28582917230716,
          -126.70944227221726,
          -125.0461824500411,
          -126.00692338797359,
          -114.3941511638957,
          -127.47927561097364,
          -127.46470093375054,
          -126.63893268949347,
          -129.35358923479345,
          -130.1017446713628,
          -128.00577709432898,
          -129.36740002398616,
          -122.75020464952071,
          -128.85604595997887,
          -129.346802598785,
          -130.9158332100878,
          -126.32830528545831,
          -131.36747187205205,
          -130.2187795705839,
          -130.26269803017058,
          -115.96710202668903,
          -130.7377097102852,
          -132.45201510902476,
          -132.29793147282638,
          -132.5436125275894,
          -132.3837117944243,
          -131.6512255861728,
          -132.6875472111759,
          -131.88550490905575,
          -132.36214633724418,
          -132.11639567702179,
          -128.21716901429576,
          -131.26517598601478,
          -126.82532151127138,
          -130.2144801482104,
          -129.30926750143254,
          -131.81818207208838,
          -132.6695856902298,
          -128.77932264059467,
          -133.38619596024716,
          -131.6513382228419,
          -132.5999113024326,
          -133.41017661473182,
          -128.7625266421863,
          -133.03564772558565,
          -133.99210322881734,
          -133.9636848695307,
          -133.82141134535712,
          -134.16781254579132,
          -125.94070369820072,
          -133.94860841696197,
          -128.78250659227047,
          -134.1729643443794,
          -128.6637070072469,
          -134.3608012244647,
          -127.65352301219465,
          -133.97072494139624,
          -131.41674066014627,
          -133.87551572237,
          -133.36347054232846,
          -134.77783991425358,
          -134.34020845198415,
          -134.272895815073,
          -134.3181898095608,
          -133.70917592904,
          -130.17187993549842,
          -134.50136566978892,
          -131.48162573742476,
          -133.65736873552245,
          -133.9994064668246,
          -134.30727890786827,
          -132.45521451749056,
          -132.6988834575219,
          -133.50519668572016,
          -134.04864021419354,
          -133.6819919474345,
          -134.10426360857747,
          -134.89436021097384
        ]
      ],
      [
        [
          -119.39513148072952,
          -114.35282730887474,
          -118.43037645616229,
          -116.40630015825064,
          -116.62123377070988,
          -119.40893850020831,
          -109.34907005654297,
          -121.56267051084849,
          -120.72938841466055,
          -119.23324771783311,
          -116.47288183433636,
          -118.7006875028529,
          -119.1963204172367,
          -121.5938245804105,
          -121.14248774831144,
          -122.67467859799311,
          -123.22798763313494,
          -121.50537821861114,
          -118.71941124344663,
          -124.14548102140806,
          -124.32335607756303,
          -124.2865040055457,
          -124.44341876844028,
          -118.68462756895524,
          -124.59434750832695,
          -124.22046454799991,
          -124.10376269686584,
          -123.86763819601123,
          -123.89596117441388,
          -123.63873098965412,
          -124.05094188548719,
          -124.26394304692765,
          -123.8554883292079,
