[
  {
    "vqe2_energy": [
      -147649.0953920977,
      -147693.98542429312,
      -146828.77214672655
    ],
    "vqe2_vector": [
      [
        1,
        0,
        0,
        1,
        0,
        1,
        0,
        0,
        1,
        0,
        0,
        1,
        1,
        0,
        1,
        1
      ],
      [
        1,
        0,
        1,
        1,
        1,
        1,
        0,
        1,
        1,
        1,
        1,
        1,
        1,
        1,
        0,
        1
      ],
      [
        0,
        0,
        0,
        1,
        0,
        0,
        1,
        0,
        0,
        1,
        0,
        0,
        0,
        0,
        1,
        0
      ]
    ],
    "vqe2_min_error": [
      0.05484124190767714,
      0.024454727296707723,
      0.6101263032475157
    ],
    "vqe2_params": [
      [
        2.6457297584599044,
        2.9960272832601142,
        4.284980916527292,
        6.130207887797324,
        4.231717117542546,
        3.304326479069229,
        2.2577686709274833,
        1.1244273649954242,
        5.142585081517107,
        3.224689935329677,
        4.442528626091692,
        6.17387108952337,
        2.5508632357253402,
        4.3570985981380055,
        4.326315456664192,
        4.7785486820826435,
        2.1331654488795158,
        5.026991375337487,
        2.6390055432862125,
        2.8483079755263074,
        1.355740995346912,
        2.5586374646864383,
        2.763714962041996,
        0.654009228058585,
        0.3535694429209935,
        1.1689238386956164,
        3.505727576555537,
        3.767495184407608,
        1.374658841190166,
        4.9434615732615095,
        3.4512370698304786,
        3.0943952045032916,
        5.4149097610505725,
        6.44003769168528,
        2.3990980680661624,
        1.791230854327987,
        1.238754372392422,
        3.159791042978481,
        3.222142136894959,
        2.708609061393818,
        3.681501165643559,
        3.351431327939908,
        5.002150365422336,
        6.561116285657711,
        -0.2703085043214475,
        2.7217828545913445,
        1.4913202866846134,
        4.8889223296994775,
        5.582825546701674,
        1.331868104593438,
        2.9057584504307132,
        2.2541220503593453,
        4.005712933378475,
        2.4254451592626767,
        2.437743706687252,
        2.6687407049923935,
        5.35504453594375,
        2.902709388092391,
        3.8072241951769272,
        1.6284837459563475,
        0.6572812264014141,
        4.043077133702455,
        1.0597962383098525,
        3.207751391149882
      ],
      [
        1.2292859533331992,
        2.540117571190592,
        3.510874155549837,
        4.844090956103269,
        6.141579134803183,
        4.04807228510564,
        0.2885191222301783,
        5.165616115730455,
        2.0398799767502496,
        6.271273017152604,
        1.0771944266195494,
        0.7527028043671143,
        4.222408384282832,
        0.43334403535293353,
        3.7417582264581126,
        6.015486075148513,
        1.7458437431703175,
        1.9431841234017129,
        2.7341404190808323,
        2.1294324118933163,
        2.6069237407767076,
        0.40638564250937,
        1.653456778639497,
        2.3568893172332595,
        3.468278833001777,
        7.335788236702426,
        6.8971386826917795,
        3.2369127433692912,
        1.8169069535426552,
        3.5327839288102827,
        1.1623393921702199,
        1.9793070213026376,
        3.090307191671693,
        1.1263912650763936,
        2.345135255933627,
        4.71279759277864,
        6.762993962739945,
        0.28839173850437505,
        4.022407614379513,
        1.4862319492015428,
        0.8249236029709518,
        5.618081620757699,
        6.437617045908373,
        0.756380703558102,
        5.352697507751062,
        0.6146677538864441,
        3.8389100213346468,
        0.5254026095606315,
        5.421064016045917,
        2.7582512303388467,
        2.0364838537736922,
        3.484553544018999,
        3.374170811413372,
        3.5550488807166487,
        0.41213936721648575,
        2.400271796540301,
        5.752352023119805,
        2.759141751925391,
        2.492000609875564,
        -0.40552324691549824,
        4.618618377239444,
        1.628631860109606,
        2.623035066818953,
        1.6576442845054735,
        2.625075035210908,
        -0.04687447896777024,
        4.670255380045578,
        1.0715384247688564,
        3.8027656967376258,
        3.2982580298971453,
        2.9248784871191282,
        6.042337591342871,
        0.7754344329645894,
        5.22530472931241,
        2.944016761590152,
        0.3497733396921527,
        3.3813398012758196,
        1.9593711988057765,
        5.839196841950602,
        1.8575995658008744,
        3.8291817663529075,
        5.432115982423114,
        2.100106939552958,
        3.042009787238792,
        1.718979550600585,
        5.8640681884794255,
        0.5406420575134456,
        4.332860264908699,
        3.9246622401568234,
        4.6677766132377325,
        0.33166113138349385,
        1.2451589331491975,
        5.663101794528256,
        5.026776281049242,
        1.843944340928378,
        0.8774958439566699
      ],
      [
        5.042057861954463,
        4.227623682211142,
        3.1164773602783837,
        4.515885916673254,
        5.506757607108787,
        1.5482390615544062,
        1.7607340395595381,
        3.600442472321228,
        1.8179360326526572,
        1.0711623610996606,
        3.125971669541884,
        1.8879093961973363,
        0.1335266992247379,
        3.783271019720134,
        6.340794570925382,
        2.079997191208961,
        4.080344227319457,
        1.3151298665325872,
        3.5123824397077916,
        3.7730370259757215,
        3.5771355881946216,
        3.731352764733779,
        3.8492548309286954,
        2.7407749159468473,
        5.915243022139357,
        2.7796816143060408,
        5.664053436096757,
        5.110246031900194,
        2.700814691078675,
        2.6034188588301204,
        4.570847503668208,
        4.145432999017379,
        6.427640926019057,
        1.55959280350376,
        6.577436179114828,
        3.8791738668354845,
        5.529460783068656,
        4.640007153049834,
        5.01901978725753,
        2.6948417606602395,
        5.552102943355656,
        2.2049922398377815,
        1.7002451664897555,
        5.680140658840203,
        1.12883381955455,
        2.869340249364192,
        4.371288552094862,
        1.0206510250194574,
        0.5409911515738014,
        0.8766832922684594,
        0.9999489592815459,
        2.8993747942278265,
        2.906076873781914,
        4.728208027180863,
        5.324458195722104,
        2.4544100089741048,
        3.843887090660778,
        2.2199453882482145,
        4.527585658683859,
        0.12817112465160332,
        3.6125423725003696,
        1.1818381851671576,
        6.031743968160817,
        4.825780095171382,
        3.5994205239361015,
        4.448856087755107,
        0.403155074324028,
        3.738499723410722,
        1.2124764033556303,
        4.705758618157614,
        0.8307485915468825,
        3.9648199433563853,
        1.1199061127274403,
        1.0940302416268142,
        4.460826543320321,
        3.7432781532280734,
        4.6713400426897165,
        0.17294333618592975,
        0.45631295189320287,
        6.239224588331839,
        3.833601576524553,
        2.840339745730227,
        6.00604651116298,
        3.6289800226701514,
        1.936805456562584,
        3.337632699641126,
        1.942811176481052,
        4.853480505267452,
        4.848380325323476,
        3.1731026069575665,
        2.5187110581613763,
        3.842794163445307,
        2.822503706345591,
        3.1510054101649527,
        4.780951251843238,
        1.4508569352603038,
        0.1600843914516715,
        3.214615009176626,
        5.684395379357326,
        5.614291588425315,
        4.967031421331135,
        0.1050294822026207,
        5.261605151647965,
        1.8990681427454597,
        5.7537120889885145,
        1.5837658140656665,
        5.278181010008132,
        2.447716390240806,
        2.980382264511004,
        2.9220972168169204,
        3.225018782552831,
        4.221817212856797,
        0.28703697041896203,
        4.2957011125158795,
        4.251522867572011,
        3.596542729954667,
        1.3455863042057834,
        1.9575238880635208,
        3.5478003697469522,
        1.466509745807727,
        5.809171768228344,
        4.880530213643416,
        3.1322519748077253,
        1.6035727681051617,
        0.8665404393545559,
        5.1142621645306505,
        3.150456048500503,
        4.249387852433204,
        0.34575010873352746,
        4.483685557150554,
        0.3736959141058045,
        0.36017610063062927,
        3.457912567018629,
        2.628824771614413,
        5.424969632618321,
        4.737743941179726,
        3.6781457212083195,
        3.605462621241669,
        5.030683101626933,
        5.512999217749884,
        1.2319461371709293,
        6.256228305906845,
        4.209351624844135,
        4.849986970744693
      ]
    ],
    "vqe2_time": [
      267.4352777004242,
      291.4181180000305,
      357.961541891098
    ],
    "solution_vector": [
      1,
      1,
      1,
      1,
      1,
      1,
      0,
      1,
      1,
      1,
      1,
      1,
      1,
      1,
      0,
      1
    ],
    "solution_min_energy": -147730.11242042066,
    "solution_time": 0.02462625503540039,
    "matrix_size": 16,
    "qubo_matrix": [
      [
        -2299.234455259626,
        18.032972020982832,
        36.065944041965665,
        72.13188808393133,
        144.26377616786266,
        288.5275523357253,
        577.0551046714506,
        9.016486010491416,
        9.016485983472093,
        18.032971966944185,
        36.06594393388837,
        72.13188786777674,
        144.26377573555348,
        288.52755147110696,
        577.0551029422139,
        9.016485983472093
      ],
      [
        18.032972020982832,
        -4580.435938498269,
        72.13188808393133,
        144.26377616786266,
        288.5275523357253,
        577.0551046714506,
        1154.1102093429013,
        18.032972020982832,
        18.032971966944185,
        36.06594393388837,
        72.13188786777674,
        144.26377573555348,
        288.52755147110696,
        577.0551029422139,
        1154.1102058844278,
        18.032971966944185
      ],
      [
        36.065944041965665,
        72.13188808393133,
        -9088.739988912606,
        288.5275523357253,
        577.0551046714506,
        1154.1102093429013,
        2308.2204186858025,
        36.065944041965665,
        36.06594393388837,
        72.13188786777674,
        144.26377573555348,
        288.52755147110696,
        577.0551029422139,
        1154.1102058844278,
        2308.2204117688557,
        36.06594393388837
      ],
      [
        72.13188808393133,
        144.26377616786266,
        288.5275523357253,
        -17888.95242548949,
        1154.1102093429013,
        2308.2204186858025,
        4616.440837371605,
        72.13188808393133,
        72.13188786777674,
        144.26377573555348,
        288.52755147110696,
        577.0551029422139,
        1154.1102058844278,
        2308.2204117688557,
        4616.440823537711,
        72.13188786777674
      ],
      [
        144.26377616786266,
        288.5275523357253,
        577.0551046714506,
        1154.1102093429013,
        -34623.79464163608,
        4616.440837371605,
        9232.88167474321,
        144.26377616786266,
        144.26377573555348,
        288.52755147110696,
        577.0551029422139,
        1154.1102058844278,
        2308.2204117688557,
        4616.440823537711,
        9232.881647075423,
        144.26377573555348
      ],
      [
        288.5275523357253,
        577.0551046714506,
        1154.1102093429013,
        2308.2204186858025,
        4616.440837371605,
        -64631.148445900544,
        18465.76334948642,
        288.5275523357253,
        288.52755147110696,
        577.0551029422139,
        1154.1102058844278,
        2308.2204117688557,
        4616.440823537711,
        9232.881647075423,
        18465.763294150845,
        288.52755147110696
      ],
      [
        577.0551046714506,
        1154.1102093429013,
        2308.2204186858025,
        4616.440837371605,
        9232.88167474321,
        18465.76334948642,
        -110796.53354231468,
        577.0551046714506,
        577.0551029422139,
        1154.1102058844278,
        2308.2204117688557,
        4616.440823537711,
        9232.881647075423,
        18465.763294150845,
        36931.52658830169,
        577.0551029422139
      ],
      [
        9.016486010491416,
        18.032972020982832,
        36.065944041965665,
        72.13188808393133,
        144.26377616786266,
        288.5275523357253,
        577.0551046714506,
        -2299.234455259626,
        9.016485983472093,
        18.032971966944185,
        36.06594393388837,
        72.13188786777674,
        144.26377573555348,
        288.52755147110696,
        577.0551029422139,
        9.016485983472093
      ],
      [
        9.016485983472093,
        18.032971966944185,
        36.06594393388837,
        72.13188786777674,
        144.26377573555348,
        288.52755147110696,
        577.0551029422139,
        9.016485983472093,
        -2299.2360004577754,
        18.032972209617167,
        36.065944419234334,
        72.13188883846867,
        144.26377767693734,
        288.5275553538747,
        577.0551107077493,
        9.016486104808584
      ],
      [
        18.032971966944185,
        36.06594393388837,
        72.13188786777674,
        144.26377573555348,
        288.52755147110696,
        577.0551029422139,
        1154.1102058844278,
        18.032971966944185,
        18.032972209617167,
        -4580.439028705934,
        72.13188883846867,
        144.26377767693734,
        288.5275553538747,
        577.0551107077493,
        1154.1102214154987,
        18.032972209617167
      ],
      [
        36.06594393388837,
        72.13188786777674,
        144.26377573555348,
        288.52755147110696,
        577.0551029422139,
        1154.1102058844278,
        2308.2204117688557,
        36.06594393388837,
        36.065944419234334,
        72.13188883846867,
        -9088.7461685734,
        288.5275553538747,
        577.0551107077493,
        1154.1102214154987,
        2308.2204428309974,
        36.065944419234334
      ],
      [
        72.13188786777674,
        144.26377573555348,
        288.52755147110696,
        577.0551029422139,
        1154.1102058844278,
        2308.2204117688557,
        4616.440823537711,
        72.13188786777674,
        72.13188883846867,
        144.26377767693734,
        288.5275553538747,
        -17888.964781792925,
        1154.1102214154987,
        2308.2204428309974,
        4616.440885661995,
        72.13188883846867
      ],
      [
        144.26377573555348,
        288.52755147110696,
        577.0551029422139,
        1154.1102058844278,
        2308.2204117688557,
        4616.440823537711,
        9232.881647075423,
        144.26377573555348,
        144.26377767693734,
        288.5275553538747,
        577.0551107077493,
        1154.1102214154987,
        -34623.81934217035,
        4616.440885661995,
        9232.88177132399,
        144.26377767693734
      ],
      [
        288.52755147110696,
        577.0551029422139,
        1154.1102058844278,
        2308.2204117688557,
        4616.440823537711,
        9232.881647075423,
        18465.763294150845,
        288.52755147110696,
        288.5275553538747,
        577.0551107077493,
        1154.1102214154987,
        2308.2204428309974,
        4616.440885661995,
        -64631.1977986787,
        18465.76354264798,
        288.5275553538747
      ],
      [
        577.0551029422139,
        1154.1102058844278,
        2308.2204117688557,
        4616.440823537711,
        9232.881647075423,
        18465.763294150845,
        36931.52658830169,
        577.0551029422139,
        577.0551107077493,
        1154.1102214154987,
        2308.2204428309974,
        4616.440885661995,
        9232.88177132399,
        18465.76354264798,
        -110796.63205470942,
        577.0551107077493
      ],
      [
        9.016485983472093,
        18.032971966944185,
        36.06594393388837,
        72.13188786777674,
        144.26377573555348,
        288.52755147110696,
        577.0551029422139,
        9.016485983472093,
        9.016486104808584,
        18.032972209617167,
        36.065944419234334,
        72.13188883846867,
        144.26377767693734,
        288.5275553538747,
        577.0551107077493,
        -2299.2360004577754
      ]
    ],
    "ansatze": [
      "twolocal",
      "alternating_ry_rz",
      "random_circuit"
    ],
    "histories_energy": [
      [
        [
          -129562.80048079898,
          -127808.04857490287,
          -125665.43405679727,
          -122713.06152266984,
          -127749.96429149756,
          -127269.3786644509,
          -128564.23711416926,
          -128053.42473791914,
          -129942.31425922336,
          -119618.73466242336,
          -126316.70566515099,
          -127419.50259524563,
          -130559.00543505151,
          -129318.57580210392,
          -130623.00215336747,
          -129713.36374124496,
          -129690.80495787374,
          -129247.5215063303,
          -128990.93468469543,
          -131749.86410258058,
          -131373.36264474908,
          -131486.13907789416,
          -130953.27985851491,
          -130920.99804071216,
          -130603.91660153242,
          -130291.8465385869,
          -125991.45341024935,
          -128479.43117393978,
          -130381.10566516625,
          -130960.19870369165,
          -131434.54386074177,
          -129480.92895932884,
          -131148.34807596702,
          -131769.0164320918,
          -131804.43455508296,
          -125787.98081358212,
          -126784.50371074135,
          -130944.03777163502,
          -130679.97255627098,
          -130271.55283883058,
          -131506.17721582926,
          -130186.08584929664,
          -134977.64491117082,
          -135791.6153433523,
          -137068.6450402825,
          -136779.06150732908,
          -137805.53445429832,
          -136632.70292981208,
          -136355.68731687748,
          -136375.03162841295,
          -136764.96363030755,
          -136751.504903359,
          -136985.07542884513,
          -137194.5560033675,
          -136999.0349755178,
          -137088.89600311374,
          -136669.880742811,
          -136683.36652604703,
          -136680.0553282967,
          -136332.26616015335,
          -137571.58163541093,
          -137579.28498063044,
          -136387.7906227315,
          -136247.60368483583,
          -137197.43268238386,
          -136209.71521358023,
          -136542.23277347282,
          -134854.70400048708,
          -137380.81855447576,
          -135481.6174071005,
          -136781.17546708192,
          -136478.93533442682,
          -136105.25384574974,
          -136572.86074769037,
          -133968.0038867199,
          -139172.76965963212,
          -136772.4891491367,
          -133053.42790258623,
          -138390.9699478943,
          -140081.5082612289,
          -140022.96112294617,
          -139456.47667486587,
          -139477.5784230966,
          -139624.80593829058,
          -138646.68398674176,
          -142925.48440619154,
          -141311.74365647289,
          -141721.225901325,
          -142060.35011308195,
          -142452.93580098447,
          -141531.25513849754,
          -141920.62079100308,
          -142045.3808612233,
          -142183.5825896065,
          -142186.98374891427,
          -142469.69049734212,
          -141931.5292990859,
          -141049.8526452192,
          -141641.5985100275,
          -141593.81047530685,
          -142929.06839601856,
          -143524.97772375532,
          -143798.79160585164,
          -143876.90224124806,
          -143734.0486661178,
          -143100.8278320872,
          -138908.59512232794,
          -137713.75982194574,
          -141545.29503695,
          -143122.30328182806,
          -144050.94766068246,
          -143637.64105834166,
          -144313.0217915793,
          -142608.24998322682,
          -143882.79494137559,
          -144493.45217370472,
          -144791.4456712542,
          -145039.06220239456,
          -145144.8372004803,
          -145513.34654708987,
          -145350.1385524681,
          -145694.74541515714,
          -145336.70541788635,
          -142509.12637643187,
          -145151.08327627028,
          -142825.3366303715,
          -145384.0300671953,
          -145083.40689252704,
          -145745.87558256788,
          -145423.64974030427,
          -145464.49109526127,
          -145432.523849802,
          -145282.40262054405,
          -145239.08934561964,
          -145248.99625603078,
          -144886.1099268041,
          -145424.10026334488,
          -145419.14219000607,
          -145268.43004335422,
          -144630.33428100782,
          -145192.96651571672,
          -144612.86636632073,
          -144539.41110380628,
          -144452.03036397937,
          -145284.42682737007,
          -145143.95062225292,
          -145331.4855261847,
          -145627.74004542816,
          -145364.28924082837,
          -145216.16958257207,
          -145728.82941434957,
          -145702.11134698062,
          -145211.0127212365,
          -142728.29389752235,
          -145045.76803733496,
          -144285.9936681918,
          -145642.8292057898,
          -145377.17720783612,
          -145521.31796501676,
          -144664.4750719477
        ]
      ],
      [
        [
          -124287.58585673815,
          -126531.66480597937,
          -124920.19972448156,
          -124001.15467284845,
          -124426.44344794191,
          -125821.10380738959,
          -125876.09537722857,
          -125429.81058530312,
          -126847.1860143691,
          -125275.66077741075,
          -126017.05985343017,
          -126863.60963096704,
          -125434.53007937332,
          -125807.04562544702,
          -126758.11230425171,
          -125615.799497672,
          -124766.1826856482,
          -125494.21540623355,
          -124362.65519564187,
          -126880.93505423366,
          -127372.88007819759,
          -127386.41024817897,
          -126725.55346890882,
          -125759.22468798555,
          -126665.22654211581,
          -127537.06051077302,
          -129753.29634825904,
          -129938.18056707,
          -129955.92565570137,
          -129927.84930536737,
          -131056.77047555328,
          -130437.94251810423,
          -129480.369178609,
          -129932.40304588487,
          -126791.41616316042,
          -126821.7897842108,
          -129038.31082268449,
          -128715.25863957628,
          -130834.19544623254,
          -131556.22296353287,
          -129779.62857227698,
          -129371.51659675749,
          -127462.28483285234,
          -129594.48699921713,
          -128743.71291936791,
          -130897.8313772436,
          -130445.36468348325,
          -129449.05150431146,
          -129842.69576329894,
          -131483.28097014537,
          -130532.99780661182,
          -130305.09488511611,
          -129900.7557676568,
          -130612.7969504186,
          -130826.19791096034,
          -128736.48585401563,
          -131509.9426315495,
          -130204.20645286332,
          -129553.71398106967,
          -130456.38361291739,
          -129824.34755998534,
          -131234.1069771979,
          -130217.99891223946,
          -129410.921042911,
          -131078.55077259228,
          -130333.82214980718,
          -128850.71830083034,
          -129723.94373181854,
          -131323.54141311647,
          -130560.43861263598,
          -129512.43180956019,
          -128832.58176963532,
          -130320.26145785331,
          -130106.15438516179,
          -130655.41640926882,
          -130219.01975529053,
          -130928.59301247876,
          -130683.729023549,
          -130536.53086804095,
          -129197.10560192386,
          -129641.29884993394,
          -130995.15823615452,
          -130135.10801624083,
          -130288.42841090923,
          -131241.06984173026,
          -130215.78463714133,
          -131273.61760609728,
          -130736.8676427181,
          -130983.98026531885,
          -130363.5755306802,
          -132317.92345074174,
          -129997.78568628346,
          -129707.54479014456,
          -129124.1928394912,
          -130335.69672178823,
          -130567.08025646795,
          -130068.03833997267,
          -130331.9502456083,
          -129286.08496143494,
          -124282.17066872952,
          -128886.02107365633,
          -127888.11861220548,
          -130488.11838280661,
          -128663.90030129325,
          -130800.45207760154,
          -129488.50665606058,
          -130503.66371060652,
          -130242.5150760394,
          -128762.54287579535,
          -132935.5518829714,
          -132342.87501394333,
          -132159.5396684826,
          -131080.7972695591,
          -130777.3746003307,
          -132797.4500000001,
          -133315.89126287613,
          -132330.52226142856,
          -133034.6852340495,
          -131767.53699182006,
          -132275.557106302,
          -132631.339228213,
          -132658.7336111851,
          -132868.61743903055,
          -132434.9980885243,
          -133579.85955445078,
          -133081.42328992055,
          -133522.23098391658,
          -129459.2028612883,
          -133956.3358469764,
          -135536.5629133654,
          -134866.27657038244,
          -135036.0262142667,
          -135113.07780156986,
          -134535.1575542274,
          -134959.14239036263,
          -135266.5193602898,
          -133844.91458258542,
          -133461.08672575053,
          -133831.3940432715,
          -132939.97928322057,
          -135201.60093899997,
          -135474.46838787856,
          -135094.88929281963,
          -135292.49052994567,
          -135142.15144993868,
          -135538.32886303865,
          -134376.97826869966,
          -137210.04066088176,
          -137943.07096187965,
          -138166.56827423474,
          -138645.58715038738,
          -137918.34621389376,
          -137978.31957121793,
          -138640.7186425911,
          -137941.51760240094,
          -137808.4894865194,
          -138538.90108349756,
          -138086.19120119413,
          -138521.30365702635,
          -138334.97196876162
        ]
      ],
      [
        [
          -118266.12201026075,
          -126133.12233945417,
          -127877.55622643336,
          -126980.36913742569,
          -131410.71125299437,
          -130002.73456572628,
          -129911.71949563481,
          -130370.68663643402,
          -130384.12322707882,
          -129333.86126147666,
          -128784.10382495367,
          -132978.95905380277,
          -133698.47060668154,
          -131058.65491015786,
          -134065.4424644985,
          -134585.10894002113,
          -133963.573470148,
          -128360.80877202644,
          -131352.29907044655,
          -131502.81883299878,
          -132343.21923310915,
          -133458.74868187643,
          -133132.9992837038,
          -134138.50807243952,
          -133889.17249079948,
          -132532.12041477635,
          -133393.81233132162,
          -133350.50417750512,
          -134019.94289523544,
          -133814.46025930622,
          -134173.5964672117,
          -133760.23823020814,
          -134182.22103910096,
          -134611.25558213473,
          -127863.88602354247,
          -135369.39066798677,
          -134619.82002563824,
          -135063.7449419684,
          -135223.9604107485,
          -134442.71594635933,
          -134675.63953725935,
          -135119.22229166064,
          -127763.16940728266,
          -135936.05283248605,
          -137127.10946390562,
          -136520.2818540333,
          -136307.9801219711,
          -135572.18140100827,
          -136722.63682345676,
          -136523.68063375127,
          -135927.34070386481,
          -137046.57800700192,
          -137043.18297562623,
          -137628.54698731372,
          -136526.8887102521,
          -135986.0955262967,
          -136966.83373535183,
          -136048.20094002088,
          -136517.00061676005,
          -136702.20909208374,
          -137312.02125308668,
          -135973.88420822629,
          -137132.30721010693,
          -136407.86285225608,
          -137321.48258439038,
          -136167.3401976876,
          -136509.43251665492,
          -136348.77607264792,
          -136864.38879424077,
          -136650.97332502296,
          -136392.1464190322,
          -136874.74960269328,
          -136671.8471049381,
          -136590.9481352626,
          -136762.76095359292,
          -137169.32176660778,
          -136031.28329776716,
          -137699.7676915562,
          -137642.46975265656,
          -137201.34180862023,
          -136152.56745950578,
          -136475.30807220758,
          -136511.59541579074,
          -136391.51850458054,
          -137139.13699208433,
          -136434.5706514468,
          -137507.31423560635,
          -137178.43943196296,
          -137432.0084334642,
          -137162.67469859627,
          -136602.07472893523,
          -135719.02664953755,
          -137087.24952922188,
          -136390.06916750196,
          -137252.58900714666,
          -136110.47325069047,
          -137100.2505437741,
          -136241.8193109971,
          -137922.64830322828,
          -137401.91753876847,
          -136479.5738494951,
          -135677.75007585512,
          -136198.90968291246,
          -136792.84877290443,
          -137342.1213704552,
          -136895.32853969422,
          -136657.45922610536,
          -136068.14218196346,
          -136717.22710467194,
          -136220.21908430758,
          -136492.13043934148,
          -136761.7483044179,
          -137163.28680740023,
          -136626.0067995168,
          -136813.1749086428,
          -136948.50732335236,
          -135726.58415910226,
          -136865.15390936533,
          -137281.33972973953,
          -137011.04358810637,
          -136659.1601731312,
          -136091.04545250002,
          -136811.768251594,
          -136376.34464772357,
          -136519.59619027463,
          -137067.7598417561,
          -137265.69870850202,
          -136860.34233347632,
          -136099.19486001538,
          -136757.01749035186,
          -136742.43736014067,
          -136983.055598012,
          -135640.6835870116,
          -136255.51636700306,
          -136975.9298387477,
          -137039.82807050936,
          -136074.98106499173,
          -136679.9297459072,
          -137097.88268571347,
          -136680.34130957013,
          -135751.53035303357,
          -137406.63790561847,
          -137206.46893366746,
          -137268.64429425995,
          -137685.43675237906,
          -135209.1844806595,
          -136676.55470656024,
          -124666.99067039997,
          -138003.35434950033,
          -137499.78592371324,
          -137786.6634651891,
          -137217.312980655,
          -137881.6119721062,
          -138116.62119179402,
          -138811.0052213827,
          -137566.50824607458,
          -137559.89758550958,
          -133274.19588543245,
          -139001.4781327842,
          -131920.49703595607
        ]
      ]
    ]
  },
  {
    "vqe2_energy": [
      -223500.5790695352,
      -225860.97566739196,
      -150599.8623219892
    ],
    "vqe2_vector": [
      [
        1,
        0,
        0,
        0,
        1,
        1,
        0,
        0,
        1,
        0,
        1,
        1,
        1,
        0,
        1,
        0
      ],
      [
        0,
        1,
        1,
        0,
        0,
        0,
        1,
        1,
        1,
        0,
        1,
        1,
        1,
        1,
        0,
        1
      ],
      [
        0,
        0,
        0,
        0,
        1,
        1,
        0,
        1,
        0,
        0,
        1,
        0,
        0,
        0,
        0,
        1
      ]
    ],
    "vqe2_min_error": [
      1.1959456156793946,
      0.15247291062367996,
      33.42354167904142
    ],
    "vqe2_params": [
      [
        5.690777002681188,
        5.791060633951563,
        1.1921866673024644,
        4.016954239524494,
        2.309073255258384,
        5.057448557542758,
        2.39149649759674,
        3.7341927140585156,
        1.6466589283158866,
        2.982816151850077,
        5.506842315232724,
        6.608281473524992,
        4.390707314336493,
        3.469693439296228,
        4.482075183160928,
        0.06377427318308214,
        2.9646244656736607,
        2.5476431702198132,
        5.20657700856327,
        3.8734365775423236,
        4.699879746212758,
        5.2513554424601265,
        1.5134110289648068,
        1.7826565107234207,
        4.984558707478764,
        4.352580048557182,
        0.615360277998571,
        4.3735360537694765,
        6.193747576392873,
        6.04400773140588,
        1.3164539876561518,
        4.034751069687651,
        0.7775682811956666,
        2.322556406914758,
        6.876521120253614,
        5.69483423598425,
        5.874227945429465,
        3.27075762142926,
        3.996097259602829,
        5.929721687054316,
        2.5026449389583028,
        2.837976220432021,
        2.0483852167598844,
        3.356885879433019,
        4.987406253446356,
        1.231838172156544,
        5.390902183530655,
        2.8863524201114563,
        5.010136363575527,
        0.43263490681054684,
        3.349579235979596,
        4.528132101479241,
        6.106197750956421,
        6.024073810646321,
        3.24395065062148,
        2.722538019227205,
        3.677456751309403,
        0.2969722024237406,
        5.173257097821203,
        0.5655898039627609,
        1.8879426559851697,
        6.175812544745405,
        3.4381409578894946,
        1.3746465070052494
      ],
      [
        2.531451501828225,
        4.537757213038014,
        1.8840931651021573,
        2.359766609330468,
        5.727440860656906,
        4.738391200355791,
        4.746273291729761,
        1.7833237559720738,
        5.596812234405873,
        3.2179324062134778,
        2.713815787598556,
        2.2667833315875394,
        4.205327831308578,
        0.7785084632869477,
        4.761139991015456,
        6.627638487469503,
        5.410561315293432,
        4.621569192131726,
        3.5303243729467066,
        0.2550738114395522,
        1.9400956861769973,
        1.0988198242934444,
        5.563492234011649,
        2.0628791764290013,
        1.9902087095817302,
        3.017101343586598,
        3.6190894698237734,
        2.4845004373343498,
        4.550068661491588,
        4.789807241043057,
        6.199006318987864,
        4.236867492771378,
        0.25573375196596804,
        1.677956711071396,
        1.0558828144274401,
        0.7456036476119923,
        4.108280057604406,
        1.1524880771190134,
        2.2770225715600496,
        2.9872292998645396,
        1.2496706761399217,
        2.5785167115493315,
        5.935871886392646,
        5.460317909814053,
        2.542054883660254,
        4.53035221348806,
        5.166840067077839,
        3.099324617229013,
        5.988777383451667,
        5.210055827256764,
        3.077479122925879,
        4.52640217703587,
        1.188364561984896,
        1.8705878674628875,
        6.066881281311972,
        1.299062403632381,
        0.35373648324908596,
        0.7771160180072818,
        3.4686309797761243,
        5.466404282012096,
        6.182776884297122,
        2.3519566237052203,
        2.868475179768934,
        5.137610222064036,
        4.902082033668976,
        5.749019302715975,
        5.471328183251472,
        3.695236867699402,
        1.9469584842123122,
        4.603226485512564,
        5.707816725535724,
        2.4520861298603234,
        2.8136646313668217,
        3.5418061221374213,
        6.065824253608393,
        1.4235684603878194,
        1.2626157270011635,
        5.710039488952116,
        0.9357859656012948,
        0.7444074617446392,
        1.9073326759370448,
        4.813091261537119,
        3.378951513021167,
        1.208096404844771,
        3.4906746697267175,
        2.938574568316448,
        5.659159272016192,
        5.072479234846508,
        4.826771679764338,
        1.58671554152698,
        2.5845625527205924,
        -0.0646604763796897,
        0.2556606497435594,
        5.422544178820594,
        5.192555189221194,
        1.6646669558520413
      ],
      [
        1.2131317704720863,
        3.705820274261686,
        0.21425595301735162,
        3.0476795570472746,
        1.64774907402338,
        7.0668102697649475,
        1.5323614252313855,
        2.9607035687169962,
        1.5366667346881124,
        1.4991282115185598,
        4.205396611748467,
        2.7571217347675967,
        2.170119476532408,
        5.340766688391667,
        2.616682048628234,
        5.17560631813955,
        2.6279943480027255,
        0.8153180732541012,
        4.933818162169721,
        4.770258430366763,
        1.2946549526331292,
        3.254318204475313,
        2.260410823698801,
        0.970239177408105,
        4.220622233383878,
        4.858299352259562,
        3.069536741206026,
        1.5700559424927738,
        5.030148653225635,
        0.2566909457856791,
        5.412929348753421,
        5.21674384426591,
        3.02499415406908,
        3.889735660093412,
        3.5075796015077314,
        4.004719917143958,
        0.7745383474799621,
        5.887760534590094,
        3.5666497668080437,
        0.3225599533629596,
        4.367413599264979,
        2.930585637612782,
        2.851760456937945,
        6.113680935426403,
        1.2829871828495236,
        5.365612698109178,
        3.7083076749830526,
        5.07564644603591,
        0.10211400066311946,
        3.9505354615407224,
        2.4584057254317044,
        2.951539117347237,
        6.2110357618904635,
        0.10454897093892093,
        4.168534846300236,
        2.7389175747885868,
        3.465856507518378,
        1.4651247046408065,
        4.753113668036605,
        2.1360081205239116,
        0.48553247064599236,
        3.4172313530499334,
        0.5022077083187365,
        4.51392893461654,
        6.041236354962544,
        1.7347940762391523,
        1.3293839989640286,
        0.39050722348663425,
        4.885702828021697,
        5.19983649384349,
        1.211010437160287,
        3.0643919279324683,
        5.990252654562367,
        1.9354242552120724,
        0.7006032875925714,
        5.624663796505701,
        -0.03572942302123251,
        6.179977478397487,
        2.209943590122812,
        5.83806977957394,
        3.7958888913238624,
        0.36429041967529274,
        3.4572290713280913,
        2.4046898615083485,
        4.2403979237377785,
        4.056278859801082,
        1.9552425383694425,
        5.967475470223181,
        3.2175028167197843,
        0.05665618426368335,
        2.7331796586497776,
        3.1875931324209046,
        0.5903699423057017,
        0.38249161037457347,
        2.6220824000546847,
        5.918264501976887,
        2.1087252795790405,
        0.8029186198879168,
        0.42799168330184195,
        2.839530196590509,
        3.952920548644092,
