[
  {
    "vqe2_energy": [
      -137.60601954880363,
      -137.60450496621934,
      -137.59991564356034
    ],
    "vqe2_vector": [
      [
        0,
        1,
        0,
        0,
        0,
        1,
        1,
        0
      ],
      [
        1,
        1,
        0,
        0,
        1,
        0,
        1,
        0
      ],
      [
        0,
        1,
        1,
        0,
        0,
        1,
        0,
        0
      ]
    ],
    "vqe2_min_error": [
      0.0021847242179129367,
      0.00328536610829655,
      0.006620410905033847
    ],
    "vqe2_params": [
      [
        6.474877601660811,
        6.05688808483815,
        4.939806741854622,
        5.926081686619209,
        0.023525915005472034,
        4.260334328938388,
        2.578607011841514,
        6.313768303594786,
        6.010681602877765,
        0.8641341853370252,
        2.353892649565823,
        5.447663928996834,
        1.8426436424655317,
        2.8063656552578022,
        2.788511223849249,
        1.4005552298465507,
        4.904256841069323,
        3.25380925912823,
        0.6714293249530674,
        5.339875590996792,
        5.230204547729552,
        2.05927707306325,
        0.3798436881657609,
        6.802764764372782,
        3.747013181019921,
        5.382416518398587,
        0.4740021357680901,
        2.1363219524494843,
        2.684632861933877,
        5.407866531443685,
        -0.015929242299754235,
        0.9580972867207086
      ],
      [
        4.384664720473276,
        3.2886391915443243,
        6.910171160767232,
        3.9192569398286916,
        5.3189491738826025,
        3.5509720166186836,
        4.314958340252272,
        2.0423751144622972,
        5.32056990339704,
        3.5387925264588462,
        2.0897288699058754,
        3.6274079072588057,
        3.8616563264962087,
        5.554025533682017,
        2.3135907003183953,
        0.7153579780209479,
        2.500746416621347,
        3.5690672318608945,
        1.8360540861718535,
        2.669421103723322,
        4.129084846987541,
        2.8778739807371574,
        5.337947160217943,
        0.18773495719535876,
        0.8817643608987761,
        6.195441488652396,
        5.32688615065206,
        6.0893856760815,
        4.328641956409874,
        2.566401099478845,
        2.7103521971676185,
        6.431008665467326,
        4.176542997688586,
        2.6480130124815666,
        6.188605835425251,
        2.095253584066218,
        5.8166479542088485,
        4.358751972641081,
        6.061009942100664,
        1.9065790741928088,
        5.251344932072799,
        3.77013581665177,
        5.389249684430785,
        1.9523564694302884,
        3.643200026101739,
        7.181767210017322,
        3.490530475432868,
        1.3065805518010731
      ],
      [
        1.089229860185606,
        6.420238566162833,
        4.400494693320243,
        1.9754638083620322,
        5.664789386089862,
        5.500550122333704,
        1.5387513882830839,
        5.719772304666972,
        4.931565941303542,
        5.106537507347399,
        2.6749408417403395,
        5.847701546535851,
        6.737664088102994,
        5.958677169788235,
        5.929767856036536,
        5.992433211550112,
        3.298951251812621,
        5.993092049251087,
        3.862149161459802,
        2.4416286615700225,
        1.117092805251772,
        2.4932188741388654,
        1.0811355108378295,
        2.797445920020911,
        0.6210318592337064,
        3.1890108419502083,
        4.902645233930992,
        4.416967618968244,
        3.202256891183784,
        4.3431978800809246,
        5.770292959978038,
        4.447866410131007,
        5.825256130891103,
        0.5438167771489761,
        3.7266512445255744,
        1.0140468400668448,
        3.9853814964576375,
        0.7651718650698078,
        4.240012550727022,
        0.10607447149710063,
        5.618683776123312,
        0.24884228272716788,
        4.765747807615401,
        4.212105182239331,
        2.635805899249831,
        1.0970380672255557,
        5.6851653862991425,
        0.13812544739167457,
        5.996956974520255,
        3.969291154431783,
        5.847936065606616,
        1.4929535038963433,
        5.09699062704298,
        4.963792339012857,
        0.5988739642486164,
        5.096234503089811,
        0.27462768299579376,
        2.9230903211226167,
        2.4223378390870693,
        4.384657928654241,
        2.442164869771618,
        2.5098176879252545,
        5.875206968583858,
        1.2587435358069816,
        3.4489360019324926,
        5.1748021775445725,
        0.077685892202869,
        0.6009549529604672,
        4.359953369057853,
        3.9150326560809683,
        4.728006764959917,
        1.064691295623534
      ]
    ],
    "vqe2_time": [
      6.237894296646118,
      5.077188968658447,
      6.4236626625061035
    ],
    "solution_vector": [
      0,
      0,
      0,
      0,
      1,
      1,
      1,
      1
    ],
    "solution_min_energy": -137.60902592651908,
    "solution_time": 0.023129701614379883,
    "matrix_size": 8,
    "qubo_matrix": [
      [
        -32.187551339538764,
        4.282271164295626,
        8.564542328591251,
        2.141135582147813,
        2.14113489045313,
        4.28226978090626,
        8.56453956181252,
        2.14113489045313
      ],
      [
        4.282271164295626,
        -60.0928315147819,
        17.129084657182503,
        4.282271164295626,
        4.28226978090626,
        8.56453956181252,
        17.12907912362504,
        4.28226978090626
      ],
      [
        8.564542328591251,
        17.129084657182503,
        -103.0565783723813,
        8.564542328591251,
        8.56453956181252,
        17.12907912362504,
        34.25815824725008,
        8.56453956181252
      ],
      [
        2.141135582147813,
        4.282271164295626,
        8.564542328591251,
        -32.187551339538764,
        2.14113489045313,
        4.28226978090626,
        8.56453956181252,
        2.14113489045313
      ],
      [
        2.14113489045313,
        4.28226978090626,
        8.56453956181252,
        2.14113489045313,
        -32.18909421748594,
        4.282275993334585,
        8.56455198666917,
        2.1411379966672923
      ],
      [
        4.28226978090626,
        8.56453956181252,
        17.12907912362504,
        4.28226978090626,
        4.282275993334585,
        -60.09591244163728,
        17.12910397333834,
        4.282275993334585
      ],
      [
        8.56453956181252,
        17.12907912362504,
        34.25815824725008,
        8.56453956181252,
        8.56455198666917,
        17.12910397333834,
        -103.06272090993623,
        8.56455198666917
      ],
      [
        2.14113489045313,
        4.28226978090626,
        8.56453956181252,
        2.14113489045313,
        2.1411379966672923,
        4.282275993334585,
        8.56455198666917,
        -32.18909421748594
      ]
    ],
    "ansatze": [
      "twolocal",
      "alternating_ry_rz",
      "random_circuit"
    ],
    "histories_energy": [
      [
        [
          -71.39837142029683,
          -72.86898504082599,
          -88.34304957077964,
          -91.71761388634258,
          -88.81349140226159,
          -84.28362136992685,
          -100.85309569640755,
          -99.13074585450244,
          -104.41704243164341,
          -106.75277391406738,
          -104.69600950527946,
          -105.69265324903873,
          -105.45458348700889,
          -104.0887636164577,
          -109.35505015916229,
          -108.79248357562969,
          -108.20202575622031,
          -112.5322400764522,
          -107.51445222151915,
          -109.66107159444307,
          -114.66025173448794,
          -110.72924248916699,
          -115.88040543819419,
          -114.48863269954512,
          -114.67507971125087,
          -117.58994319570272,
          -116.73057230695797,
          -115.7872066548073,
          -116.3022272195254,
          -114.6591750269902,
          -116.88234395384562,
          -114.70637387843222,
          -115.91549980220117,
          -115.96678884677573,
          -117.66920317332956,
          -123.72119113373454,
          -115.16943229263141,
          -121.18325980260582,
          -122.6246604876602,
          -122.63426205162833,
          -124.69732986321539,
          -125.12374490783952,
          -124.85461541254833,
          -124.87942608423846,
          -125.64000684786106,
          -125.27356310595225,
          -125.00459690615216,
          -123.8566490583302,
          -117.56591022715926,
          -125.75989248550249,
          -129.9359951175276,
          -129.80702678843616,
          -130.51019225001616,
          -130.2542244268561,
          -129.01180110660238,
          -130.65448674403106,
          -124.66194507518334,
          -131.2089810766311,
          -131.6131167928467,
          -131.23713144388964,
          -129.47132813198152,
          -130.94985659059014,
          -130.3221214442705,
          -131.30616866856712,
          -128.74581690733754,
          -130.50947784646323,
          -129.08237344001873,
          -130.4963877318275,
          -126.92140473204785,
          -131.69039745978546,
          -128.38158439022936,
          -131.4904610008132,
          -130.54476553964105,
          -130.2615725317489,
          -125.85971433532062,
          -131.73264152675702,
          -129.33448677381466,
          -132.4772398323198,
          -133.2294759500537,
          -133.09534834132364
        ]
      ],
      [
        [
          -126.28849347356018,
          -126.08540585340364,
          -125.20002178308746,
          -126.32841301779868,
          -123.77201944962118,
          -124.79334824225296,
          -116.12560940530012,
          -126.88795694654287,
          -126.45928950071973,
          -126.53351843875576,
          -118.55178569024888,
          -126.85000133603283,
          -127.69537570345938,
          -126.77210064738637,
          -113.46639422449401,
          -125.0695654444565,
          -126.30277638586205,
          -127.02470708852701,
          -130.28665172584275,
          -131.19418899685212,
          -131.20110764438687,
          -132.0259879904304,
          -130.11549919976466,
          -130.10479126964137,
          -131.33805182367604,
          -131.05950432722386,
          -131.26771596577822,
          -131.62776808469246,
          -130.8910827790131,
          -131.15241562953887,
          -130.88214242815556,
          -131.48376122991579,
          -131.60951816854538,
          -130.57464273917165,
          -131.86208314638822,
          -131.19438130877828,
          -131.1257547567014,
          -131.4466853949033,
          -131.33316801683895,
          -131.80517329770763,
          -131.38253202223456,
          -130.98757563499768,
          -131.49099216373654,
          -131.2506293235357,
          -131.18524644727805,
          -131.52863972690614,
          -132.29388389140246,
          -131.02548625140346,
          -130.63335278336987,
          -125.4776568551051,
          -131.16781586247853,
          -122.71629028371673,
          -132.65957844108007,
          -132.51921121169696,
          -132.65833461370653,
          -131.59846612123985,
          -131.6230091732425,
          -130.3830647577249,
          -132.9469414819257,
          -122.86930136659748,
          -132.97692337854514,
          -125.33178853020497,
          -132.31648759909754,
          -131.15711895053613,
          -133.44768737150892,
          -132.79338393055932,
          -133.27411549345916,
          -125.99366329242996,
          -131.55137488078475,
          -133.5163854013897,
          -133.75374565039684,
          -131.78373170076154,
          -131.90135358450962,
          -132.14164730478976,
          -131.82319034547427,
          -124.42267202547927,
          -134.28520038116204,
          -123.78571045007091,
          -134.0957526183446,
          -133.61817379709606
        ]
      ],
      [
        [
          -112.54850368620518,
          -112.01966664073737,
          -113.54651646335161,
          -107.00599744922297,
          -115.10583886435877,
          -115.23402532812166,
          -108.72709696602432,
          -113.49120676564323,
          -118.36251878406333,
          -116.15769366481425,
          -113.47291344287541,
          -116.05821684023333,
          -115.79451958870575,
          -120.63040131662576,
          -118.26674606524242,
          -115.64067579647909,
          -121.47552790542248,
          -118.39347395740018,
          -114.67732650566691,
          -115.40613427689037,
          -118.79618206165622,
          -121.19292366463499,
          -117.99898754240192,
          -121.12390336162495,
          -120.64409560123394,
          -120.93280739163963,
          -120.56983320502563,
          -122.16128041799378,
          -120.37499138345888,
          -121.87553027714858,
          -121.3835120599582,
          -121.23090093335453,
          -120.42547447963574,
          -121.88246663461368,
          -121.16808731490174,
          -121.39594223640017,
          -120.3705789558165,
          -122.47091933866304,
          -122.10622096573721,
          -119.5582185933203,
          -121.29948247187386,
          -121.52491760942341,
          -121.27579362704051,
          -120.53959740041842,
          -122.02116698675026,
          -119.9709343015343,
          -121.04245422301746,
          -122.36492847929154,
          -121.80943107849085,
          -120.34411104933675,
          -121.30337375067451,
          -120.38696747577617,
          -120.75437853256385,
          -121.22085836726917,
          -121.7785076882106,
          -121.60840793326172,
          -120.84616090759953,
          -121.3943413864201,
          -121.03802098788027,
          -120.34564046869171,
          -121.14376083846913,
          -121.32528338319457,
          -120.118635060767,
          -121.74594521014329,
          -122.11141799350759,
          -121.35687252044843,
          -121.55452022084673,
          -120.44686653134922,
          -121.62209600815065,
          -121.28187099096645,
          -121.21743791544914,
          -120.97438105253963,
          -121.09580827978967,
          -116.54980225292458,
          -120.09534565689013,
          -115.94689667825652,
          -117.31971244401946,
          -118.97322449237332,
          -121.23840340014374,
          -120.24023363580861
        ]
      ]
    ]
  },
  {
    "vqe2_energy": [
      -95.15089671470848,
      -93.69762248585776,
      -93.63812205404179
    ],
    "vqe2_vector": [
      [
        1,
        1,
        0,
        1,
        1,
        1,
        0,
        1
      ],
      [
        1,
        1,
        0,
        1,
        1,
        0,
        1,
        0
      ],
      [
        1,
        1,
        0,
        1,
        1,
        1,
        0,
        0
      ]
    ],
    "vqe2_min_error": [
      0.0005331913242478947,
      1.5268112980715953,
      1.5893443388746875
    ],
    "vqe2_params": [
      [
        2.791327779495743,
        0.8197075876018526,
        6.734458275020282,
        2.4169224870873394,
        5.849318689485673,
        2.7105020667911583,
        1.2142264001193266,
        6.062060228296271,
        3.66536792309023,
        6.23042423377483,
        1.1350491031284482,
        1.6915552411408656,
        4.54872652897659,
        1.275101371100116,
        6.6293467808005815,
        1.7153864077709575,
        5.6885789659383095,
        7.048135711545808,
        3.018060423667564,
        1.4438210601027353,
        3.441363752461841,
        3.1702095755682884,
        4.384803150353182,
        3.7175894351697254,
        3.753555169029396,
        3.710348381180223,
        0.6375952117016725,
        4.1061750323080615,
        5.784698547392436,
        5.047328674803171,
        1.155260546210039,
        3.8065088068312796
      ],
      [
        3.4261990607183064,
        4.436808826921024,
        3.390806128091532,
        1.6361205411555777,
        2.5068555459381545,
        4.611477264776571,
        1.979828384838566,
        3.943967019702299,
        1.32863032515402,
        3.2804753679993244,
        5.333868764394181,
        5.618222386853954,
        4.208478241774712,
        5.432551174813964,
        0.5924881638944864,
        1.052046172769934,
        3.5150254486155426,
        2.5569918003340675,
        4.671405105158818,
        1.6558025085362884,
        4.853259045014252,
        4.233071808370572,
        0.27956791179248197,
        5.1775257519842235,
        5.262382571363588,
        5.265016035183049,
        2.5657313513108413,
        3.493531519263937,
        4.290090791838714,
        2.8545613281075872,
        4.968867872771106,
        0.21942339595773183,
        3.3794129981057344,
        -0.2781981927850725,
        0.38263358013584353,
        4.760939783307222,
        2.9002510607474687,
        5.756330787801435,
        -0.2356922505419283,
        2.512873393189582,
        0.04106970338713267,
        3.634160684814507,
        -0.09506871021234817,
        4.402588623763729,
        1.1357956999741223,
        5.915793818886739,
        3.6640219365423174,
        2.6508941197824103
      ],
      [
        5.402804790823785,
        1.1173798076599328,
        3.1172850841349082,
        3.995280256565906,
        6.605188339345777,
        3.3889879201224944,
        4.370935769372399,
        4.720348889145599,
        2.387395086369835,
        5.450685224005643,
        1.1887757407568995,
        0.855665705335496,
        1.5983676273727314,
        3.8564442025247914,
        2.2164365711071494,
        2.2976916641563063,
        3.8833964499051414,
        6.016342600691518,
        4.2672055736577805,
        3.5983712334897415,
        3.6436709872233712,
        4.326445904405217,
        4.488687679649444,
        4.268250842524237,
        0.5623619841875367,
        3.2401225277839325,
        3.0489093413861044,
        2.9334656362347875,
        1.157511752016229,
        1.3170089217193874,
        2.788647257090788,
        2.655293589418931,
        5.286822736417233,
        4.458980591641248,
        4.181075579855639,
        0.8426652531036242,
        2.008689712436142,
        6.238159986360829,
        1.5281773078632972,
        5.010046998801719,
        0.6099445683636708,
        2.075571833127518,
        0.8934344268408849,
        6.02341032193337,
        5.062141787137381,
        3.715453071301758,
        1.7192263873771245,
        4.437281350938985,
        3.707991757961373,
        6.090723668925404,
        4.387392706884673,
        0.06813835891200064,
        2.8555201512119623,
        4.031952092280634,
        0.1296003840820629,
        1.83424155375122,
        4.580746325448653,
        2.1966912049904233,
        4.347401817535417,
        5.9861645454344705,
        1.0785714940405722,
        3.895432933785924,
        4.907179970619748,
        2.779133765584518,
        4.356739395334021,
        0.6969275965452255,
        0.9264141931803883,
        5.143830291478038,
        0.09173171368132965,
        4.25195069141145,
        4.777392458867159,
        1.5348040980881632
      ]
    ],
    "vqe2_time": [
      4.013345718383789,
      6.862519979476929,
      8.974589347839355
    ],
    "solution_vector": [
      1,
      0,
      0,
      1,
      0,
      1,
      1,
      0
    ],
    "solution_min_energy": -95.15038938108732,
    "solution_time": 0.020948410034179688,
    "matrix_size": 8,
    "qubo_matrix": [
      [
        -22.274877082426027,
        2.966000599127871,
        5.932001198255742,
        1.4830002995639355,
        1.4829933826171031,
        2.9659867652342062,
        5.9319735304684125,
        1.4829933826171031
      ],
      [
        2.966000599127871,
        -41.58375356572419,
        11.864002396511484,
        2.966000599127871,
        2.9659867652342062,
        5.9319735304684125,
        11.863947060936825,
        2.9659867652342062
      ],
      [
        5.932001198255742,
        11.864002396511484,
        -71.3035047349369,
        5.932001198255742,
        5.9319735304684125,
        11.863947060936825,
        23.72789412187365,
        5.9319735304684125
      ],
      [
        1.4830002995639355,
        2.966000599127871,
        5.932001198255742,
        -22.274877082426027,
        1.4829933826171031,
        2.9659867652342062,
        5.9319735304684125,
        1.4829933826171031
      ],
      [
        1.4829933826171031,
        2.9659867652342062,
        5.9319735304684125,
        1.4829933826171031,
        -22.274868390155905,
        2.9660488895174537,
        5.932097779034907,
        1.4830244447587269
      ],
      [
        2.9659867652342062,
        5.9319735304684125,
        11.863947060936825,
        2.9659867652342062,
        2.9660488895174537,
        -41.58368789079436,
        11.864195558069815,
        2.9660488895174537
      ],
      [
        5.9319735304684125,
        11.863947060936825,
        23.72789412187365,
        5.9319735304684125,
        5.932097779034907,
        11.864195558069815,
        -71.3031802235189,
        5.932097779034907
      ],
      [
        1.4829933826171031,
        2.9659867652342062,
        5.9319735304684125,
        1.4829933826171031,
        1.4830244447587269,
        2.9660488895174537,
        5.932097779034907,
        -22.274868390155905
      ]
    ],
    "ansatze": [
      "twolocal",
      "alternating_ry_rz",
      "random_circuit"
    ],
    "histories_energy": [
      [
        [
          -75.43717706017594,
          -72.78362401721515,
          -66.22567388328328,
          -76.35417519335995,
          -76.02468491214296,
          -74.84855300328681,
          -83.08103566509887,
          -83.28388157920207,
          -83.6350954132429,
          -82.79180707907508,
          -84.12601876058082,
          -83.40608966269374,
          -84.62376760352836,
          -84.30958488154936,
          -83.98057891684397,
          -84.87856488433741,
          -84.2851934443606,
          -83.63749501077527,
          -87.74274280170901,
          -85.20982220437374,
          -86.79414388888353,
          -86.57098305348106,
          -88.10263942961542,
          -85.92787644693004,
          -87.73586791669901,
          -87.78660235660924,
          -88.32325942255399,
          -88.21015999694293,
          -87.53799483212487,
          -88.04398457402675,
          -87.97122269975249,
          -87.93070510413538,
          -87.80930693604054,
          -88.04460588644466,
          -87.94252494995662,
          -87.47281935304264,
          -87.38091248103436,
          -87.42981615116256,
          -87.23644695688505,
          -87.63661431880365,
          -88.12979098246913,
          -88.1171204611757,
          -90.1808421343737,
          -90.27973319427109,
          -90.1391065216263,
          -90.9209916108197,
          -90.59903099704651,
          -91.02654178475035,
          -91.12352805719999,
          -91.14050098490462,
          -91.07212739659322,
          -89.19534805254672,
          -90.91927573101594,
          -89.37259007089514,
          -91.27134482933585,
          -88.29422611192368,
          -90.55983857139294,
          -89.66735760848013,
          -91.31899297781551,
          -89.44322023664293,
          -90.98690922757731,
          -90.60683537985878,
          -91.65161515128489,
          -89.5960703662925,
          -91.72813169880683,
          -92.5002270193155,
          -92.51858788198021,
          -92.14261967268483,
          -91.93188902828194,
          -91.10010740201922,
          -92.35100638764962,
          -91.35935199147072,
          -92.55623109674556,
          -89.74289085364181,
          -91.93954393788698,
          -91.99154564338772,
          -91.96495386363551,
          -89.36883095086222,
          -92.3216618551061,
          -92.16422356100077
        ]
      ],
      [
        [
          -74.24602317877185,
          -73.59453069492265,
          -77.4430260768177,
          -79.27827812903841,
          -79.77446416484523,
          -79.92148162354864,
          -80.37775987967328,
          -81.34017233369778,
          -80.83763807311671,
          -82.09797813860676,
          -79.43791135140226,
          -80.66792573309151,
          -80.5820834602583,
          -80.59753167697319,
          -76.01462357374864,
          -79.69858132089409,
          -79.23990253267218,
          -79.81097797141923,
          -79.86455848973863,
          -79.17560828302805,
          -79.87383726293595,
          -80.79836199761364,
          -74.57397081001704,
          -80.62215503550844,
          -80.29826176195051,
          -81.99791913582746,
          -80.14268796333751,
          -80.82358044754044,
          -80.66744908305064,
          -79.933883622877,
          -80.52900978040942,
          -81.78806969474739,
          -80.49235777585952,
          -81.46339741844507,
          -80.7117749863098,
          -81.63113230309219,
          -80.79135925499658,
          -80.2297593497813,
          -79.94706599797027,
          -80.80992929517247,
          -80.7001103955552,
          -81.02445378018196,
          -80.51503343638427,
          -81.89792390177526,
          -80.90906454362363,
          -80.90970841797507,
          -79.91415475988883,
          -81.74426706705697,
          -79.41897428719427,
          -84.03563807705987,
          -82.3450719956558,
          -83.51851891952747,
          -85.16083741139471,
          -85.95608390972257,
          -84.6145874212189,
          -85.71718967289414,
          -85.07597036797316,
          -83.05521921573602,
          -82.06846538719483,
          -86.29994289070426,
          -85.55025737369073,
          -85.41718256215677,
          -81.96319758150003,
          -87.03809052460082,
          -86.18153797444845,
          -87.87576506074042,
          -86.02184932431463,
          -84.98449387079532,
          -85.847188302149,
          -88.59788868904593,
          -88.24888819706312,
          -88.34688567823304,
          -88.6432006953074,
          -88.55664881051678,
          -88.15500100922497,
          -88.547728614086,
          -88.02955464145708,
          -88.77086034632961,
          -88.58146370408352,
          -89.0205001198048
        ]
      ],
      [
        [
          -78.17618046377075,
          -76.90688279618429,
          -76.18985056686587,
          -80.03141984893065,
          -79.97683296981577,
          -81.32103220885357,
          -81.06906345616333,
          -82.18987889651564,
          -76.30119576373546,
          -81.03726221601454,
          -79.9863256844873,
          -82.36143535640421,
          -79.28672187718061,
          -81.92903640794285,
          -83.13078880998388,
          -81.59178249561624,
          -80.69454470106615,
          -82.72348580146446,
          -79.19708895973679,
          -82.64367365245428,
          -82.599907550259,
          -81.4961026492065,
          -82.49581042522567,
          -81.21681540991173,
          -83.3084920233131,
          -81.78272201443761,
          -81.93582569414106,
          -82.08685664103307,
          -83.04107383886668,
          -82.44140349536394,
          -81.67942217768622,
          -82.43358057346825,
          -82.43507362284521,
          -82.10915173561146,
          -81.55260987820718,
          -82.06325515066189,
          -82.16989200556077,
          -82.32210105308297,
          -83.05212382575563,
          -82.82502627236276,
          -82.01727034912521,
          -83.20387855487922,
          -82.0992248653507,
          -82.12316721814086,
          -82.65448009937704,
          -80.89240384248913,
          -81.50119319719532,
          -82.04730302562268,
          -81.50087931448955,
          -82.99985236291919,
          -83.42289483573887,
          -82.61662588414163,
          -83.13769500741769,
          -82.57322549979399,
          -81.73703450583344,
          -81.62279584340185,
          -82.47002409279246,
          -80.86824959946877,
          -82.87958537811065,
          -81.80878012772902,
          -81.8265334841807,
          -81.34072953278488,
          -81.48500362544819,
          -83.1242728018507,
          -82.29347624193439,
          -81.71635031937194,
          -82.61702834134765,
          -82.81216436783157,
          -82.3550200143766,
          -82.82903145018716,
          -82.2285630352443,
          -81.73601028408001,
          -82.04291662632262,
          -81.02380809908469,
          -81.81721102500228,
          -80.31324337531451,
          -82.88774426145719,
          -83.17212466864723,
          -78.69525518614597,
          -80.13766918900004
        ]
      ]
    ]
  },
  {
    "vqe2_energy": [
      -82.85848890400277,
      -95.01434423063017,
      -94.948581046732
    ],
    "vqe2_vector": [
      [
        0,
        0,
        0,
        1,
        1,
        1,
        0,
        1
      ],
      [
        0,
        0,
        0,
        1,
        1,
        1,
        1,
        1
      ],
      [
        0,
        1,
        0,
        1,
        1,
        1,
        0,
        1
      ]
    ],
    "vqe2_min_error": [
      14.125142598263995,
      1.5267672648727526,
      1.5949244822470843
    ],
    "vqe2_params": [
      [
        1.1980448277767959,
        2.69133723608037,
        2.4139477184495104,
        3.3555134565915705,
        1.3369150444322138,
        5.2983472590475795,
        3.0484205178593893,
        2.4523548532683237,
        2.631306520327069,
        1.581939922013053,
        0.8514584179571074,
        3.838460646283529,
        3.277681543284983,
        3.647428252010396,
        5.805750805567115,
        -0.4005089321033425,
        1.546514232407101,
        1.6786934695137057,
        0.7295010703987689,
        -0.004001320573238882,
        3.04256760428007,
        1.4442212574854754,
        2.9565426793887895,
        2.2995982957796866,
        1.2829966848796963,
        0.8068881864888415,
        2.858393885421019,
        1.614713850988731,
        4.44906257055165,
        4.396853183638188,
        6.014799612509542,
        3.1310924780035583
      ],
      [
        6.111979792733481,
        6.436689631938324,
        7.03045023615484,
        2.1843196973984753,
        2.5982802441144095,
        2.268715404713515,
        0.5295417105159363,
        3.843405853136748,
        6.7484264936410225,
        2.714610051087294,
        0.6258245727083951,
        3.8197730640472227,
        4.446697022509123,
        0.9591328904144537,
        5.831212248417393,
        4.613544561434244,
        3.961783438011674,
        6.864608482602199,
        3.972371445350252,
        1.1675339636025432,
        1.370313764477111,
        3.982410879639586,
        6.191114163601156,
        5.251760624021931,
        1.314877576889852,
        0.05389325448583851,
        3.5419979517525753,
        1.8964938844500412,
        5.8830423597361845,
        3.679017398220133,
        5.634526608047216,
        3.8901992505138465,
        3.4213584321507495,
        0.21005455455361308,
        0.796713346973944,
        2.853797953395569,
        2.625693443547441,
        2.3608583260832834,
        2.5829253968925996,
        2.6747087105580616,
        1.1365073661660914,
        2.9067975785345306,
        3.3063268964127417,
        0.9572411866205217,
        3.475407166901223,
        2.659696079912545,
        5.318401228995411,
        6.492476605922654
      ],
      [
        1.6351402953569703,
        3.768259848691908,
        5.752041720599232,
        1.5944033047983452,
        1.079150608902256,
        5.7405029216238725,
        4.028124856946266,
        0.2839464103084873,
        6.678875446985488,
        3.3202397279419267,
        3.806601443791208,
        2.701548627486045,
        5.387647886375302,
        3.272164078908069,
        6.089403317459338,
        2.831956252256198,
        2.421733378166869,
        3.827387404328442,
        4.738788149129883,
        0.44445145159815763,
        4.804979070847001,
        3.7698602724609205,
        4.723049865029605,
        4.767674378040715,
        2.9091447307400817,
        5.149154107039225,
        0.337350281467209,
        3.7945123658205917,
        0.9717543666189103,
        5.629386590182786,
        2.955924089176535,
        6.260868173787183,
        7.239220056262613,
        0.3010843065919032,
        5.164376856323853,
        2.1155917712661894,
        1.8444428376713538,
        1.0869953709959141,
        3.8449192029059738,
        1.4233707539294769,
        2.8519269690833657,
        4.47897962280452,
        5.858662462077105,
        0.05080061502107585,
        3.197146386668438,
        1.691282723827037,
        4.3806566554479565,
        0.4108516008694949,
        0.566884947325591,
        3.0588262777575146,
        3.20207100450396,
        0.8574484351355319,
        4.230370523775541,
        1.0096188337900602,
        3.8905778079764635,
        3.9451333785821494,
        1.2734878009566042,
        0.9364186886980426,
        3.3702471966576097,
        0.41882483584833713,
        1.3554050044036328,
        6.008874550505166,
        2.4485527328810193,
        0.9090559606717565,
        5.752954974230865,
        0.9232053162083724,
        4.824037308548071,
        2.2083779775292327,
        3.9810076468849234,
        2.2096558518002793,
        5.490255023841494,
        4.989524224860647
      ]
    ],
    "vqe2_time": [
      4.527233362197876,
      7.4338788986206055,
      6.778198719024658
    ],
    "solution_vector": [
      0,
      0,
      0,
      0,
      1,
      1,
      1,
      1
    ],
    "solution_min_energy": -96.48748354408067,
    "solution_time": 0.02170419692993164,
    "matrix_size": 8,
    "qubo_matrix": [
      [
        -22.58512032064745,
        3.007296288155909,
        6.014592576311818,
        1.5036481440779546,
        1.5036412271311221,
        3.0072824542622443,
        6.0145649085244886,
        1.5036412271311221
      ],
      [
        3.007296288155909,
        -42.16294435313899,
        12.029185152623636,
        3.007296288155909,
        3.0072824542622443,
        6.0145649085244886,
        12.029129817048977,
        3.0072824542622443
      ],
      [
        6.014592576311818,
        12.029185152623636,
        -72.29670355365434,
        6.014592576311818,
        6.0145649085244886,
        12.029129817048977,
        24.058259634097954,
        6.0145649085244886
      ],
      [
        1.5036481440779546,
        3.007296288155909,
        6.014592576311818,
        -22.58512032064745,
        1.5036412271311221,
        3.0072824542622443,
        6.0145649085244886,
        1.5036412271311221
      ],
      [
        1.5036412271311221,
        3.0072824542622443,
        6.0145649085244886,
        1.5036412271311221,
        -22.586641467919307,
        3.0073445785454918,
        6.0146891570909835,
        1.5036722892727459
      ],
      [
        3.0072824542622443,
        6.0145649085244886,
        12.029129817048977,
        3.0072824542622443,
        3.0073445785454918,
        -42.16593835729312,
        12.029378314181967,
        3.0073445785454918
      ],
      [
        6.0145649085244886,
        12.029129817048977,
        24.058259634097954,
        6.0145649085244886,
        6.0146891570909835,
        12.029378314181967,
        -72.30249840040428,
        6.0146891570909835
      ],
      [
        1.5036412271311221,
        3.0072824542622443,
        6.0145649085244886,
        1.5036412271311221,
        1.5036722892727459,
        3.0073445785454918,
        6.0146891570909835,
        -22.586641467919307
      ]
    ],
    "ansatze": [
      "twolocal",
      "alternating_ry_rz",
      "random_circuit"
    ],
    "histories_energy": [
      [
        [
          -76.46575312961194,
          -79.1688660141749,
          -77.62850721089633,
          -78.99750736692874,
          -81.2503354055608,
          -83.36773460550589,
          -82.75187310236396,
          -83.52365084167651,
          -84.64759445072244,
          -83.77346732745923,
          -83.73753400959106,
          -81.25894376075621,
          -83.64895337327118,
          -83.68807367804494,
          -83.62357523183354,
          -83.53846103307264,
          -84.58928774585438,
          -84.85781784087219,
          -82.88208493079408,
          -83.00414005107413,
          -84.51038266064096,
          -85.0055769318571,
          -85.04421892816109,
          -84.14566626281335,
          -85.11209698962055,
          -85.71865712263545,
          -85.43837799469193,
          -84.9166301219724,
          -84.99914795579194,
          -84.85042462330694,
          -85.9226757554519,
          -84.91436540474723,
          -85.24227647602955,
          -84.5246595538425,
          -86.23964986738025,
          -84.42613646125702,
          -84.69794432492816,
          -85.52964498255258,
          -85.47431849459936,
          -85.92716192928924,
          -82.7582885621741,
          -86.05295355113124,
          -85.95450060543004,
          -85.133764412572,
          -85.1948062944098,
          -86.09207204682839,
          -84.61610192385197,
          -86.47104002912036,
          -86.51810245597089,
          -86.66816981845294,
          -86.47617518934833,
          -84.22715760423286,
          -86.64026200000997,
          -84.32283782845606,
          -86.27748737137154,
          -86.00557115944369,
          -86.77688261772906,
          -86.252585565041,
          -86.33878745635316,
          -86.02923361171023,
          -86.23862700805637,
          -86.48061866508257,
          -86.04572313693942,
          -84.37396854078075,
          -85.55330966575788,
          -85.890411949077,
          -86.37596368970333,
          -84.77540153177658,
          -86.50714132089117,
          -86.14979582209747,
          -86.46941762695796,
          -86.54408065679624,
          -85.92325431246864,
          -85.94503958608895,
          -86.51050023891828,
          -86.02467213436475,
          -86.70324798656472,
          -86.16555684554027,
          -85.29801351637127,
          -86.4259682249737
        ]
      ],
      [
        [
          -73.71829172748801,
          -72.49202232540911,
          -78.22262283005391,
          -80.16160988662301,
          -80.64088553536882,
          -80.87538336828452,
          -80.89480864749143,
          -80.54675939983132,
          -80.05787941156848,
          -83.2352820373317,
          -87.13849322061465,
          -87.65281150972207,
          -86.2044309607881,
          -86.48525003582725,
          -85.12351264864243,
          -86.54273335188984,
          -86.56834400051366,
          -84.06490217161789,
          -88.27527319968233,
          -88.35936768232656,
          -88.75623348732573,
          -89.28503670450576,
          -86.82102559338553,
          -88.22454539657286,
          -89.16587138045021,
          -88.8231320836372,
          -89.11418607413455,
          -88.8171194401308,
          -88.56298367908678,
          -88.21826484977575,
          -89.01480225719253,
          -89.11516413113856,
          -88.96094613691587,
          -88.86131435089283,
          -88.62708998991445,
          -88.76654712653595,
          -89.10767797616668,
          -88.911307571847,
          -88.44611691965011,
          -88.62741115772062,
          -88.73649626408661,
          -88.99756596705092,
          -88.80547922057961,
