[
  {
    "vqe2_energy": [
      -165.67297592431538,
      -102.42784258537299,
      -168.25037756554235
    ],
    "vqe2_vector": [
      [
        1,
        1,
        0,
        0,
        0,
        1,
        0,
        0,
        0,
        1,
        0,
        0,
        0,
        1,
        0,
        0
      ],
      [
        0,
        0,
        0,
        1,
        0,
        0,
        0,
        0,
        0,
        0,
        0,
        1,
        1,
        0,
        0,
        0
      ],
      [
        1,
        0,
        0,
        0,
        1,
        0,
        1,
        0,
        0,
        0,
        0,
        0,
        1,
        0,
        0,
        1
      ]
    ],
    "vqe2_min_error": [
      1.5328146276827659,
      39.12235048069667,
      0.0009444854964568705
    ],
    "vqe2_params": [
      [
        5.117983064017053,
        6.101284191945448,
        3.89455660752203,
        7.0205679278857955,
        3.338972546859985,
        1.6981581710921816,
        0.1697065950853445,
        2.815987787142206,
        5.968931186100884,
        -0.0023478344027437225,
        5.292831664254501,
        2.852725997090217,
        6.0770283582538855,
        6.116163578153897,
        4.409069679913955,
        3.543443052790822,
        3.3688907443435143,
        2.708622524798008,
        5.848893775392474,
        6.0580121763363435,
        1.6956741713425527,
        2.9665429919257864,
        3.934050434154824,
        4.885552105172194,
        1.6720793205381097,
        7.950026037551035,
        5.921123824708721,
        3.4082154190395055,
        3.2629837178900924,
        4.902704727080863,
        2.554000761330548,
        0.21187964849677346,
        6.059757697547172,
        6.115803729590362,
        1.204678181947134,
        4.90449619551077,
        4.493871290142856,
        4.80336850950946,
        3.50811109881748,
        2.955159532663293,
        6.6870857148986005,
        0.13485436481993837,
        1.9914372702500795,
        2.366948929430629,
        6.235178350052243,
        6.00356039683829,
        0.2777529299379031,
        6.214632825303078,
        2.6116288174226634,
        0.7326903164517977,
        3.430751689635201,
        5.424955851069594,
        5.589505249944338,
        4.891882220388719,
        0.6232303636121602,
        2.2878292316749347,
        0.69288391122929,
        5.718560081660264,
        0.4588449574817411,
        2.225917603831878,
        3.9999159896882115,
        3.3438846052141717,
        3.7444457091416443,
        6.006708933552919
      ],
      [
        0.5054918554022817,
        6.232541386952902,
        2.6578799863335436,
        2.275441376277829,
        5.438584240180916,
        3.135697743777819,
        1.7237927394959418,
        2.7075230119504554,
        0.890618090226445,
        1.1233562099607468,
        3.4178323149611103,
        3.322544034219038,
        4.052487000287023,
        0.10641893198202065,
        3.2001224308491056,
        1.8746782601279068,
        4.5502515700099195,
        3.1364996150823856,
        2.6760814255269216,
        5.5508543091691624,
        6.3806270572789225,
        1.7241787867583633,
        7.258132438340071,
        1.0825568496024882,
        1.0899974799699859,
        3.1381158561311375,
        5.384490643298489,
        5.269505485985316,
        0.8996997121443698,
        3.819494910899527,
        0.652615441684385,
        0.6536866039283663,
        3.213727714615761,
        3.687464937727551,
        6.189863781825876,
        3.433788427653725,
        3.26042595630255,
        3.8188276258063727,
        4.53037914001229,
        0.6536067317338258,
        1.1328921424802851,
        2.034663839758925,
        2.3126674757176113,
        4.476506536587108,
        5.098252636458446,
        3.1750533430900476,
        3.045334986360151,
        3.304988588120013,
        0.04694022085153919,
        3.0523344954460474,
        2.7450266032908206,
        2.605925088214997,
        3.826269734863812,
        5.328623066196551,
        0.11875176423868695,
        0.3998857660142558,
        5.04346071296074,
        5.792640766778486,
        4.385461855543581,
        3.295831338503402,
        4.2919645937307,
        3.2521608517256864,
        1.8288805948980125,
        1.0531397313897524,
        5.786974425400174,
        2.703352620287593,
        0.6231906155953699,
        1.8255436872085327,
        1.7468026627526692,
        -0.028574753462514618,
        2.4722498485325555,
        5.728640461397819,
        3.57006645464883,
        5.343505368583519,
        0.1450717847148461,
        1.242031733047485,
        1.2352116383929261,
        4.844968423949859,
        0.5575746492608111,
        5.2924949272867785,
        2.5478814180548035,
        1.9809052130571507,
        5.352461849300017,
        3.9870335911166785,
        0.029058558203864195,
        -0.04075357974850649,
        4.388372449138946,
        3.2187152790343454,
        2.593880357436322,
        2.5769750364270334,
        5.677186403992347,
        4.6893095365341875,
        6.5953298273178405,
        3.8133000551000094,
        0.5389351532740376,
        2.483501141432795
      ],
      [
        5.159579031017958,
        6.722908924490311,
        3.621703944242555,
        2.760182151898546,
        7.211937987549322,
        4.891203250040429,
        1.024791633407864,
        3.7531698034756578,
        6.3245042208569275,
        0.7276723907662153,
        1.7607278736672864,
        2.509430285067776,
        6.947476616039888,
        5.987700479894255,
        2.9287788683486804,
        5.677431058775958,
        0.2927030256753785,
        2.467324801617036,
        3.5143302322067274,
        1.6653758288282976,
        4.159568405728134,
        3.006569665458884,
        2.1812278282123487,
        0.6372243307398603,
        5.85011416256475,
        2.481849347237418,
        4.339444984166258,
        0.7337375004376383,
        3.909113031942021,
        3.4324015936445744,
        5.982517349289148,
        5.989361428220878,
        2.8724758235238923,
        3.435847448101725,
        5.858100000886982,
        0.2661313505003864,
        2.8522867790244124,
        4.418558243962413,
        5.414665055023536,
        5.488138441809216,
        2.2485685690615993,
        0.6918472637324984,
        3.6399867829017576,
        0.7348949940265234,
        0.421676976040582,
        2.4993857924093743,
        5.880630534467119,
        2.6390589172636942,
        4.260954778880665,
        2.2797142800579815,
        0.7395327467921964,
        1.1140477163974705,
        3.3485965356548997,
        2.9904294332619936,
        0.02057597241304604,
        3.7954285936074674,
        5.449023484346482,
        4.406805363415159,
        4.737025920713765,
        3.7748520969739197,
        1.2562601554047814,
        4.846674315536855,
        2.6412497422898276,
        5.617257205830098,
        2.8567955809746355,
        3.0154847258428736,
        4.040986777109835,
        5.0215345339118045,
        2.4343345153423566,
        3.7841296825591555,
        1.2861776096822253,
        5.2934133405946,
        3.756128488389636,
        1.8098443270401048,
        4.1316128004271135,
        2.649968597350674,
        1.939156160277462,
        0.4313636893783262,
        2.3378172908480157,
        4.519207117786497,
        2.4563961447990446,
        5.522099595186836,
        4.243418410752677,
        0.6179725242246427,
        2.3809782069424568,
        2.531142699898459,
        4.554007638306829,
        0.3963696114731967,
        4.256084113265316,
        4.523289107323684,
        2.2870534656074897,
        5.147680601407083,
        2.862477334539432,
        5.231521666999351,
        2.9184913006862447,
        1.0237013628509979,
        5.932646563862817,
        0.41003297777015557,
        3.353715338923364,
        1.2068904675876106,
        5.212800428877446,
        0.5850342035607837,
        0.5653557152707998,
        1.4966691200061275,
        5.398703382455799,
        2.1409394320242225,
        2.8157684292662366,
        2.560666187771199,
        0.05363312743907554,
        5.013208628344823,
        4.243725832409409,
        3.366680067572557,
        0.24656743857721672,
        4.561666335274748,
        5.810035714596017,
        2.3901285332985673,
        4.367063340117369,
        0.8783961707286455,
        3.56919968250393,
        4.0028819712116155,
        5.3899522655628225,
        4.215205694452849,
        5.3458094383557695,
        1.1258131438529595,
        5.957503820287783,
        0.19714933990970673,
        0.53703493156792,
        1.0022939404259952,
        2.7831322308213204,
        5.947633629872662,
        0.15825066316904457,
        2.9538263293166698,
        4.985783346015089,
        3.947551370192254,
        4.422412402863457,
        5.836945039765008,
        5.778245853286527,
        0.07297132678281928,
        3.9606329210865265,
        6.178863798170823,
        2.274189188770614,
        3.2930570316245427,
        4.18685838934254,
        5.8572090930049505
      ]
    ],
    "vqe2_time": [
      146.91735863685608,
      288.2929615974426,
      391.1959009170532
    ],
    "solution_vector": [
      0,
      0,
      0,
      0,
      1,
      0,
      1,
      1,
      0,
      1,
      0,
      0,
      0,
      0,
      0,
      0
    ],
    "solution_min_energy": -168.25196668096515,
    "solution_time": 0.02344226837158203,
    "matrix_size": 16,
    "qubo_matrix": [
      [
        -39.38789934717104,
        5.244984231979929,
        10.489968463959858,
        2.6224921159899646,
        2.6224911237762756,
        5.244982247552551,
        10.489964495105102,
        2.6224911237762756,
        2.6224912169847077,
        5.244982433969415,
        10.48996486793883,
        2.6224912169847077,
        2.622491356054004,
        5.244982712108008,
        10.489965424216017,
        2.622491356054004
      ],
      [
        5.244984231979929,
        -73.53081446236216,
        20.979936927919717,
        5.244984231979929,
        5.244982247552551,
        10.489964495105102,
        20.979928990210205,
        5.244982247552551,
        5.244982433969415,
        10.48996486793883,
        20.97992973587766,
        5.244982433969415,
        5.244982712108008,
        10.489965424216017,
        20.979930848432033,
        5.244982712108008
      ],
      [
        10.489968463959858,
        20.979936927919717,
        -126.0816919968046,
        10.489968463959858,
        10.489964495105102,
        20.979928990210205,
        41.95985798042041,
        10.489964495105102,
        10.48996486793883,
        20.97992973587766,
        41.95985947175532,
        10.48996486793883,
        10.489965424216017,
        20.979930848432033,
        41.95986169686407,
        10.489965424216017
      ],
      [
        2.6224921159899646,
        5.244984231979929,
        10.489968463959858,
        -39.38789934717104,
        2.6224911237762756,
        5.244982247552551,
        10.489964495105102,
        2.6224911237762756,
        2.6224912169847077,
        5.244982433969415,
        10.48996486793883,
        2.6224912169847077,
        2.622491356054004,
        5.244982712108008,
        10.489965424216017,
        2.622491356054004
      ],
      [
        2.6224911237762756,
        5.244982247552551,
        10.489964495105102,
        2.6224911237762756,
        -39.389442225118216,
        5.244989061018888,
        10.489978122037776,
        2.622494530509444,
        2.6224918866843865,
        5.244983773368773,
        10.489967546737546,
        2.6224918866843865,
        2.622491384102122,
        5.244982768204244,
        10.489965536408487,
        2.622491384102122
      ],
      [
        5.244982247552551,
        10.489964495105102,
        20.979928990210205,
        5.244982247552551,
        5.244989061018888,
        -73.53389538921755,
        20.979956244075552,
        5.244989061018888,
        5.244983773368773,
        10.489967546737546,
        20.979935093475092,
        5.244983773368773,
        5.244982768204244,
        10.489965536408487,
        20.979931072816974,
        5.244982768204244
      ],
      [
        10.489964495105102,
        20.979928990210205,
        41.95985798042041,
        10.489964495105102,
        10.489978122037776,
        20.979956244075552,
        -126.08783453435953,
        10.489978122037776,
        10.489967546737546,
        20.979935093475092,
        41.959870186950184,
        10.489967546737546,
        10.489965536408487,
        20.979931072816974,
        41.95986214563395,
        10.489965536408487
      ],
      [
        2.6224911237762756,
        5.244982247552551,
        10.489964495105102,
        2.6224911237762756,
        2.622494530509444,
        5.244989061018888,
        10.489978122037776,
        -39.389442225118216,
        2.6224918866843865,
        5.244983773368773,
        10.489967546737546,
        2.6224918866843865,
        2.622491384102122,
        5.244982768204244,
        10.489965536408487,
        2.622491384102122
      ],
      [
        2.6224912169847077,
        5.244982433969415,
        10.48996486793883,
        2.6224912169847077,
        2.6224918866843865,
        5.244983773368773,
        10.489967546737546,
        2.6224918866843865,
        -39.387468705040845,
        5.244982884117237,
        10.489965768234473,
        2.6224914420586183,
        2.6224913569197947,
        5.2449827138395895,
        10.489965427679179,
        2.6224913569197947
      ],
      [
        5.244982433969415,
        10.48996486793883,
        20.97992973587766,
        5.244982433969415,
        5.244983773368773,
        10.489967546737546,
        20.979935093475092,
        5.244983773368773,
        5.244982884117237,
        -73.52995452596446,
        20.979931536468946,
        5.244982884117237,
        5.2449827138395895,
        10.489965427679179,
        20.979930855358358,
        5.2449827138395895
      ],
      [
        10.48996486793883,
        20.97992973587766,
        41.95985947175532,
        10.48996486793883,
        10.489967546737546,
        20.979935093475092,
        41.959870186950184,
        10.489967546737546,
        10.489965768234473,
        20.979931536468946,
        -126.07997751545994,
        10.489965768234473,
        10.489965427679179,
        20.979930855358358,
        41.959861710716716,
        10.489965427679179
      ],
      [
        2.6224912169847077,
        5.244982433969415,
        10.48996486793883,
        2.6224912169847077,
        2.6224918866843865,
        5.244983773368773,
        10.489967546737546,
        2.6224918866843865,
        2.6224914420586183,
        5.244982884117237,
        10.489965768234473,
        -39.387468705040845,
        2.6224913569197947,
        5.2449827138395895,
        10.489965427679179,
        2.6224913569197947
      ],
      [
        2.622491356054004,
        5.244982712108008,
        10.489965424216017,
        2.622491356054004,
        2.622491384102122,
        5.244982768204244,
        10.489965536408487,
        2.622491384102122,
        2.6224913569197947,
        5.2449827138395895,
        10.489965427679179,
        2.6224913569197947,
        -39.3874223930781,
        5.2449827391658665,
        10.489965478331733,
        2.6224913695829333
      ],
      [
        5.244982712108008,
        10.489965424216017,
        20.979930848432033,
        5.244982712108008,
        5.244982768204244,
        10.489965536408487,
        20.979931072816974,
        5.244982768204244,
        5.2449827138395895,
        10.489965427679179,
        20.979930855358358,
        5.2449827138395895,
        5.2449827391658665,
        -73.52986204699033,
        20.979930956663466,
        5.2449827391658665
      ],
      [
        10.489965424216017,
        20.979930848432033,
        41.95986169686407,
        10.489965424216017,
        10.489965536408487,
        20.979931072816974,
        41.95986214563395,
        10.489965536408487,
        10.489965427679179,
        20.979930855358358,
        41.959861710716716,
        10.489965427679179,
        10.489965478331733,
        20.979930956663466,
        -126.07979313731718,
        10.489965478331733
      ],
      [
        2.622491356054004,
        5.244982712108008,
        10.489965424216017,
        2.622491356054004,
        2.622491384102122,
        5.244982768204244,
        10.489965536408487,
        2.622491384102122,
        2.6224913569197947,
        5.2449827138395895,
        10.489965427679179,
        2.6224913569197947,
        2.6224913695829333,
        5.2449827391658665,
        10.489965478331733,
        -39.3874223930781
      ]
    ],
    "ansatze": [
      "twolocal",
      "alternating_ry_rz",
      "random_circuit"
    ],
    "histories_energy": [
      [
        [
          26.46600140963933,
          34.492114900395464,
          14.396503117645214,
          12.047978626537702,
          -4.547575516084314,
          7.741618104821869,
          -62.57960689136775,
          -61.94842685288885,
          -54.62852322892958,
          -57.41962108409607,
          -14.877819069054606,
          -60.09568349704039,
          -54.797570001508774,
          -50.85763521382162,
          -107.08160638442239,
          -126.46303399468721,
          -125.31238213907677,
          -127.25787644371276,
          -126.37686522238012,
          -127.43460551195896,
          -124.0711388911507,
          -125.66888110123021,
          -134.93777153172016,
          -134.35150735473044,
          -131.47509993184846,
          -129.12501222324508,
          -135.2419968476911,
          -133.30681703789256,
          -134.9739239601549,
          -134.93619906128112,
          -136.5377657659852,
          -135.1804086593728,
          -136.36026858002754,
          -137.28163748034376,
          -110.94959976762483,
          -140.01624788227207,
          -142.52591093039024,
          -139.42750383108873,
          -146.68647092089807,
          -149.4268150683173,
          -147.05422484800087,
          -150.9767535061498,
          -132.28852349791507,
          -149.30206819091234,
          -148.88828454057182,
          -151.2951976215615,
          -148.76804165495736,
          -151.2654259881406,
          -149.89834597600054,
          -150.35790906693214,
          -150.00879586301224,
          -148.4992556128426,
          -150.95262476468454,
          -149.21874405364778,
          -150.7797433145656,
          -150.31860121890284,
          -151.44242743743706,
          -149.66588863529122,
          -149.00808828243225,
          -148.67203579821904,
          -150.07155819326795,
          -150.46552828870477,
          -151.9312947158345,
          -149.18512300219126,
          -148.30760757526846,
          -145.67689186127436,
          -147.9031756973671,
          -143.1433509800635,
          -150.2107370176588,
          -146.8287123523256,
          -151.80805796006078,
          -144.60019399773554,
          -148.60173696894734,
          -148.8785619653387,
          -148.9470020283265,
          -150.13819713648414,
          -150.17095952094752,
          -150.47049201810637,
          -149.72698429113632,
          -142.05191253341926,
          -148.74208519831475,
          -149.98071963936215,
          -149.29450475631862,
          -150.6279405061968,
          -150.482289999126,
          -150.39035974777065,
          -149.23858512538067,
          -148.18554773749307,
          -147.71650360458355,
          -142.16180178192758,
          -151.97162931426922,
          -149.81940389130048,
          -149.1498978449554,
          -153.33038308210615,
          -149.8644533481089,
          -151.13682045171922,
          -149.25151537958283,
          -147.85946401085198,
          -149.88527433953408,
          -141.50601970076787,
          -151.33040359512913,
          -138.3804918810621,
          -151.03889688575885,
          -138.18776063202228,
          -149.7010337675188,
          -151.46016759983456,
          -151.39971792021947,
          -145.41569751297092,
          -151.4680119492799,
          -150.80065444909218,
          -151.3010933024288,
          -152.184503178551,
          -151.4596775767945,
          -155.72887349878656,
          -152.42944784099518,
          -152.32081709587334,
          -158.22788876343705,
          -157.29578113830541,
          -157.8512570173848,
          -157.49951439663073,
          -156.46686606431498,
          -157.77515662403775,
          -158.17582324879382,
          -157.63571366877898,
          -157.3506139972115,
          -157.15085551428166,
          -158.12291897994515,
          -156.78715244104973,
          -158.37637993270525,
          -158.39085434052708,
          -157.3237153582126,
          -157.44482386090107,
          -154.47673381075754,
          -158.3649432645455,
          -158.6675717099745,
          -156.61000766761933,
          -158.175666816236,
          -157.50812457452656,
          -158.46290854553808,
          -159.44840885127724,
          -158.29402981874014,
          -158.3284270091026,
          -157.75817878907418,
          -157.42860289535489,
          -159.13847071337537,
          -157.78722375265698,
          -157.69945731980076,
          -157.6092389856383,
          -158.3680682482222,
          -157.41130954475062,
          -157.4327930671204,
          -157.53453246281634,
          -157.4565815687826,
          -157.5010789633609,
          -156.22750560578172,
          -158.0321660807102,
          -156.99854482803005,
          -156.07735794674517,
          -156.31480204837501,
          -157.42163713661043
        ]
      ],
      [
        [
          -43.97845930810993,
          -37.05058650415389,
          -90.60584771527442,
          -92.66234678985629,
          -83.93498382198348,
          -82.49812174038422,
          -85.12599132828906,
          -87.90411676419187,
          -87.83415938971221,
          -84.58247484327075,
          -68.20194931806911,
          -65.44282808517951,
          -86.92107762495166,
          -86.95553649676778,
          -50.72626052503771,
          -78.8720765876026,
          -92.55275062121122,
          -74.21938683543596,
          -39.81360458240337,
          -103.27511877067396,
          -104.792189191735,
          -100.37033327000955,
          -82.87229852880465,
          -116.94479935918889,
          -122.57218318620318,
          -120.02871761466834,
          -108.29375522957258,
          -106.51101024265435,
          -121.67708857348715,
          -119.48441692683473,
          -99.88033406318053,
          -109.96057769527349,
          -119.71372055181948,
          -118.45458197428611,
          -95.74021703103517,
          -120.65637961009405,
          -126.68177419038123,
          -123.00337895595418,
          -118.00258955177598,
          -121.07740157017741,
          -126.28277337044996,
          -118.17114238087437,
          -124.31982020680076,
          -118.44887704563159,
          -116.12452973777683,
          -122.63193874783587,
          -97.3064779650161,
          -124.96541017563109,
          -121.33839895073632,
          -122.43142127900397,
          -123.94846308172316,
          -121.48923497149401,
          -122.3090749205862,
          -119.90691319556001,
          -123.12325871955808,
          -121.89186629651637,
          -119.30670313696088,
          -121.57937816326005,
          -120.97060282282105,
          -122.23293644686697,
          -121.21815826006512,
          -122.43742214091989,
          -117.20695996867224,
          -120.68309767050526,
          -120.7383575560093,
          -117.83236535903089,
          -119.24072496470036,
          -123.12413137106319,
          -121.34695355498023,
          -121.85517554997988,
          -120.19692142051724,
          -123.00367364101974,
          -121.13059598229901,
          -124.18673021797522,
          -121.21254966737864,
          -123.35999484435398,
          -120.42847409556771,
          -116.77741016628393,
          -124.15933379995188,
          -120.89658850740884,
          -121.7983918451053,
          -120.26224317011372,
          -123.10684581580074,
          -123.33438291127126,
          -118.0640460172353,
          -119.61607091646981,
          -121.95532886757971,
          -121.87644537152896,
          -121.70615322055,
          -125.22197972717045,
          -122.96947426403332,
          -123.0524212468056,
          -120.77360057736934,
          -118.17076077957049,
          -117.3324879353396,
          -119.30049299383259,
          -119.05409186333868,
          -134.48015346821285,
          -133.7093654695037,
          -134.74350123479792,
          -130.60385577490993,
          -128.4308111343566,
          -135.150367308385,
          -133.0227525046241,
          -134.66670599042877,
          -137.2013953790096,
          -133.87696075919575,
          -135.45387988166013,
          -136.00664487382406,
          -136.30529513774002,
          -134.78431012767305,
          -132.39264581690028,
          -135.3685360904495,
          -137.47472415491563,
          -131.90027764985453,
          -134.82969177722657,
          -136.3593422584432,
          -132.77590822543,
          -135.29964420269388,
          -138.5167355412956,
          -138.6288278883385,
          -135.5119885998348,
          -134.40369846932902,
          -128.52695546801232,
          -134.7413492046821,
          -130.3841917594747,
          -138.91489101552887,
          -135.64872533576553,
          -136.9376748394817,
          -137.4303005248067,
          -138.30082398342637,
          -138.2657310338992,
          -136.14070202335643,
          -136.65341452297798,
          -136.27942927197222,
          -137.7142557384277,
          -136.86133937475927,
          -136.88994705436042,
          -136.57274063354564,
          -137.46419639421808,
          -137.9055802984276,
          -140.6997607795424,
          -138.32949702988276,
          -138.16453519252636,
          -137.20627843979733,
          -138.4377484301856,
          -137.3454021440436,
          -140.6213508535221,
          -138.3221564373288,
          -140.66265356592902,
          -137.68992455722145,
          -137.96608868894114,
          -136.3868500018571,
          -138.64448850274843,
          -138.48489466376577,
          -141.4665305442199,
          -138.13837429735435,
          -139.56956362871242,
          -137.56683729993782,
          -136.42013661464713
        ]
      ],
      [
        [
          -13.983614056175632,
          -16.803452449885746,
          -20.545689419113472,
          -27.20211593054902,
          -25.99889787841129,
          -29.955112990778932,
          -32.76760708933345,
          -38.148968491682055,
          -36.043198180287106,
          -46.80939482054079,
          -35.56403656983701,
          -37.75933585928127,
          -40.68448754376335,
          -54.77312047560983,
          -36.05544582629207,
          -49.48818283257433,
          -50.14045997970421,
          -35.622561585931074,
          -51.73735212488402,
          -45.71206813517551,
          -47.07717373205776,
          -36.674854209272794,
          -46.201091851115834,
          -49.43828329749392,
          -39.898940699905936,
          -49.57721250202185,
          -34.65288595660182,
          -31.01277023078412,
          -46.89886090754934,
          -45.16042871163566,
          -8.696527925281995,
          -67.80507744721523,
          -65.13890255740387,
          -71.18753680318332,
          -47.95773651065059,
          -68.69529913357208,
          -66.36093201232502,
          -75.19487031319261,
          -61.80872816037058,
          -81.40700232691485,
          -83.71838203459488,
          -82.93254969669222,
          -75.46395707739381,
          -80.7818925555114,
          -80.77923790245165,
          -76.63767442916216,
          -78.7250019518267,
          -83.53148075157473,
          -87.2900136010927,
          -84.47323311842874,
          -81.36123299247566,
          -85.51792080653922,
          -88.04983135266711,
          -88.53734884410039,
          -79.98947982387183,
          -86.64576570604139,
          -83.08184560015755,
          -82.98153562315655,
          -83.00501542635567,
          -83.15374209871686,
          -79.03459736708464,
          -84.13817479409866,
          -86.84224668633617,
          -83.66377948140601,
          -86.09859461849838,
          -82.71216431543169,
          -85.12823479673648,
          -85.26817907794336,
          -82.35864727992586,
          -88.52529181464395,
          -80.35509000503059,
          -86.31343621270088,
          -85.56574586810848,
          -83.11781993777109,
          -81.01830415916493,
          -82.77464738978384,
          -85.42834031663898,
          -86.2726347002348,
          -86.65022425643018,
          -80.05465412639519,
          -86.44967327511031,
          -85.32273622561989,
          -82.42768995682644,
          -85.70870568833786,
          -83.6588031479249,
          -89.41570737121391,
          -80.97808918431818,
          -85.0949803487454,
          -87.12425825299786,
          -88.191918143725,
          -86.4176821519413,
          -93.38505335585182,
          -89.00355925409,
          -86.3065501049773,
          -84.9335168524492,
          -81.78079959239074,
          -84.19731540915092,
          -85.58777661591299,
          -87.93343481236428,
          -85.3973638383849,
          -84.32523714230632,
          -81.35552557509855,
          -80.93941189224009,
          -81.40588650457846,
          -85.98049747107952,
          -81.26626142671273,
          -90.57247944999943,
          -79.63372561602046,
          -89.22091398808803,
          -78.97292235507904,
          -79.86352914768926,
          -81.4615318425673,
          -80.18547560008224,
          -84.80681867907066,
          -81.73417969710393,
          -83.74119830661715,
          -83.89491053233634,
          -86.0448881255812,
          -86.06133776817077,
          -82.60474148632346,
          -79.7693311316721,
          -84.2931153531531,
          -94.25460470076655,
          -85.0385887725424,
          -80.77653503988122,
          -88.29776251773431,
          -86.33101563386413,
          -82.79415969993164,
          -82.87670827008839,
          -79.55035157625873,
          -83.63731549828572,
          -91.04521692798048,
          -82.94782236949308,
          -78.33191236856679,
          -83.65063395529992,
          -82.80029259357006,
          -82.17244425631347,
          -83.86873707088002,
          -85.55392312382082,
          -83.64174231456519,
          -91.52062568460599,
          -79.00270583095238,
          -92.97418679334609,
          -84.60922014936781,
          -80.22885180168896,
          -102.98575571171557,
          -101.97359914861966,
          -81.17101017418645,
          -86.63132987923215,
          -96.38489217727796,
          -91.67195168968446,
          -103.81879912840753,
          -95.3495314497466,
          -97.74642155429824,
          -103.86019565477969,
          -106.3901035852994,
          -105.0622636839252,
          -99.45748457167451,
          -110.6857101433107,
          -103.2487621048679
        ]
      ]
    ]
  },
  {
    "vqe2_energy": [
      -204.64996328860397,
      -194.8580483863675,
      -207.96058371276516
    ],
    "vqe2_vector": [
      [
        0,
        0,
        1,
        0,
        1,
        0,
        0,
        1,
        0,
        0,
        0,
        0,
        1,
        0,
        0,
        0
      ],
      [
        1,
        0,
        0,
        1,
        1,
        0,
        0,
        0,
        0,
        0,
        0,
        1,
        0,
        1,
        0,
        0
      ],
      [
        1,
        1,
        0,
        0,
        0,
        0,
        0,
        1,
        0,
        0,
        1,
        0,
        0,
        0,
        0,
        0
      ]
    ],
    "vqe2_min_error": [
      1.591951542416381,
      6.300494953357127,
      5.5196063053486455e-06
    ],
    "vqe2_params": [
      [
        1.0347102518372857,
        6.287039292067123,
        6.661917858359826,
        3.3270330052721464,
        5.5711964089589046,
        3.16371167753956,
        1.2309592400745482,
        0.5896870336407516,
        4.255299249518458,
        3.331973803034191,
        1.2924032428978893,
        1.8014557100410165,
        2.7026824244965124,
        6.753111548549672,
        6.0336974582034175,
        5.6018360475582245,
        5.736941069570792,
        3.4209036298588846,
        0.9524371519056843,
        0.7207650206406772,
        0.5790485428745646,
        3.9649855604797595,
        4.003532991003603,
        2.3588550930412,
        0.527659191798422,
        7.24572597803326,
        5.594461285864518,
        0.2652805949277156,
        3.161925099875911,
        1.4101819728816272,
        2.197840727871033,
        5.882768614583475,
        5.346365227924229,
        6.381511131657394,
        0.3674118354226397,
        6.2107940788030165,
        0.5655841715368383,
        3.314902787748038,
        5.902768410876989,
        0.21814498546656044,
        1.7203633424117994,
        3.4032855272163904,
        0.210912164448704,
        4.472810348040564,
        4.252011841001856,
        3.088520588313096,
        6.106498087785322,
        1.5530802851874193,
        6.802338350637488,
        5.073632983614373,
        5.766012866191525,
        3.1750599334147025,
        1.624096445861441,
        5.544713643480931,
        4.9688201689724005,
        0.19751147732642585,
        3.2300782419541743,
        3.8928691774857347,
        0.250312986929189,
        3.559465535348817,
        0.4700911236398389,
        2.2486203611136464,
        4.977118104684319,
        5.24762345959426
      ],
      [
        0.628748707387594,
        3.8334346902772407,
        1.6975916904447645,
        3.1313323700768367,
        1.5775115864845293,
        5.612939996813782,
        7.207686349691704,
        3.6748734019272167,
        4.564521886994797,
        2.5589872518518804,
        5.537455394951219,
        6.482940375392963,
        5.0373003245749945,
        4.770997221721252,
        5.840748523030593,
        3.60179382338935,
        7.137660153191159,
        4.529816263873117,
        3.8111929253018055,
        4.600144268987347,
        6.580429500351835,
        5.2465551389436325,
        4.346210593868919,
        3.1806772235890537,
        4.112920968107422,
        2.91191647939855,
        5.085221624383342,
        2.008924750523439,
        5.4132041879740065,
        4.4830358966213915,
        3.0961074709290997,
        1.235674433169503,
        5.143874288334577,
        5.50262501131108,
        0.5999725480531681,
        2.6775940582234963,
        0.11016732696224911,
        7.179969463673273,
        2.941196511992073,
        0.7972350379856668,
        6.147900208779757,
        5.483818082992656,
        2.5169726662508825,
        6.374347165283855,
        2.6616611857639056,
        4.922386503506085,
        3.675145111164564,
        4.869715325476583,
        2.672294277593225,
        1.8340046274840074,
        2.7761662941438314,
        0.976780796762641,
        2.8640752531622806,
        2.041590117728818,
        4.950955020975402,
        3.188114014442923,
        6.1485601487726935,
        6.1260274104294945,
        5.941939656095966,
        0.6574161824628907,
        4.8284099679108685,
        0.3016576273698554,
        5.340113764398441,
        2.74151306267456,
        5.496172717349811,
        0.43821677552997096,
        0.9091284305684906,
        5.640551153109848,
        1.0536992985462257,
        -0.06131292135546779,
        2.413894291196375,
        1.3137386744972261,
        5.449677013805067,
        1.0102194926548367,
        4.06036827506691,
        3.7499520821909886,
        2.7126262424913374,
        1.6490653984947705,
        1.7972237697013336,
        2.1222992052744005,
        2.3459823334621697,
        1.7874816768976476,
        3.0210615926205264,
        6.239421223604852,
        5.186190258805078,
        4.332703082380945,
        0.9694556524515804,
        0.7721715187488464,
        1.8875407542300149,
        5.419337867109252,
        2.5040214762638486,
        1.5297424576642047,
        4.3639398793404895,
        3.031120461017011,
        5.8006297355833585,
        4.705075765923796
      ],
      [
        2.6064280761739207,
        2.913222457337243,
        3.4591085061613325,
        4.832850704823583,
        1.523446335802709,
        2.835180784213672,
        0.5053099075570161,
        4.167027549438856,
        2.6325154466270035,
        1.3108974585815225,
        4.616315422443074,
        6.570181431953855,
        3.487999163914958,
        5.1717219168667725,
        1.2173909069627917,
        4.229706573809539,
        1.0801869961170525,
        5.858303111809993,
        2.8072114208411048,
        4.251947136001035,
        2.050129080545274,
        1.0657012131824026,
        6.03227715914972,
        6.846998002811478,
        3.831459354503782,
        7.041892050575444,
        4.527262955134864,
        5.865000482154683,
        2.486222699674544,
        3.673086651626731,
        5.29906734424976,
        1.45333170025924,
        4.781611524571598,
        6.320919402495534,
        2.8181875685954463,
        0.14877169397179835,
        1.4285366621576614,
        0.07689810233267495,
        3.981968238263982,
        5.661302493917903,
        5.043221499847204,
        4.1856346665055355,
        2.7624602868300556,
        6.686434064643053,
        1.6681604617007415,
        4.619517185958427,
        0.08074447059762153,
        4.202479403112791,
        4.272277603355788,
        5.888478648131088,
        3.3420712511064714,
        2.7439000619520493,
        3.388087339976809,
        0.333537131818011,
        3.9307961283024393,
        3.749597429034702,
        2.344835797721688,
        3.6349148921307957,
        3.38884008027748,
        1.4001871878417584,
        3.5062286858031917,
        4.17344704664012,
        0.6659723606926993,
        1.7585531826646914,
        0.43951099731783994,
        1.8669745787567484,
        1.6022777767171852,
        5.533066340533298,
        4.121594634389408,
        1.4614792009239845,
        0.7902282617637726,
        1.6804479256878249,
        4.675821980334229,
        3.932139423529264,
        3.943924598069499,
        3.857014082542335,
        6.017208282373939,
        5.501109961105332,
        4.941420457698956,
        4.2705480163943275,
        5.297709022735523,
        5.5568923150945295,
        2.272176262598775,
        5.423605901659076,
        5.71110645606537,
        2.5806074836201676,
        2.2667634222390656,
        7.049146423311047,
        4.4039478280417885,
        1.5489719788451728,
        5.849720714779361,
        4.785379782843973,
        1.5848612840761385,
        4.441356629794474,
        6.249537949370058,
        0.48045802446039315,
        2.6806934079443785,
        1.8322379931906256,
        2.985182795157509,
        1.0583589723691396,
        5.487075548742782,
        4.281005840655721,
        6.20656119738662,
        6.281481720881151,
