[
  {
    "vqe2_energy": [
      -94.77716189822063,
      -96.31166028989469,
      -94.83822298685985
    ],
    "vqe2_vector": [
      [
        0,
        1,
        0,
        0,
        1,
        0,
        1,
        0
      ],
      [
        1,
        0,
        0,
        0,
        1,
        1,
        1,
        0
      ],
      [
        1,
        1,
        0,
        1,
        0,
        0,
        1,
        1
      ]
    ],
    "vqe2_min_error": [
      1.5948371190533606,
      0.0015992424497568436,
      1.5314386562498172
    ],
    "vqe2_params": [
      [
        2.3336461712444625,
        3.347545058124755,
        4.178723143308208,
        4.33967724385255,
        3.5963151908442974,
        0.77179451664418,
        1.4319489907614447,
        6.452057535574982,
        1.5634826640863997,
        3.933747722381862,
        6.114198841602668,
        4.682589275869756,
        2.168556060955394,
        0.5327387556287769,
        3.2905656678294073,
        5.174354556939875,
        3.31923560164758,
        6.430440410723554,
        2.5401348362957052,
        5.816672931251294,
        1.6715439510908805,
        6.585235819205372,
        4.4686802494492905,
        6.903556713755788,
        1.7579360957291974,
        1.7611834121451253,
        2.201367909486042,
        3.021351371361791,
        2.7059034184555113,
        1.7772497295699743,
        4.899109951808587,
        1.5943116532318933
      ],
      [
        5.463539234349311,
        5.72069908011003,
        2.559616756164929,
        3.340403057373828,
        1.1233199864660086,
        0.48196483873935175,
        -0.09337489273046552,
        2.6673860767716167,
        5.141848555007266,
        2.3693611385012914,
        -0.23458382199371047,
        4.659808290724949,
        1.2979413649421967,
        5.487894592539022,
        3.382237070033903,
        5.018536232533833,
        4.372278299368342,
        0.4379692280873421,
        6.143854561185461,
        4.102349091952073,
        1.9906499376240137,
        0.23459373982741882,
        1.7641601030613039,
        4.355792836806131,
        4.765545001553441,
        0.1413597487372897,
        5.191799663203676,
        5.996063850588767,
        1.9173184664789094,
        3.9659023048245237,
        2.93025451667326,
        3.412451365768234,
        4.255208695473549,
        3.5715571655108174,
        5.413232209788984,
        0.47801313437326715,
        5.792755111731155,
        5.791971752426532,
        0.24091760928532208,
        0.7734957817200683,
        5.325489949422799,
        -0.03041685605107648,
        0.6757814542333932,
        -0.06168333928629681,
        3.290186961842008,
        1.5716052086643648,
        0.9733007550180163,
        3.4694966861845913
      ],
      [
        4.594144228317168,
        3.1513882122105077,
        6.85399916670706,
        1.3082949234475967,
        3.922027475951924,
        5.328593539121443,
        1.3328910551314228,
        4.815916834445878,
        1.1524722389515554,
        1.4718668354326299,
        4.5270306394939634,
        1.9785857130840567,
        2.1102640417106855,
        4.122558473912422,
        4.476871575018574,
        5.697926625768,
        3.3612130719326414,
        4.611044084920978,
        0.1347282958395086,
        1.6799218721152311,
        5.614719428441081,
        3.178549090233781,
        1.9310571327650652,
        1.8723369961238634,
        3.0221231223947616,
        7.18011899602458,
        0.6432608456626298,
        2.55149004574428,
        5.797398057539242,
        2.2201283201204807,
        0.70664791951349,
        0.1493410844878177,
        4.5538601580722124,
        5.484345625156457,
        3.068004401459335,
        5.629995981203477,
        0.990868885531689,
        3.3329212419380436,
        4.377840861173286,
        5.850516437936082,
        5.632402356518375,
        1.750512007897352,
        5.043591278949671,
        0.09258519202893874,
        0.4708618686053926,
        5.280101549864992,
        0.47151435018600674,
        2.3194435824853947,
        2.44205631848967,
        5.124618266143619,
        0.4497803297386346,
        5.235590922661539,
        3.6934908409795506,
        5.552734050952427,
        3.5826271470608226,
        3.1509185855868944,
        5.000674451916842,
        3.591651968343948,
        2.3709915708419307,
        2.0629367390500017,
        5.361864831754268,
        2.8298546420445665,
        5.713645942679708,
        2.1432433961872546,
        6.186256662668983,
        4.271852858980189,
        4.606815702216991,
        3.3163813454561413,
        3.1728775607671373,
        0.06750862767715544,
        1.5483731091286197,
        5.461267536423895
      ]
    ],
    "vqe2_time": [
      5.608826160430908,
      4.397253036499023,
      6.221313238143921
    ],
    "solution_vector": [
      0,
      0,
      0,
      0,
      1,
      1,
      1,
      1
    ],
    "solution_min_energy": -96.31320057148295,
    "solution_time": 0.024396419525146484,
    "matrix_size": 8,
    "qubo_matrix": [
      [
        -22.54379922425289,
        3.001769289619596,
        6.003538579239192,
        1.500884644809798,
        1.5008845455884292,
        3.0017690911768584,
        6.003538182353717,
        1.5008845455884292
      ],
      [
        3.001769289619596,
        -42.085829158886185,
        12.007077158478385,
        3.001769289619596,
        3.0017690911768584,
        6.003538182353717,
        12.007076364707434,
        3.0017690911768584
      ],
      [
        6.003538579239192,
        12.007077158478385,
        -72.16458115929399,
        6.003538579239192,
        6.003538182353717,
        12.007076364707434,
        24.014152729414867,
        6.003538182353717
      ],
      [
        1.500884644809798,
        3.001769289619596,
        6.003538579239192,
        -22.54379922425289,
        1.5008845455884292,
        3.0017690911768584,
        6.003538182353717,
        1.5008845455884292
      ],
      [
        1.5008845455884292,
        3.0017690911768584,
        6.003538182353717,
        1.5008845455884292,
        -22.54534427526759,
        3.001769772523492,
        6.003539545046984,
        1.500884886261746
      ],
      [
        3.0017690911768584,
        6.003538182353717,
        12.007076364707434,
        3.0017690911768584,
        3.001769772523492,
        -42.08891877801169,
        12.007079090093969,
        3.001769772523492
      ],
      [
        6.003538182353717,
        12.007076364707434,
        24.014152729414867,
        6.003538182353717,
        6.003539545046984,
        12.007079090093969,
        -72.17075846592941,
        6.003539545046984
      ],
      [
        1.5008845455884292,
        3.0017690911768584,
        6.003538182353717,
        1.5008845455884292,
        1.500884886261746,
        3.001769772523492,
        6.003539545046984,
        -22.54534427526759
      ]
    ],
    "ansatze": [
      "twolocal",
      "alternating_ry_rz",
      "random_circuit"
    ],
    "histories_energy": [
      [
        [
          -82.9619943108604,
          -84.56799361857433,
          -87.4366229886407,
          -84.68749722329513,
          -86.10595142207968,
          -87.09301208836153,
          -85.11952792635728,
          -89.013435870331,
          -87.93798539039697,
          -88.51752292239588,
          -88.89689518802382,
          -88.76984894631319,
          -87.99045958539672,
          -88.62115628373411,
          -85.52635840361546,
          -84.35944389149205,
          -88.41047237519176,
          -88.38799493210372,
          -88.63822771976601,
          -87.3700291990218,
          -87.51595781965842,
          -89.66283206654695,
          -90.27154950164469,
          -85.66129182416967,
          -90.5455362241798,
          -89.78219779867712,
          -90.03930093628144,
          -90.3206481607692,
          -90.09949056086734,
          -90.09801582506982,
          -89.86597296117762,
          -89.9795077398692,
          -90.18040990768638,
          -90.68590289792652,
          -90.21698111658115,
          -88.36103259430546,
          -90.24725978395176,
          -87.55143344725246,
          -89.7307466490182,
          -88.179449786383,
          -90.7132543377059,
          -89.94425060746529,
          -89.40919796573883,
          -90.06798253159609,
          -90.58911475615793,
          -90.24154564681285,
          -90.4570670114951,
          -90.5207807366318,
          -91.0306760215442,
          -91.32022079958966,
          -89.01339506641403,
          -92.59668946132687,
          -92.44840783131424,
          -91.82772857993669,
          -91.96245695565275,
          -90.39341318132178,
          -90.21104850585488,
          -90.34779085967028,
          -92.47073350309321,
          -92.0771327092208,
          -92.73610368108838,
          -92.64261433237053,
          -92.45142719151319,
          -92.63063619138255,
          -92.25649835806175,
          -92.71637197671268,
          -92.55023579938111,
          -92.35285366735556,
          -92.56737264348192,
          -90.68102851556444,
          -93.00716354188738,
          -91.80134539605052,
          -93.53719743387788,
          -93.39919545209108,
          -93.05984342294514,
          -93.3564734817316,
          -93.65198742098029,
          -93.42010408448945,
          -93.72187013973478,
          -93.72046494997561
        ]
      ],
      [
        [
          -71.9031160436378,
          -68.88211237418196,
          -74.98843567249098,
          -72.23155042445549,
          -74.60974438114202,
          -75.90128826536541,
          -60.88704086071297,
          -81.03231920964846,
          -79.42578993166595,
          -77.90061708326921,
          -78.76683871921321,
          -80.39827325438031,
          -81.20470860449117,
          -78.69341763172562,
          -75.19454554528414,
          -76.8325901220948,
          -81.71450235903352,
          -83.75643305795194,
          -80.96174112729175,
          -82.65811881525637,
          -83.24047796725189,
          -84.03896779840987,
          -75.4728937065637,
          -85.13374619340141,
          -85.51213220431666,
          -84.41383834658352,
          -85.494526490288,
          -85.82423850455437,
          -85.1186528518258,
          -85.02667356302312,
          -85.1678161004474,
          -84.90937636828109,
          -85.35138045498502,
          -85.73673955749165,
          -84.53357333156255,
          -85.1070021200452,
          -85.07312614297425,
          -85.14035163945694,
          -84.98670106443107,
          -84.82933157851454,
          -84.25541096286965,
          -85.28763826786697,
          -84.91252202220575,
          -84.78959935618853,
          -84.65830419197984,
          -85.29001877806242,
          -85.71725260989633,
          -85.50319131723712,
          -85.12131370819965,
          -83.91428573926045,
          -84.42511617614728,
          -84.37826368469686,
          -86.17757498920906,
          -89.89002744108417,
          -89.05240831711953,
          -90.05744492174163,
          -90.6553361544384,
          -91.13770591382256,
          -90.25384726022023,
          -86.62130979147607,
          -91.27362952634788,
          -89.91056485776758,
          -91.9039732643713,
          -91.95817610678075,
          -91.53572769224016,
          -87.9593534965461,
          -91.99428594977363,
          -85.38966833512613,
          -91.22435281345537,
          -90.94089657996015,
          -91.18882264117835,
          -91.45095040932175,
          -91.01762033379686,
          -90.23273440058739,
          -91.40373588678742,
          -91.63571901281331,
          -90.78933870545359,
          -85.69190795272111,
          -90.63200657553355,
          -87.78058190574897
        ]
      ],
      [
        [
          -79.7977594478826,
          -76.19587738652959,
          -76.2513478697569,
          -80.27768949585806,
          -79.21648926076814,
          -80.3603212987072,
          -79.69444430184372,
          -83.10760870464246,
          -82.60926534678146,
          -84.85532327514392,
          -86.62091468049218,
          -87.2563346584452,
          -87.15086814863312,
          -86.82437985283352,
          -87.8237688709607,
          -89.71253079327289,
          -86.39635330188872,
          -89.47580363377415,
          -86.94621917289818,
          -84.89875221759652,
          -89.50914390424379,
          -88.7789529261741,
          -85.90135763988425,
          -87.82499760548676,
          -89.34900092122612,
          -89.36820897152957,
          -89.93438251562512,
          -89.40329639092651,
          -89.24530583879366,
          -89.28988791060328,
          -89.38958609490983,
          -89.58245238961865,
          -89.6125826683002,
          -89.93945817796262,
          -89.63936208548287,
          -89.54190675967436,
          -89.34674693797325,
          -89.00659887604965,
          -89.49698314814844,
          -89.24456635701927,
          -89.63412179299543,
          -90.00227674569825,
          -89.49681246332227,
          -89.14262739893691,
          -89.38090799385182,
          -89.62014867679811,
          -89.53924737316876,
          -89.40223486867201,
          -89.72630945265082,
          -89.29012948866466,
          -89.0958545472238,
          -89.66153171762305,
          -89.46065365362625,
          -89.19147466371774,
          -89.28681317041782,
          -89.30469907178355,
          -90.17644904775517,
          -90.32029650537402,
          -89.41381176468465,
          -89.63890638851052,
          -89.57441392597967,
          -89.78105666103986,
          -89.69476873791297,
          -89.69611940068046,
          -89.46289485513236,
          -90.02009751212042,
          -89.71859895397291,
          -89.683776053962,
          -89.5198131417159,
          -89.76106922720743,
          -89.35948259739288,
          -89.2211421275808,
          -89.20722351887493,
          -89.24016640693479,
          -86.92253930953868,
          -88.26526908277694,
          -89.27995073117069,
          -86.6087110003977,
          -89.63006994563429,
          -89.44782900587154
        ]
      ]
    ]
  },
  {
    "vqe2_energy": [
      -108.31426343489889,
      -108.31427787900654,
      -99.5631449954172
    ],
    "vqe2_vector": [
      [
        1,
        1,
        0,
        1,
        1,
        0,
        0,
        1
      ],
      [
        1,
        1,
        0,
        0,
        1,
        1,
        0,
        0
      ],
      [
        1,
        0,
        1,
        1,
        0,
        0,
        1,
        1
      ]
    ],
    "vqe2_min_error": [
      6.3149359191355785,
      6.314923425885766,
      13.884106089182824
    ],
    "vqe2_params": [
      [
        2.5246737689695187,
        1.0960507721202803,
        5.939717897913002,
        1.153578370507049,
        2.7572642748443075,
        4.809869391546872,
        0.26693907443692694,
        0.6584998019898534,
        4.967542144973937,
        4.585490328224799,
        2.3430351114285006,
        5.9740930766375575,
        3.308112776365868,
        2.765047251705324,
        5.626256193736898,
        4.690034938268725,
        0.7951216141459488,
        5.265028661979172,
        4.678627769894525,
        4.820772890677748,
        0.6621465223793299,
        1.5212039425503767,
        2.546909079242481,
        2.136448689453412,
        2.930894219563058,
        5.847648616726625,
        4.843327579064962,
        4.998355129382766,
        3.9435386823914276,
        2.717860247624519,
        2.8445720289857888,
        0.6010992426078855
      ],
      [
        3.577034320376666,
        4.838546203108301,
        2.7711059388775614,
        4.933510747933196,
        3.675354952386928,
        4.411300252362318,
        4.444227211023638,
        4.966693272612842,
        4.135086268400636,
        2.869815642290652,
        2.3607158126963994,
        1.5418573375827265,
        5.69230794695698,
        5.594761803927456,
        2.1559265195310955,
        5.437033827837301,
        4.544572778766843,
        3.185264659122951,
        3.025235432784729,
        4.455953276578738,
        2.8347631516791116,
        3.8163936855262524,
        1.5866000402209728,
        6.098400130572584,
        4.511254753799712,
        1.6472118721103888,
        4.600081696245135,
        1.666222224505789,
        4.733765503261361,
        1.6326511755902136,
        2.50693890499629,
        5.157056810060713,
        3.5735645460517858,
        3.164026775374676,
        4.8472530256270945,
        5.535965716484543,
        3.116334500609616,
        0.05204608870723651,
        2.1256731363644716,
        4.3378071131718015,
        4.528751627121505,
        0.42328276311432556,
        7.012829092802568,
        2.994239203497796,
        3.9344363294102855,
        4.101099214628244,
        4.258169887936556,
        2.81159930796302
      ],
      [
        5.190715244622395,
        4.048741491002643,
        2.747499907496923,
        1.0784082586134018,
        5.9748948119001986,
        3.4145795925340816,
        4.825358626016274,
        5.619671685077527,
        1.2569034257207417,
        6.3914821889666555,
        4.9489407498914675,
        4.127005534028043,
        4.87962548699891,
        1.1416095454601922,
        4.234207045223459,
        4.25926489669556,
        1.9129614304509361,
        1.4343685372364088,
        3.1249006771702588,
        3.165762746366166,
        4.801831387895958,
        3.7894404001261797,
        2.1209455715489813,
        1.2975819500871086,
        1.5718791136633852,
        4.762466288071791,
        5.886954300327434,
        4.897137253658565,
        5.347919631375565,
        0.17421903775974806,
        1.7114064429058886,
        2.655053664663054,
        4.618191208947826,
        0.08125516026113214,
        5.954863734411744,
        1.4129146392761773,
        2.0659289699197387,
        5.6860452887385975,
        6.101308879458261,
        3.7516472254005624,
        5.184596094278335,
        4.715006695547344,
        4.062788008766078,
        0.7869098807161952,
        3.741369132944124,
        0.9068047571129222,
        0.9769821275836823,
        2.712822680174892,
        0.0005205956528042191,
        0.2917461062647334,
        0.12410631871424763,
        5.47397336247552,
        5.9387529022543415,
        2.053564595304326,
        2.3741818806409927,
        2.5523462979770475,
        0.4642771522224408,
        5.494257423124747,
        1.0517744242441318,
        1.7009090924466785,
        0.9853472617508563,
        3.9732302721323354,
        5.824849981032806,
        6.128643252130174,
        5.940325950037989,
        3.1921751743326454,
        3.6565257557613364,
        3.9126592228140598,
        2.9779954751893873,
        5.925951748819971,
        3.8344407878514755,
        2.0285259974114838
      ]
    ],
    "vqe2_time": [
      7.302095890045166,
      3.6464908123016357,
      7.538462400436401
    ],
    "solution_vector": [
      0,
      0,
      0,
      0,
      1,
      1,
      1,
      1
    ],
    "solution_min_energy": -115.61529524216074,
    "solution_time": 0.02137446403503418,
    "matrix_size": 8,
    "qubo_matrix": [
      [
        -27.05355598603147,
        3.600473600591558,
        7.200947201183116,
        1.800236800295779,
        1.80023670107441,
        3.60047340214882,
        7.20094680429764,
        1.80023670107441
      ],
      [
        3.600473600591558,
        -50.50663837147138,
        14.401894402366231,
        3.600473600591558,
        3.60047340214882,
        7.20094680429764,
        14.40189360859528,
        3.60047340214882
      ],
      [
        7.200947201183116,
        14.401894402366231,
        -86.61138234057653,
        7.200947201183116,
        7.20094680429764,
        14.40189360859528,
        28.80378721719056,
        7.20094680429764
      ],
      [
        1.800236800295779,
        3.600473600591558,
        7.200947201183116,
        -27.05355598603147,
        1.80023670107441,
        3.60047340214882,
        7.20094680429764,
        1.80023670107441
      ],
      [
        1.80023670107441,
        3.60047340214882,
        7.20094680429764,
        1.80023670107441,
        -27.053571197504183,
        3.600474083495454,
        7.200948166990908,
        1.800237041747727
      ],
      [
        3.60047340214882,
        7.20094680429764,
        14.40189360859528,
        3.60047340214882,
        3.600474083495454,
        -50.50666831151292,
        14.401896333981815,
        3.600474083495454
      ],
      [
        7.20094680429764,
        14.40189360859528,
        28.80378721719056,
        7.20094680429764,
        7.200948166990908,
        14.401896333981815,
        -86.61144028904401,
        7.200948166990908
      ],
      [
        1.80023670107441,
        3.60047340214882,
        7.20094680429764,
        1.80023670107441,
        1.800237041747727,
        3.600474083495454,
        7.200948166990908,
        -27.053571197504183
      ]
    ],
    "ansatze": [
      "twolocal",
      "alternating_ry_rz",
      "random_circuit"
    ],
    "histories_energy": [
      [
        [
          -100.095256825693,
          -98.56116587305162,
          -97.4512571269728,
          -100.05097593283627,
          -102.7822772972365,
          -104.59613196699293,
          -102.2312661166769,
          -101.44905293937387,
          -102.9713644503507,
          -103.50504553129983,
          -102.4429171094273,
          -103.90115350432015,
          -104.18363379130336,
          -104.05950887328729,
          -102.02490483509028,
          -104.7388760886147,
          -105.17298564224733,
          -104.33242691102728,
          -104.297924826228,
          -104.63196156080652,
          -103.88459238998593,
          -103.61228309789998,
          -100.96221077402024,
          -104.59569076051947,
          -104.79743667711283,
          -104.47100600991013,
          -105.9201402893669,
          -104.98307306830395,
          -104.9949074559692,
          -104.74881945781021,
          -104.88956124809003,
          -104.84527761219024,
          -105.25710919474943,
          -101.92111279475473,
          -105.20521582793594,
          -101.16186161806989,
          -104.2892022655847,
          -103.80696821284168,
          -104.31748367979534,
          -104.44366903368172,
          -105.032133710403,
          -104.91406447342078,
          -105.09019700180549,
          -104.90406286955572,
          -103.92049404780693,
          -104.8314971938678,
          -105.59793228974863,
          -105.34295289256458,
          -105.40023946639967,
          -105.1224235685846,
          -104.43266524054893,
          -105.2393306404218,
          -104.685415843677,
          -105.52219898738949,
          -105.29033377272268,
          -103.91954502010358,
          -106.15678274300629,
          -105.55853844691559,
          -105.22738592147988,
          -106.08994137259417,
          -105.00918570135308,
          -106.21578875676411,
          -105.84846275287185,
          -106.47293564007258,
          -106.28607648930961,
          -105.23871653499613,
          -105.94053176557422,
          -106.0808254998988,
          -105.37373316076611,
          -105.30161462573386,
          -106.2115656956661,
          -105.80545794037621,
          -104.99229649780183,
          -105.94997968719031,
          -105.77150871895756,
          -105.56931320927288,
          -106.02570903922845,
          -105.44074056181239,
          -104.85738799268692,
          -105.76011608448569
        ]
      ],
      [
        [
          -98.64834735874122,
          -97.50519348257293,
          -97.6166383651179,
          -99.00417668800132,
          -100.113991561856,
          -99.54585890415562,
          -101.54556911473651,
          -99.10585827000912,
          -99.81645296641463,
          -100.70473331333783,
          -99.52965181329716,
          -98.69596826357912,
          -101.76421117027152,
          -100.95088035827843,
          -93.9361228900085,
          -98.81588021853969,
          -101.62847236364269,
          -101.39899537824759,
          -101.06111670381331,
          -98.90488027286287,
          -99.96269320328936,
          -101.58252049651614,
          -92.11082639556693,
          -99.21104334232756,
          -100.62717477642052,
          -100.9273787893163,
          -101.538069828253,
          -101.1966377155743,
          -100.4859325606079,
          -100.11449631585954,
          -100.66573412941172,
          -100.25495665692677,
          -101.61102548223533,
          -101.6412517626172,
          -101.41149918590583,
          -100.16155682987828,
          -100.51254774386479,
          -100.69062499023072,
          -101.3267653207715,
          -101.1845797545591,
          -100.65984346169412,
          -100.36152847239154,
          -100.56116391884981,
          -102.15242896053829,
          -101.05467353112698,
          -100.50615875251364,
          -101.2461985895836,
          -100.03881664852018,
          -100.64984272839037,
          -105.44519740182169,
          -103.6110656873804,
          -105.7652956827688,
          -102.1536483794084,
          -106.41221213843083,
          -105.31094264126024,
          -105.84897129969721,
          -104.4951789607711,
          -106.23907439005124,
          -104.7782870525205,
          -104.58408226989012,
          -102.85735438614803,
          -106.53133817030961,
          -103.20873244267332,
          -103.74563982426338,
          -102.9625292131664,
          -104.33321341124176,
          -104.21019274183253,
          -104.29421082918576,
          -105.48553380156152,
          -106.32614521527839,
          -105.00113652898084,
          -105.15465685460757,
          -105.447862588843,
          -106.32958989387465,
          -105.48386708594394,
          -105.9954364625811,
          -105.62727411317279,
          -105.53565294278631,
          -105.84458166907777,
          -106.16479175578922
        ]
      ],
      [
        [
          -102.27577145497057,
          -98.80242345278309,
          -99.7483838818465,
          -99.50663635990719,
          -102.99780955821313,
          -101.26902904229303,
          -102.42117810022123,
          -99.98841406431671,
          -100.47903483424315,
          -95.93815470869404,
          -103.77674397195256,
          -102.22865379224346,
          -101.93277829198023,
          -99.62914383695222,
          -101.18412577365774,
          -101.19623789240693,
          -101.18184725218194,
          -103.17610947805125,
          -102.57396980830156,
          -101.6325163815393,
          -102.42084600428119,
          -101.4199878063913,
          -100.50320212543689,
          -99.95868723196622,
          -101.60968075066074,
          -103.68978837052504,
          -103.12165759405929,
          -102.91690753551806,
          -102.41506275696736,
          -101.77553470264539,
          -103.18400013796735,
          -102.6794329070286,
          -104.2198018329264,
          -102.61953480228237,
          -102.48835207295113,
          -103.01858786572603,
          -103.14143819742993,
          -102.1672528103351,
          -102.5366915276901,
          -102.7191037209489,
          -102.41839938309666,
          -102.82306259478744,
          -102.61470100624496,
          -102.18708937363611,
          -101.88027094077012,
          -103.33157344624043,
          -102.60997835114682,
          -103.87481235154544,
          -102.31755227904648,
          -103.22533844245478,
          -103.67250795712783,
          -103.38863743468382,
          -103.91676214891982,
          -103.62050115890636,
          -102.95163488461161,
          -102.23070630971499,
          -103.39408212647949,
          -103.13032465399826,
          -102.8494545130911,
          -103.09220904973105,
          -103.13810340390766,
          -103.19361046978575,
          -102.61331184286217,
          -102.42034149125118,
          -103.350798484707,
          -101.83426454398882,
          -102.3876723346267,
          -103.72579302462333,
          -103.78852267934515,
          -102.84273225636674,
          -103.8619775571436,
          -102.88651573731818,
          -102.79139038477584,
          -104.37965677111106,
          -97.39639956519622,
          -102.30977278073428,
          -103.50142916674878,
          -98.57355482176388,
          -102.36733448509165,
          -100.36112862208272
        ]
      ]
    ]
  },
  {
    "vqe2_energy": [
      -109.56089149154047,
      -115.074075573404,
      -109.76609959675005
    ],
    "vqe2_vector": [
      [
        1,
        1,
        0,
        0,
        0,
        1,
        0,
        1
      ],
      [
        1,
        1,
        0,
        1,
        0,
        1,
        0,
        1
      ],
      [
        1,
        0,
        1,
        0,
        1,
        0,
        1,
        0
      ]
    ],
    "vqe2_min_error": [
      6.320741154428022,
      1.6067324270706118,
      6.145279427680195
    ],
    "vqe2_params": [
      [
        7.178335700220149,
        1.091355376872938,
        3.1662196237089257,
        0.27473830484909245,
        -0.061320987253128956,
        4.708388531853577,
        4.694609864928928,
        5.0880627862567955,
        0.6116266096622022,
        3.6446037865242555,
        1.3945032057384845,
        2.1134462398996123,
        1.9777453992044505,
        -0.08614351127729417,
        1.5626611472584035,
        0.7998959766895548,
        1.2987908275745876,
        -0.37584437777173546,
        6.081174507414753,
        0.98141964340263,
        6.39605947888019,
        5.1999034180204795,
        6.178325457085835,
        1.581121526020227,
        3.7239847975092113,
        5.599587860301129,
        2.031573973874376,
        6.173247422433443,
        5.519723125770481,
        4.807218113558426,
        0.5548744965285278,
        0.19320312124967523
      ],
      [
        -0.42431198132109027,
        1.825205686700317,
        3.1154887342035225,
        0.004731068737743997,
        2.4595246032627465,
        6.629650875209753,
        0.6201615885647458,
        2.7103042399931856,
        0.2464902022564725,
        7.278733312497411,
        4.108654028755346,
        4.453213863348923,
        0.12105069319186788,
        7.384505050529734,
        0.7963893235247627,
        4.529102884928035,
        2.154911983390111,
        1.9861781147799478,
        2.8504727297813415,
        4.692722740185765,
        0.4664955441409734,
        1.1725375909459248,
        3.1658205912928947,
        0.6574478036686838,
        5.191180224416278,
        2.9508944355789137,
        5.187292387033973,
        5.449447241972368,
        1.5603113905343922,
        4.363084955325973,
        3.2084396433689806,
        4.157534053917347,
        5.233061151606543,
        3.5583662793035065,
        4.556558131113321,
        1.2201550495379228,
        1.7464176373977196,
        1.0648925681478343,
        2.4704071512794252,
        2.159375793146133,
        4.3323063087534806,
        4.175129565317433,
        0.4759152054720458,
        0.16055066359009704,
        3.5423211918696107,
        0.022279878442127487,
        2.7324982573662098,
        4.607480522676281
      ],
      [
        2.354676527111034,
        1.0787130219963268,
        3.7901764031043412,
        4.1018936686701615,
        4.963208422208701,
        7.128625791413779,
        1.8256475112026722,
        4.288119288388374,
        2.4847626121533883,
        5.985082672598016,
        6.23995652521425,
        2.8718682009831573,
        2.619334497996477,
        1.4243891599864429,
        2.6082838558774903,
        1.4573342388893058,
        4.618862856583112,
        1.4791527939743818,
        2.625235186590819,
        6.941801829981337,
        2.8068020388706234,
        3.9989186812588033,
        3.787683417677549,
        0.6703047669310102,
        3.9446608725501466,
        3.8440224050931446,
        5.448316190553217,
        5.745705713936301,
        1.023453924189177,
        4.9215549172980495,
        1.6972129509254688,
        2.5039658921081585,
        5.242254848123177,
        1.7472072729684371,
        0.798899886648733,
        1.340322371555121,
        0.299128893504617,
        4.985662875048628,
        5.144955816264065,
        0.3639328503832175,
        0.8275314780881631,
        0.32281897524108166,
        3.371515205547048,
        3.6599199814966097,
        3.7473133176625093,
        5.28668129187106,
        2.046150483805186,
        3.33732021681162,
        5.151316441267178,
        6.161297814943983,
        3.6119012337992076,
        6.463730037624085,
        0.4375454091390334,
        4.241607886003964,
        1.1653283023263936,
        5.471105915654541,
        4.843149326357766,
        0.9699262898974708,
        5.492940102680351,
        2.674765580476319,
        5.454787149146356,
        0.8803044010717105,
        1.0558892350920634,
        1.725741640696346,
        5.16579355633826,
        0.6875513318000851,
        5.03456844421993,
        0.039001896152082986,
        1.9979690242878692,
        5.396531875746803,
        1.6680920750580477,
        6.597096763832461
      ]
    ],
    "vqe2_time": [
      8.067639589309692,
      7.249234437942505,
      7.069932699203491
    ],
    "solution_vector": [
      0,
      0,
      0,
      0,
      1,
      1,
      1,
      1
    ],
    "solution_min_energy": -116.95320057148295,
    "solution_time": 0.02205681800842285,
    "matrix_size": 8,
    "qubo_matrix": [
      [
        -27.36379922425289,
        3.641769289619597,
        7.283538579239194,
        1.8208846448097984,
        1.8208845455884295,
        3.641769091176859,
        7.283538182353718,
        1.8208845455884295
      ],
      [
        3.641769289619597,
        -51.085829158886185,
        14.567077158478387,
        3.641769289619597,
        3.641769091176859,
        7.283538182353718,
        14.567076364707436,
        3.641769091176859
      ],
      [
        7.283538579239194,
        14.567077158478387,
        -87.60458115929399,
        7.283538579239194,
        7.283538182353718,
        14.567076364707436,
        29.134152729414872,
        7.283538182353718
      ],
      [
        1.8208846448097984,
        3.641769289619597,
        7.283538579239194,
        -27.36379922425289,
        1.8208845455884295,
        3.641769091176859,
        7.283538182353718,
        1.8208845455884295
      ],
      [
        1.8208845455884295,
        3.641769091176859,
        7.283538182353718,
        1.8208845455884295,
        -27.365344275267596,
        3.6417697725234923,
        7.283539545046985,
        1.8208848862617462
      ],
      [
        3.641769091176859,
        7.283538182353718,
        14.567076364707436,
        3.641769091176859,
        3.6417697725234923,
        -51.088918778011696,
        14.56707909009397,
        3.6417697725234923
      ],
      [
        7.283538182353718,
        14.567076364707436,
        29.134152729414872,
        7.283538182353718,
        7.283539545046985,
        14.56707909009397,
        -87.61075846592942,
        7.283539545046985
      ],
      [
        1.8208845455884295,
        3.641769091176859,
        7.283538182353718,
        1.8208845455884295,
        1.8208848862617462,
        3.6417697725234923,
        7.283539545046985,
        -27.365344275267596
      ]
    ],
    "ansatze": [
      "twolocal",
      "alternating_ry_rz",
      "random_circuit"
    ],
    "histories_energy": [
      [
        [
          -89.43972067230969,
          -89.6601397458944,
          -87.43527649897477,
          -89.362287763871,
          -84.36035890946268,
          -86.0904780954163,
          -70.87385649948554,
          -83.16928418905945,
          -93.0034313511249,
          -92.37723176234138,
          -91.81923075068022,
          -94.76974885482093,
          -92.96187934310248,
          -93.84896565550085,
          -92.80812426669208,
          -90.8739269562736,
          -93.6334733144372,
          -91.35283310301018,
          -91.38908194356874,
          -90.54645496766793,
          -90.02460330610279,
          -96.15834795663861,
          -98.82275100912256,
          -101.05214897225352,
          -101.44242991070251,
          -101.18718722033847,
          -102.08377074984497,
          -101.83093771440426,
          -101.06081108558749,
          -101.46104852928337,
          -101.41754405032628,
          -101.82045731055774,
          -100.7538608978532,
          -101.09102578292608,
          -102.14142231768525,
          -103.74173967930767,
          -103.21704379402962,
          -103.83519473906307,
          -102.43753710523917,
          -100.14724142657259,
          -103.29746833404573,
          -103.46306732211556,
          -104.63241615602165,
          -103.99424439630124,
          -104.6217804259962,
          -105.24580694623228,
          -104.51995956574225,
          -105.05606290040011,
          -104.96083991350608,
          -104.1694105023599,
          -104.99625155719235,
          -104.90269548748951,
          -104.54304888753839,
          -105.13423484761685,
          -104.90384267449609,
          -102.59747411231871,
          -104.83305445112853,
          -103.26536135438818,
          -105.24252470170384,
          -105.2331898383857,
          -103.50118197629172,
          -107.10699233149434,
          -106.02340872632051,
          -106.4014176217679,
          -106.64452335719947,
          -105.2397075458727,
          -106.09052661685072,
          -105.60333672646536,
          -107.23720341699783,
          -103.05929607182429,
          -107.45706394311225,
          -106.58516586244104,
          -105.76976867261916,
          -108.58179137971314,
          -109.27009328611213,
          -108.30958974503702,
          -109.5571863111741,
          -109.22013946668396,
          -107.38484546122835,
          -108.90098225403244
        ]
      ],
      [
        [
          -97.41706437040833,
          -96.64199071217953,
          -95.14085638442091,
          -96.47943877372524,
          -97.2125270384688,
          -96.97851949353955,
          -98.24475995082327,
          -96.22889234752233,
          -97.50460145837661,
          -97.51767646488554,
          -98.47342910951957,
          -96.01033349364049,
          -98.98710049515215,
          -97.18830212741842,
          -99.8198650535524,
          -98.48593414237956,
          -100.53452721611417,
          -100.45781461253756,
          -96.36865754412243,
          -100.60423832023895,
          -100.50016507940795,
          -97.9805208396547,
          -99.67151198379321,
          -97.82328061419803,
          -100.02376288814658,
          -99.3280355653063,
          -99.23192395538975,
          -99.88291643918348,
          -99.77118029931768,
          -99.33149325208427,
          -100.47147204421763,
          -99.63366112841109,
          -100.42730504743884,
          -100.69779038057337,
          -99.71653925381796,
          -100.32700632035014,
          -100.00283100281061,
          -100.15013328297465,
          -99.6428750794264,
          -100.02943805069954,
          -100.28817541157727,
          -100.5322696454653,
