[
  {
    "vqe2_energy": [
      -115.1868124909931,
      -116.95113734649209,
      -115.18528246281096
    ],
    "vqe2_vector": [
      [
        1,
        1,
        0,
        0,
        0,
        1,
        1,
        0
      ],
      [
        0,
        1,
        1,
        0,
        0,
        1,
        0,
        0
      ],
      [
        0,
        0,
        1,
        0,
        1,
        0,
        1,
        0
      ]
    ],
    "vqe2_min_error": [
      1.5163366481774299,
      0.007855153164260109,
      1.5176448081755223
    ],
    "vqe2_params": [
      [
        6.004663284402887,
        3.039189914466503,
        5.025731784438859,
        7.157859288405919,
        3.727101961871724,
        4.179226135729916,
        1.6519599958270863,
        2.9262808204660335,
        0.5288561318728013,
        6.362950213204736,
        1.5413204844335457,
        4.4063859968855414,
        2.1217799119590346,
        4.957824418140171,
        2.7453600013482604,
        0.43116289169099176,
        6.1495057913668,
        5.285630922952962,
        2.1224796912282535,
        4.500458090919591,
        3.924856933593882,
        2.5290617447164467,
        5.29369495560719,
        6.009473935886378,
        0.5508156384198564,
        3.570077651346802,
        2.5735797026715277,
        5.046913564589896,
        1.6836632556539408,
        2.343745130384363,
        6.034189643730995,
        2.225412452466975
      ],
      [
        3.8744912410427954,
        4.094570481167414,
        2.6321760774891714,
        6.072262256665756,
        0.4361771208276794,
        6.079079809703681,
        6.624672971826782,
        2.238363082353664,
        5.656780084041778,
        3.4272267530745135,
        4.220008608101479,
        4.862837465091428,
        1.7870275520533538,
        0.08693579925288963,
        6.055979574209161,
        2.1077699320402865,
        2.9155715317943782,
        0.35733587647047965,
        4.273629282170786,
        1.1566197946917047,
        4.815042417436264,
        2.8318635242856347,
        2.374325994404854,
        0.3563857164533858,
        0.9740644916338062,
        1.730367763064446,
        3.4843679494806836,
        3.468622298905051,
        1.7943767022556045,
        1.6978559709550227,
        -0.05590299563911812,
        3.6756718529303747,
        4.616211799853332,
        3.5162994653230992,
        0.2199552047432763,
        1.9162073329579061,
        3.509354150155297,
        0.7078899247236257,
        4.093963460693281,
        4.6107392322201015,
        1.934704609939315,
        1.876948337627047,
        2.73699134302325,
        0.9396292494659771,
        1.8422596803019506,
        1.9198697977510772,
        5.967328775925365,
        1.2473543332934718
      ],
      [
        1.0861224794388071,
        4.654583656032374,
        2.3177962955707514,
        1.2297334994857454,
        0.2354306062619672,
        1.0350932941034183,
        1.1476968204570277,
        4.569042753512341,
        1.299849766220019,
        3.0857805524163475,
        2.6602836245367536,
        2.5217427757644644,
        6.9553791876045405,
        1.5349056778580163,
        4.010677293322582,
        5.141345308387134,
        4.4411771096983905,
        2.287459898445265,
        4.03396739377586,
        6.319874661418202,
        4.768590163218326,
        6.56328876850415,
        3.33208259929696,
        6.222718095860027,
        1.3173037487198234,
        7.274710825033942,
        3.5652437192483544,
        6.122464640606529,
        5.583305570137539,
        3.6067740243299236,
        4.959791943609397,
        2.295767965616469,
        4.493001075308192,
        2.3915889331391833,
        5.700963223066373,
        5.674238415621172,
        3.018750847828133,
        3.7299094635637444,
        6.4502200661613065,
        3.6318268059519068,
        4.294883578136842,
        4.2107881466133525,
        1.3671741241569015,
        4.93201041204839,
        1.7397543958784434,
        5.612146782962961,
        4.159001639003367,
        5.568671479788387,
        4.319229972312004,
        0.5499187186971848,
        0.32902641431780505,
        3.478406765374647,
        3.6641116965222107,
        5.449576820422937,
        0.9537186224743709,
        6.239926188445768,
        4.777499335427861,
        2.6982313051175133,
        3.544006405937084,
        0.9339811777805346,
        4.889174955817648,
        3.86238459396456,
        3.9622674400106694,
        1.3171191487092142,
        1.5796115462499882,
        4.03151425697122,
        2.334404179085095,
        5.398570211114643,
        4.382684243088057,
        5.0195328535576484,
        3.2846681681766046,
        6.18013735754243
      ]
    ],
    "vqe2_time": [
      6.851109027862549,
      5.1091814041137695,
      11.400631666183472
    ],
    "solution_vector": [
      0,
      0,
      0,
      0,
      1,
      1,
      1,
      1
    ],
    "solution_min_energy": -116.96032475914333,
    "solution_time": 0.023120641708374023,
    "matrix_size": 8,
    "qubo_matrix": [
      [
        -27.365488088046575,
        3.641995179297827,
        7.283990358595654,
        1.8209975896489135,
        1.820997093542069,
        3.641994187084138,
        7.283988374168276,
        1.820997093542069
      ],
      [
        3.641995179297827,
        -51.08898099679533,
        14.567980717191308,
        3.641995179297827,
        3.641994187084138,
        7.283988374168276,
        14.567976748336552,
        3.641994187084138
      ],
      [
        7.283990358595654,
        14.567980717191308,
        -87.60998127639934,
        7.283990358595654,
        7.283988374168276,
        14.567976748336552,
        29.135953496673103,
        7.283988374168276
      ],
      [
        1.8209975896489135,
        3.641995179297827,
        7.283990358595654,
        -27.365488088046575,
        1.820997093542069,
        3.641994187084138,
        7.283988374168276,
        1.820997093542069
      ],
      [
        1.820997093542069,
        3.641994187084138,
        7.283988374168276,
        1.820997093542069,
        -27.367032173253488,
        3.6419975938173064,
        7.283995187634613,
        1.8209987969086532
      ],
      [
        3.641994187084138,
        7.283988374168276,
        14.567976748336552,
        3.641994187084138,
        3.6419975938173064,
        -51.092066752689675,
        14.567990375269225,
        3.6419975938173064
      ],
      [
        7.283988374168276,
        14.567976748336552,
        29.135953496673103,
        7.283988374168276,
        7.283995187634613,
        14.567990375269225,
        -87.61614313011012,
        7.283995187634613
      ],
      [
        1.820997093542069,
        3.641994187084138,
        7.283988374168276,
        1.820997093542069,
        1.8209987969086532,
        3.6419975938173064,
        7.283995187634613,
        -27.367032173253488
      ]
    ],
    "ansatze": [
      "twolocal",
      "alternating_ry_rz",
      "random_circuit"
    ],
    "histories_energy": [
      [
        [
          -98.79822727806663,
          -98.69271431705336,
          -97.44786570105514,
          -96.93908533885957,
          -99.58526932133142,
          -97.45183110801122,
          -97.46054469123071,
          -99.03062562944146,
          -99.30477905806444,
          -98.41211312773424,
          -99.78756371513975,
          -99.44725109707926,
          -99.473429771636,
          -100.31086746783603,
          -99.10008734892813,
          -102.99106778446343,
          -102.66497316246132,
          -103.0040015642823,
          -101.83381288791463,
          -101.78863456987187,
          -102.8591943861318,
          -99.66459897397813,
          -101.11027091068495,
          -101.7278315010918,
          -103.64964121058873,
          -102.99979028977467,
          -102.50592539282547,
          -102.63173480060742,
          -102.8110343627757,
          -103.52502724997477,
          -101.83607831394065,
          -101.59294708461587,
          -101.64857796504747,
          -101.33192637720137,
          -99.23627108568955,
          -100.44275967066501,
          -102.19444810172016,
          -101.36962934314495,
          -102.08422246993301,
          -101.98864373124945,
          -99.55977437928381,
          -103.89562165501974,
          -104.53446760491744,
          -103.74317087164013,
          -103.75480784274214,
          -104.46316219090117,
          -103.85127053503439,
          -102.26262917646135,
          -102.34019522100003,
          -104.20368435668178,
          -104.55123055000752,
          -103.73741327114276,
          -104.7957303074049,
          -104.92426925636026,
          -105.10850842601234,
          -104.1411455872783,
          -106.51529272846591,
          -106.07914723596117,
          -105.18958357125206,
          -106.3686981660469,
          -105.29388405013995,
          -105.81822355644145,
          -106.41965215358628,
          -105.87148560032695,
          -105.87933020034359,
          -106.1842380360656,
          -106.86649872302324,
          -105.59729012598663,
          -106.07357388509618,
          -106.42057951852141,
          -106.25903317509288,
          -106.17892908900672,
          -105.19550543551627,
          -106.5426200866138,
          -106.5533636177041,
          -105.58918106624026,
          -107.21994505762017,
          -106.53555195024687,
          -107.59745760181204,
          -107.3329137623086
        ]
      ],
      [
        [
          -96.27555313359268,
          -97.23841441169415,
          -107.50199741649573,
          -107.6379422792899,
          -106.0728670436548,
          -107.48433280307971,
          -107.75842145735785,
          -108.10768987602049,
          -107.87466511129837,
          -109.46464952328839,
          -100.97516921261611,
          -108.89614532209808,
          -108.46846254354399,
          -109.91213351923086,
          -103.24972680263531,
          -109.2890656392543,
          -108.95815188601838,
          -108.83636661223994,
          -105.04522288764277,
          -108.37536059742634,
          -109.30864702574975,
          -109.4651387558383,
          -99.0529776762722,
          -109.04418199748298,
          -109.29726423643008,
          -108.78743789610564,
          -110.07578381083843,
          -108.97726104881087,
          -109.43212344356546,
          -109.45519304330722,
          -109.4474348092618,
          -108.79231534311418,
          -109.26360165742874,
          -108.77483241298296,
          -109.57810947742925,
          -108.96144225095422,
          -109.22833926284092,
          -108.79960706607075,
          -109.33997332627519,
          -109.92825249950285,
          -109.2198434682365,
          -108.66098948062029,
          -109.88576551373899,
          -109.59392467305052,
          -109.06038107138015,
          -108.68139146554829,
          -109.24855727793484,
          -109.97758094694134,
          -110.0948081869006,
          -110.94798503921216,
          -110.81212892064204,
          -111.2355657575489,
          -111.03110649648248,
          -99.38993496567929,
          -111.27497603071532,
          -108.58991496820032,
          -111.60163732761427,
          -102.90679317315814,
          -107.86982542689209,
          -99.03333979337324,
          -111.0027236377535,
          -110.26342115625044,
          -111.31941393936593,
          -111.59886399077156,
          -111.41587233538814,
          -112.07290843584472,
          -112.0124099317817,
          -112.60049439896834,
          -112.18387782626601,
          -113.16598031083521,
          -112.98089571745389,
          -112.82277660429001,
          -113.00093812047605,
          -112.14465663494008,
          -113.6237228718577,
          -113.68577769293599,
          -113.47862406202213,
          -112.64055616961875,
          -113.46692109792588,
          -111.6922968121679
        ]
      ],
      [
        [
          -92.63076874372071,
          -96.3847935936069,
          -91.31313778443146,
          -95.76961058816441,
          -96.17051875989948,
          -94.39307361846627,
          -98.1926145412754,
          -96.96901059568648,
          -99.61479617241613,
          -97.18275106878724,
          -96.45295416379851,
          -96.95400925879932,
          -95.7773258427036,
          -101.39683337367848,
          -98.68443481763717,
          -99.40365235648376,
          -101.758184016911,
          -100.36029372543557,
          -98.9976353343592,
          -101.57368585407532,
          -101.87956443598426,
          -101.47098127509595,
          -104.34109075341767,
          -100.39336708206946,
          -105.08419572376108,
          -104.81096052928578,
          -105.94640874007426,
          -105.91892055664178,
          -104.50272701928505,
          -104.90019719311704,
          -105.84800613207173,
          -104.87869196333294,
          -105.82338357345945,
          -105.82979197117876,
          -105.55593798112346,
          -105.15702520093649,
          -104.9216475299924,
          -104.63885741548526,
          -104.99063495147513,
          -106.16137092146013,
          -105.87089810725772,
          -104.8096972899742,
          -105.12175749188889,
          -106.26771491719974,
          -105.6067051837921,
          -105.09010845878113,
          -105.29784374741685,
          -104.57232206610027,
          -105.29044414663866,
          -105.3962366081731,
          -106.20203420967214,
          -105.63572433417379,
          -105.10238157629587,
          -104.30313219581727,
          -104.99745271341368,
          -105.18363773805079,
          -105.3259710846912,
          -104.78142109122919,
          -106.26460239526492,
          -105.24574165157247,
          -105.08528268394852,
          -104.63677906504515,
          -106.70761109986142,
          -105.33245693264894,
          -105.60330286755374,
          -105.45376900882866,
          -105.4722670775944,
          -105.9136975470265,
          -105.19397963913214,
          -105.01383583477924,
          -105.04473194722732,
          -105.08723728419795,
          -105.48467378431373,
          -102.29435839369576,
          -103.3742945830938,
          -103.94586815982886,
          -103.93421517366204,
          -99.80671944019278,
          -104.34332729114485,
          -107.0795379038419
        ]
      ]
    ]
  },
  {
    "vqe2_energy": [
      -136.2624234476888,
      -117.389298179967,
      -134.2120843385306
    ],
    "vqe2_vector": [
      [
        0,
        0,
        1,
        1,
        0,
        1,
        0,
        1
      ],
      [
        1,
        1,
        0,
        1,
        0,
        1,
        1,
        1
      ],
      [
        0,
        0,
        1,
        1,
        0,
        0,
        1,
        0
      ]
    ],
    "vqe2_min_error": [
      8.505420789894913e-06,
      13.85057947352667,
      1.50470722051107
    ],
    "vqe2_params": [
      [
        0.09703085725406159,
        2.2777530214102626,
        -0.3026374527330391,
        4.1710175668489216,
        3.4631136017358704,
        1.0676191228735776,
        3.768247896412473,
        3.5001734936243025,
        3.0139924012380845,
        6.45175575923497,
        5.307727880374609,
        4.674161448747977,
        3.268090272245209,
        5.914642417116059,
        0.5125340085221037,
        4.5818312773792345,
        3.2161648375663012,
        4.156324727082942,
        3.0123469777611716,
        2.5809464304220766,
        0.003370751664074037,
        2.140645087787862,
        3.4510156883139707,
        1.7520026251517833,
        4.274602603473363,
        3.642178888012727,
        5.143061489470347,
        5.055020478227368,
        2.419042338015662,
        3.215482588482158,
        5.293265161128158,
        1.9026138355001692
      ],
      [
        1.2273132078144722,
        3.7835722231357583,
        3.2313431362079106,
        4.029205468345907,
        4.253890697788969,
        5.35423387537913,
        5.241832350912765,
        0.5338501230067242,
        5.770840814255216,
        2.50329135491585,
        1.805536275665753,
        5.288612856831594,
        1.526111792328142,
        4.383322812923871,
        6.5589534380205885,
        4.601718248315983,
        3.420349675316806,
        2.9889683734024826,
        2.9482370676195377,
        2.0823518200047166,
        5.060812437188241,
        1.170961451171888,
        5.020649924534778,
        1.4537827085738477,
        2.5314579137136604,
        1.6658305777325408,
        2.542708769263224,
        1.8366599914167288,
        1.0842123853603036,
        3.7699085772602783,
        4.059160292178309,
        5.536772313302724,
        0.4206509622328896,
        5.5566018704445375,
        4.353708301883586,
        6.028560011370959,
        1.8588318830167716,
        2.279941065684756,
        0.659085671116224,
        3.001835477080994,
        3.0076763777362765,
        6.1577818177998465,
        0.5582407828110858,
        3.1750290308595117,
        3.972071791549656,
        3.589469567360101,
        0.5221738243668981,
        1.1155297414071466
      ],
      [
        5.113205434829287,
        2.728838972770764,
        4.265427819476645,
        1.2280899649461017,
        2.66062514196088,
        4.894459675388468,
        1.3403914346851271,
        6.092381589996915,
        4.854769340794908,
        1.340711127546648,
        3.2161176451164195,
        2.3480439470714,
        4.647173095974819,
        2.0865586280244295,
        3.072458306749896,
        4.367216607615912,
        1.04172234752235,
        5.73025908733331,
        4.2962140272806115,
        0.1968238371899236,
        5.660456844702417,
        6.000768977130038,
        2.8232726887835335,
        2.8645149548753395,
        1.6341353034476074,
        3.9951687454667346,
        3.3354832938747028,
        5.559205315252854,
        6.413168210254066,
        4.922222668314392,
        2.7115905955896786,
        0.3223813079845796,
        5.052320146078278,
        1.5526240980005468,
        0.7893705281245474,
        1.6477899622335552,
        5.173593249374171,
        5.345572786097937,
        2.01867461345841,
        5.0793601719646775,
        3.3685020548925446,
        0.11886927086613328,
        5.049900117499525,
        2.8158644030714792,
        3.052760072894575,
        3.7466039394046247,
        2.8079256604184333,
        4.293916132604075,
        1.069337878420154,
        2.2902600521287653,
        2.273285923420581,
        1.553288870149651,
        1.5557081457363386,
        3.8242341618185347,
        6.018309657507476,
        2.708846650405087,
        3.7388685740950485,
        2.771583480244103,
        4.841502715979699,
        6.745181441140825,
        0.6380206612475575,
        3.308515102705073,
        5.553873810744807,
        6.026395250238683,
        4.212771020700072,
        2.27025286105198,
        3.156574273517632,
        2.191106691219121,
        3.2658372099368096,
        0.10049431435539179,
        4.039641988469992,
        3.31972481786132
      ]
    ],
    "vqe2_time": [
      4.164541006088257,
      7.386871099472046,
      6.638333797454834
    ],
    "solution_vector": [
      1,
      1,
      0,
      0,
      0,
      0,
      1,
      1
    ],
    "solution_min_energy": -136.2624350373823,
    "solution_time": 0.022063732147216797,
    "matrix_size": 8,
    "qubo_matrix": [
      [
        -31.87524484982515,
        4.2406994902697885,
        8.481398980539577,
        2.1203497451348943,
        2.1203492490280498,
        4.2406984980560996,
        8.481396996112199,
        2.1203492490280498
      ],
      [
        4.2406994902697885,
        -59.50979020938051,
        16.962797961079154,
        4.2406994902697885,
        4.2406984980560996,
        8.481396996112199,
        16.962793992224398,
        4.2406984980560996
      ],
      [
        8.481398980539577,
        16.962797961079154,
        -102.05678245768188,
        8.481398980539577,
        8.481396996112199,
        16.962793992224398,
        33.925587984448796,
        8.481396996112199
      ],
      [
        2.1203497451348943,
        4.2406994902697885,
        8.481398980539577,
        -31.87524484982515,
        2.1203492490280498,
        4.2406984980560996,
        8.481396996112199,
        2.1203492490280498
      ],
      [
        2.1203492490280498,
        4.2406984980560996,
        8.481396996112199,
        2.1203492490280498,
        -31.875259095490076,
        4.240701904789267,
        8.481403809578534,
        2.1203509523946336
      ],
      [
        4.2406984980560996,
        8.481396996112199,
        16.962793992224398,
        4.2406984980560996,
        4.240701904789267,
        -59.50981628619088,
        16.96280761915707,
        4.240701904789267
      ],
      [
        8.481396996112199,
        16.962793992224398,
        33.925587984448796,
        8.481396996112199,
        8.481403809578534,
        16.96280761915707,
        -102.0568249532247,
        8.481403809578534
      ],
      [
        2.1203492490280498,
        4.2406984980560996,
        8.481396996112199,
        2.1203492490280498,
        2.1203509523946336,
        4.240701904789267,
        8.481403809578534,
        -31.875259095490076
      ]
    ],
    "ansatze": [
      "twolocal",
      "alternating_ry_rz",
      "random_circuit"
    ],
    "histories_energy": [
      [
        [
          -123.94454263824136,
          -121.53118548810937,
          -124.48898885860638,
          -123.29622226431462,
          -124.26557143428808,
          -126.00276959405574,
          -122.39854474474632,
          -124.37678328009042,
          -122.95116735304629,
          -125.60344886295584,
          -121.56590041293377,
          -125.76776306400943,
          -125.18225617104034,
          -125.67313817963613,
          -127.6141310731052,
          -124.15995080040653,
          -127.30165621765042,
          -126.96271472548268,
          -115.7355973622121,
          -125.27861360234053,
          -127.07839895092323,
          -126.31169748287813,
          -121.65083629553112,
          -124.62514419329625,
          -127.2635336186117,
          -126.74113206464187,
          -127.09773540728932,
          -127.42517866813377,
          -126.84416117250964,
          -125.72035360218175,
          -126.87229745225332,
          -127.3819938648522,
          -126.83661443908376,
          -128.79834595334626,
          -129.55115898883622,
          -130.40541084499793,
          -128.77725162300175,
          -131.63421432095916,
          -129.11622426067495,
          -131.55369001115653,
          -129.50343815624143,
          -130.8491955894866,
          -130.65793051426206,
          -131.73886417563585,
          -131.44301463950097,
          -132.06227287269138,
          -130.4398629743185,
          -131.89937926147732,
          -131.9109807552512,
          -131.41943399556916,
          -131.2416020473637,
          -131.65850602061573,
          -131.37380429834957,
          -131.74827717359358,
          -130.83384992333353,
          -131.39898572108052,
          -132.25115985308605,
          -131.89622311501023,
          -132.1480203761245,
          -131.61438799157077,
          -132.41550828028184,
          -131.4421698885473,
          -132.43795864118763,
          -132.55229849697608,
          -132.50746792547525,
          -132.1611117834452,
          -130.58914276398053,
          -132.34237613394885,
          -131.3836607387915,
          -130.71879732620582,
          -132.99572748127164,
          -132.2937562954786,
          -131.3214070736404,
          -131.42395859208278,
          -132.7186143235587,
          -131.8824778632441,
          -131.20137650037904,
          -132.31338144669854,
          -132.1130596346294,
          -132.55281037758056
        ]
      ],
      [
        [
          -115.01470306045542,
          -114.67243650808804,
          -116.51059926310366,
          -114.2538360544312,
          -115.52546967904141,
          -113.89603755273811,
          -108.68499511629771,
          -113.67904122990062,
          -114.78134591952511,
          -115.2207516855244,
          -114.49923002339912,
          -112.15529959466832,
          -114.0919105445652,
          -116.13629351051975,
          -114.82033189923432,
          -116.64379718240089,
          -115.03324445196996,
          -115.2345421433674,
          -115.02528667568473,
          -115.68840898342472,
          -111.56343538382337,
          -114.558111387005,
          -111.35080774896574,
          -115.77512747181376,
          -115.3517958226158,
          -114.39616083026601,
          -115.89974102881641,
          -114.95605232205929,
          -114.64092277254883,
          -114.39503716544255,
          -113.37406813153808,
          -113.33418476099831,
          -113.52018116795418,
          -114.7654100164382,
          -115.11554519387721,
          -112.56392488760575,
          -115.27440381419277,
          -113.56247817136703,
          -115.47331608302908,
          -114.65548059170672,
          -115.06391490674329,
          -114.97625509565958,
          -115.3623744537836,
          -114.12364876684332,
          -114.21428441021915,
          -114.75185166076007,
          -113.61260809254517,
          -112.88614397844006,
          -113.90470043217277,
          -118.37324640465874,
          -114.2786211615591,
          -117.57559248661727,
          -119.86805736013287,
          -118.51745992023385,
          -118.43793578271946,
          -119.96090878331702,
          -121.22120341423559,
          -119.90004214565452,
          -121.16096982962003,
          -118.65765084910505,
          -122.7533113166978,
          -123.40750714895088,
          -124.00197240378802,
          -122.98255906879746,
          -120.8397803530176,
          -123.2018399644494,
          -122.85295954627969,
          -123.185325565744,
          -123.80553912417402,
          -123.0402906192189,
          -122.94058460116332,
          -124.15167481720117,
          -122.72289349031115,
          -123.24626941555367,
          -123.51779266022888,
          -123.4345335558624,
          -124.05997043242212,
          -123.66889449148212,
          -123.95926489060781,
          -122.22042191934847
        ]
      ],
      [
        [
          -119.38315880265927,
          -115.34944646210366,
          -116.4543614260802,
          -111.54468514007218,
          -114.67953815755253,
          -118.42737810630646,
          -115.43982208925308,
          -116.2980821312283,
          -117.32003925253181,
          -114.67415510578292,
          -117.38005125100614,
          -116.52967632212115,
          -113.8695491220945,
          -116.82541606934375,
          -114.01642823995302,
          -113.11869122853747,
          -117.76450202303432,
          -115.34521429466626,
          -112.6142265749419,
          -115.88468151403032,
          -118.8968103105579,
          -118.06900800327355,
          -115.93682173816381,
          -116.2053443946466,
          -116.57737236069697,
          -118.04910281383056,
          -118.70982538487469,
          -118.00355308727258,
          -116.68973513630438,
          -119.2968652220698,
          -118.02852378979983,
          -117.66100593701783,
          -118.36452317404658,
          -118.37869298204446,
          -117.49292417643468,
          -118.43374580891835,
          -117.75904690852884,
          -118.89547615409217,
          -118.30066868715463,
          -119.03469991099595,
          -117.92959444746612,
          -118.26784078256223,
          -117.73136316542822,
          -116.71925149808813,
          -117.64405007607192,
          -117.96692301042117,
          -118.62751045634418,
          -117.67017430468876,
          -117.90325920625467,
          -117.73047469563534,
          -118.06462873585008,
          -118.78054834160406,
          -118.0072080232249,
          -117.85891642911311,
          -117.70570172246555,
          -117.39495242204887,
          -118.29520014080586,
          -117.80676448977525,
          -115.99903360583991,
          -118.34771825368098,
          -119.52054676067594,
          -117.96421276070673,
          -116.77330477633704,
          -118.12106045088957,
          -118.65194810477536,
          -117.29801460973584,
          -117.8495827342776,
          -117.59750758135759,
          -117.50639232368313,
          -118.07989796052294,
          -118.05308122955199,
          -116.84981872674042,
          -118.31883841046754,
          -119.95363000516002,
          -120.13184863789925,
          -121.26637847428502,
          -120.0656569169495,
          -117.17410211130552,
          -122.61590109032424,
          -116.17540439008373
        ]
      ]
    ]
  },
  {
    "vqe2_energy": [
      -137.5926795793011,
      -137.58959071473618,
      -129.17281889824554
    ],
    "vqe2_vector": [
      [
        0,
        0,
        1,
        1,
        1,
        1,
        0,
        0
      ],
      [
        0,
        1,
        1,
        1,
        1,
        0,
        0,
        0
      ],
      [
        0,
        0,
        1,
        1,
        1,
        0,
        1,
        0
      ]
    ],
    "vqe2_min_error": [
      0.00555607688832449,
      0.007800885954234449,
      6.124626432131852
    ],
    "vqe2_params": [
      [
        3.16415152537778,
        2.498308346686281,
        1.14333032321292,
        1.9486515943030747,
        0.1503857558228013,
        4.8684223145665415,
        2.0216149333230384,
        3.0310161562668116,
        1.873572127200703,
        0.2651309057366932,
        4.638761049268388,
        0.9772678780780887,
        0.8299884547981162,
        3.2221790241777835,
        4.68340161815727,
        2.404048389658376,
        4.167769253078099,
        2.7413322203671266,
        3.3347920924510808,
        0.15999744850673508,
        2.924936440285711,
        4.784911092487078,
        2.887569127851753,
        4.686591857541413,
        3.4877767864768483,
        2.0077760386577403,
        4.541735803363221,
        2.6683694087573477,
        1.6039333119819896,
        5.136973490173882,
        0.8972535268626106,
        0.8015822545179863
      ],
      [
        2.083247486606881,
        5.161827834086784,
        4.010556644021577,
        4.45065811339185,
        4.907479439698151,
        2.388834637859349,
        0.9837932023212513,
        6.331798276610979,
        2.5372642508550527,
        4.25035137785655,
        4.611248132369014,
        2.288813036314375,
        6.080971570235124,
        6.802329969072054,
        3.6123240447320266,
        2.222794629537893,
        4.511447901144401,
        7.235336210864258,
        5.041771586031603,
        4.871270096216917,
        2.6067692506698545,
        -0.16349281237470942,
        0.2050097521198282,
        2.202216553369308,
        5.2472802533708,
        0.9535726297877226,
        4.33322009802156,
        5.925708956853564,
        1.5017986414455544,
        4.953710095746364,
        2.884694256360617,
        5.971924704002935,
        1.8914826863326177,
        0.6456773929133145,
        3.855054974236762,
        6.0853426712656065,
        0.505593310797352,
        4.7626019078487625,
        4.553730153072782,
        4.80054461446262,
        4.703961224180845,
        0.6160734959616856,
        1.4500864581955124,
        5.042395055704088,
        4.143448025888341,
        5.592740142074282,
        1.4373198826454532,
        5.446102560707862
      ],
      [
        1.0402457923339121,
        3.7475551361765453,
        1.8800107946895208,
        4.431991997180548,
        6.154203824454014,
        2.0799009436706304,
        4.125505054848242,
        1.2999846412500309,
        2.53162111597808,
        1.3634695102373704,
        1.1709402231946238,
        1.028591947437599,
        1.5991085186178826,
        1.2771627992480197,
        2.891773213619965,
        4.976904867782384,
        1.7946872819883934,
        5.09635280974391,
        4.015386381406158,
        2.9750243398488405,
        0.7449347180746608,
        3.1913505845702868,
        6.458352127802098,
        3.858522967803315,
        2.80006945813235,
        4.121893345630445,
        5.918240287592672,
        5.596716530235243,
        0.6764582671627992,
        2.4489945163532667,
        2.2228716250975915,
        4.445309578117433,
        0.7510651487899597,
        5.492422688758133,
        3.645347091437442,
        4.4281805925819135,
        2.781394832759553,
        1.4708703041286004,
        3.825027551464403,
        1.5630444201490294,
        4.532744799128321,
        2.706870374040533,
        4.4796286750118925,
        1.0478995804762428,
        0.2797245657565391,
        0.7213579044492248,
        5.731112842855759,
        3.3861899522799934,
        5.074266993820238,
        2.7835877766549166,
        2.3382919990457047,
        4.472567299347843,
        3.614622011970827,
        4.034601321080692,
        0.9802089783553043,
        1.407354766239291,
        4.597693916962613,
        0.27175564570011124,
        6.217377923323368,
        3.4944623963108334,
        0.3380244683186923,
        4.312651581101803,
        0.6036208448190288,
        5.347784288509532,
        3.8378075485232177,
        5.301130380602706,
        2.408045082780371,
        1.7095979478870005,
        2.8728706888444084,
        2.68341786580234,
        3.578741778296234,
        1.9715495461109351
      ]
    ],
    "vqe2_time": [
      8.657419681549072,
      4.410489559173584,
      7.647540330886841
    ],
    "solution_vector": [
      0,
      0,
      0,
      0,
      1,
      1,
      1,
      1
    ],
    "solution_min_energy": -137.6003247591433,
    "solution_time": 0.020963430404663086,
    "matrix_size": 8,
    "qubo_matrix": [
      [
        -32.185488088046576,
        4.281995179297827,
        8.563990358595653,
        2.1409975896489133,
        2.140997093542069,
        4.281994187084138,
        8.563988374168275,
        2.140997093542069
      ],
      [
        4.281995179297827,
        -60.08898099679532,
        17.127980717191306,
        4.281995179297827,
        4.281994187084138,
        8.563988374168275,
        17.12797674833655,
        4.281994187084138
      ],
      [
        8.563990358595653,
        17.127980717191306,
        -103.04998127639934,
        8.563990358595653,
        8.563988374168275,
        17.12797674833655,
        34.2559534966731,
        8.563988374168275
      ],
      [
        2.1409975896489133,
        4.281995179297827,
        8.563990358595653,
        -32.185488088046576,
        2.140997093542069,
        4.281994187084138,
        8.563988374168275,
        2.140997093542069
      ],
      [
        2.140997093542069,
        4.281994187084138,
        8.563988374168275,
        2.140997093542069,
        -32.187032173253485,
        4.281997593817307,
        8.563995187634614,
        2.1409987969086535
      ],
      [
        4.281994187084138,
        8.563988374168275,
        17.12797674833655,
        4.281994187084138,
        4.281997593817307,
        -60.09206675268967,
        17.127990375269228,
        4.281997593817307
      ],
      [
        8.563988374168275,
        17.12797674833655,
        34.2559534966731,
        8.563988374168275,
        8.563995187634614,
        17.127990375269228,
        -103.05614313011012,
        8.563995187634614
      ],
      [
        2.140997093542069,
        4.281994187084138,
        8.563988374168275,
        2.140997093542069,
        2.1409987969086535,
        4.281997593817307,
        8.563995187634614,
        -32.187032173253485
      ]
    ],
    "ansatze": [
      "twolocal",
      "alternating_ry_rz",
      "random_circuit"
    ],
    "histories_energy": [
      [
        [
          -109.7277606576377,
          -109.17900242128822,
          -119.20299036935552,
          -121.7808960447578,
          -118.77201679120844,
          -112.08252379089744,
          -116.35213567666834,
          -119.85733107727152,
          -120.2342627636902,
          -118.80508184055395,
          -119.6328714855301,
          -120.42919254567514,
          -119.0242853725721,
          -119.58940174735766,
          -114.82572858504012,
          -120.33497202391584,
          -119.64266738712244,
          -118.8063809507982,
          -115.21549363920401,
          -118.74202721952203,
          -118.83309471323295,
          -119.57990214631175,
          -115.91396297558651,
          -113.4943098563978,
          -119.99497933044854,
          -118.96605914788412,
          -118.44439134528875,
          -117.99282247196082,
          -119.87524189098556,
          -119.93482499347377,
          -118.89367300498277,
          -118.87022943554308,
          -119.23334043940231,
          -127.21611808637377,
          -124.54957408873271,
          -125.97272354810633,
          -127.10572102779165,
          -126.11602024381529,
          -127.65928911125842,
          -125.5927355689159,
          -125.63483838802236,
          -125.23280877466168,
          -127.47679592494958,
          -126.92241257240428,
          -127.43424778521519,
          -125.62493344882213,
          -127.42405287492917,
          -126.81761458723372,
          -127.32414245612838,
          -127.28750898939394,
          -126.98623716334436,
          -126.32370475057014,
          -126.91091550006257,
          -126.69304329956177,
          -128.09272646653324,
          -128.987588386627,
          -129.3092651128739,
          -129.52919938748192,
          -128.40758156596004,
          -128.4474315580266,
          -129.2192836010225,
          -129.7126999253969,
          -130.65971500363221,
          -130.13130968075507,
          -130.2355927144393,
          -129.7409264402778,
          -130.199724550028,
          -129.82122252784137,
          -126.80483840033001,
          -129.46240160585072,
          -130.02015477024077,
          -131.25861948585887,
          -131.13878267012163,
          -131.05188733653952,
          -131.06152520078675,
          -131.05262477026258,
          -131.24319448586385,
          -130.16144438983224,
          -130.870722188141,
          -130.45478047487845
        ]
      ],
      [
        [
          -97.79186300941075,
          -97.49581771356841,
          -88.48934429986693,
          -98.21169766462276,
          -94.41446574848538,
          -93.78283411721776,
          -90.40663752406428,
          -108.62498281524007,
          -112.47698189106517,
          -114.99112225506148,
          -116.28300848512342,
          -118.24952635545256,
          -120.36912588363347,
          -119.00237837639389,
          -123.2306872733868,
          -120.36052505577868,
          -124.7978872159012,
          -125.18403843132401,
          -129.5325043927349,
          -129.3826739388831,
          -127.72929273704705,
          -126.48311817073427,
          -109.98623011953137,
          -129.50803679188604,
          -129.2444686111451,
          -128.79384754659688,
          -129.2351013534963,
          -128.77638371692848,
          -128.47782989712215,
          -128.56965783883112,
          -129.19796117583155,
          -128.1879776795391,
          -128.8136336316002,
          -128.10147152395723,
