[
  {
    "vqe2_energy": [
      -115.22728538883507,
      -116.9939070785134,
      -115.23165732779798
    ],
    "vqe2_vector": [
      [
        0,
        0,
        1,
        1,
        0,
        0,
        1,
        0
      ],
      [
        1,
        1,
        1,
        0,
        1,
        0,
        0,
        0
      ],
      [
        0,
        1,
        0,
        0,
        0,
        1,
        1,
        1
      ]
    ],
    "vqe2_min_error": [
      1.518708519338996,
      0.008830151813665754,
      1.514971954740696
    ],
    "vqe2_params": [
      [
        4.024792619864327,
        6.315512048496414,
        0.6333852437744794,
        6.37893928947512,
        2.832066817155603,
        1.5112757562153458,
        3.526782515375336,
        5.385717052250386,
        3.890345243223388,
        2.1897668341029544,
        -0.18066637623435067,
        6.270252098117639,
        2.997243386538557,
        3.3707665697613813,
        0.3700795850535226,
        3.450746054978129,
        3.5291173582309536,
        2.8839200541502246,
        -0.6016614228626719,
        6.423502732963123,
        7.632381881947821,
        4.492200854077713,
        3.1937224860225157,
        1.171006505158043,
        2.18195814420673,
        6.147478879311863,
        3.673637188118537,
        1.3376901967464265,
        6.724359488604449,
        0.86053663224671,
        5.513318040644494,
        6.777073537341413
      ],
      [
        2.8545793619690207,
        3.935021838434046,
        3.878765508154819,
        2.123041366226213,
        4.496513973189486,
        2.6896040700492096,
        3.780548894329585,
        2.41447445298012,
        4.202967501656413,
        3.7485219558269267,
        3.775867200140712,
        5.173651662375723,
        3.3825855975627817,
        0.3006023034114817,
        1.259915024776305,
        2.0682554968486233,
        5.4842329862248995,
        6.5966579661191505,
        6.85148151125608,
        4.0256068154896525,
        3.554509950131576,
        -0.013389952987469655,
        1.1522757963533499,
        3.251764358691699,
        1.751493919612826,
        5.213346160990789,
        3.7639119454759413,
        6.910161141751477,
        0.6900542674139056,
        6.452288517637121,
        0.2598092721747134,
        2.822671193634588,
        3.9835832024823907,
        4.640016680059327,
        5.715219208623544,
        2.829065703764088,
        3.2045004868340814,
        0.8409726631463077,
        -0.15911291763719881,
        5.5083211753730135,
        1.3803844867829222,
        3.040709374164613,
        1.7899692712176072,
        0.23768164328441702,
        1.7847398427901175,
        2.161979073841187,
        6.0232020962166395,
        0.967111533979284
      ],
      [
        5.175077612143029,
        5.332096856960303,
        1.6532581132221111,
        2.68480476224579,
        3.9537033061179945,
        4.342610137938517,
        4.808729482064031,
        1.07018255770946,
        1.2072065336532818,
        2.8392694859986745,
        3.4021622992716574,
        6.024598992226737,
        3.408310156729829,
        3.9497547725167435,
        0.06952664641717096,
        1.683702044964942,
        2.733826468801725,
        5.140341000886245,
        1.653067343766863,
        0.008241720864567582,
        2.8435874388624196,
        4.053109003133443,
        3.333280065990619,
        6.2324253081623615,
        1.5649869213968886,
        4.780413725247328,
        4.305917068294394,
        6.0590007022344805,
        1.8168228392746213,
        3.5946165411627597,
        1.5542029438635674,
        1.6932596698916669,
        1.2004719208852794,
        0.8247360466080842,
        5.915210395692273,
        1.7386655192652225,
        1.2171257569712013,
        4.888937031247727,
        5.031402218261982,
        4.010575676427626,
        0.18867771267509356,
        2.817843856602795,
        3.937818703466707,
        4.276859988905171,
        2.924971264521167,
        3.6641873449560247,
        0.37292654114220153,
        4.418771631576748,
        3.6082365162534353,
        1.2933350534495496,
        0.05851268914513559,
        3.801891229914684,
        3.5155883616016377,
        3.8727783952840946,
        4.2081900259507465,
        5.031376538616544,
        4.3638265662989335,
        4.1570618857341195,
        5.192594951140636,
        5.825044163965354,
        2.431564388483751,
        5.681247322172951,
        3.220518934229529,
        6.144295994630462,
        0.47311200995231145,
        1.4253361348426439,
        5.56476747850783,
        2.8819761281182603,
        4.354336600356649,
        1.4989104704652971,
        5.183284241133405,
        3.1071389871171906
      ]
    ],
    "vqe2_time": [
      4.545948505401611,
      3.5340445041656494,
      5.791133165359497
    ],
    "solution_vector": [
      0,
      0,
      0,
      0,
      1,
      1,
      1,
      1
    ],
    "solution_min_energy": -117.00423873042172,
    "solution_time": 0.024057626724243164,
    "matrix_size": 8,
    "qubo_matrix": [
      [
        -27.375900002007363,
        3.6433878584867996,
        7.286775716973599,
        1.8216939292433998,
        1.8216918541593503,
        3.6433837083187006,
        7.286767416637401,
        1.8216918541593503
      ],
      [
        3.6433878584867996,
        -51.10841214552792,
        14.573551433947198,
        3.6433878584867996,
        3.6433837083187006,
        7.286767416637401,
        14.573534833274802,
        3.6433837083187006
      ],
      [
        7.286775716973599,
        14.573551433947198,
        -87.64327285710866,
        7.286775716973599,
        7.286767416637401,
        14.573534833274802,
        29.147069666549605,
        7.286767416637401
      ],
      [
        1.8216939292433998,
        3.6433878584867996,
        7.286775716973599,
        -27.375900002007363,
        1.8216918541593503,
        3.6433837083187006,
        7.286767416637401,
        1.8216918541593503
      ],
      [
        1.8216918541593503,
        3.6433837083187006,
        7.286767416637401,
        1.8216918541593503,
        -27.377438050915575,
        3.6434023456036746,
        7.286804691207349,
        1.8217011728018373
      ],
      [
        3.6433837083187006,
        7.286767416637401,
        14.573534833274802,
        3.6433837083187006,
        3.6434023456036746,
        -51.111473756227475,
        14.573609382414698,
        3.6434023456036746
      ],
      [
        7.286767416637401,
        14.573534833274802,
        29.147069666549605,
        7.286767416637401,
        7.286804691207349,
        14.573609382414698,
        -87.64933813004026,
        7.286804691207349
      ],
      [
        1.8216918541593503,
        3.6433837083187006,
        7.286767416637401,
        1.8216918541593503,
        1.8217011728018373,
        3.6434023456036746,
        7.286804691207349,
        -27.377438050915575
      ]
    ],
    "ansatze": [
      "twolocal",
      "alternating_ry_rz",
      "random_circuit"
    ],
    "histories_energy": [
      [
        [
          -102.70978050198431,
          -101.94203266590954,
          -103.44376601096268,
          -100.17555019012043,
          -104.10106131145314,
          -103.13068333628259,
          -97.00959441048663,
          -103.7258996502436,
          -105.48700402746168,
          -104.23530470132556,
          -104.94890555899183,
          -105.40881886244941,
          -104.85396511546494,
          -104.88024520938775,
          -107.84241767699862,
          -107.20034743162951,
          -106.85408289759114,
          -107.42232302862806,
          -104.9311040922923,
          -104.99459596537406,
          -108.3378606417843,
          -108.65895157743206,
          -104.42627257465148,
          -105.96338404593948,
          -107.84022864789941,
          -108.78654181736668,
          -109.1670550999938,
          -109.06268660949736,
          -108.08952929340194,
          -108.11233870554081,
          -108.50988997576914,
          -108.1607736547628,
          -108.22413343510013,
          -108.32991349335832,
          -108.534610934284,
          -105.55605666295139,
          -107.67647096505362,
          -106.34678277912535,
          -109.4160882783758,
          -110.57043653686533,
          -110.22672154395116,
          -107.96671436465188,
          -110.5207859012154,
          -109.93159702582962,
          -109.94179468361219,
          -110.60637559960382,
          -110.81806058993917,
          -111.01500694588736,
          -107.77078854723148,
          -107.88606439218688,
          -110.72387879406241,
          -110.75906164393182,
          -110.44153337150878,
          -110.61579109274022,
          -108.76470694986895,
          -110.60790608905243,
          -110.31584810394594,
          -107.96163465479654,
          -111.37669458945803,
          -109.87331566951326,
          -112.0984211182583,
          -112.5574977311968,
          -112.51741250565827,
          -113.33329017416682,
          -111.78478291925019,
          -114.07300775277496,
          -114.0156204242871,
          -113.53090701453132,
          -113.481292922419,
          -111.6099813496829,
          -113.64416004083157,
          -113.45237059862798,
          -113.08945644503683,
          -112.49179871677428,
          -113.53596604753979,
          -113.11919279852667,
          -113.86104830751026,
          -114.57486775264348,
          -114.58792678671647,
          -113.61095030264873
        ]
      ],
      [
        [
          -98.29619036163531,
          -98.03756195316892,
          -97.95793599221656,
          -99.3532703446422,
          -99.93334925000266,
          -99.81012816611633,
          -99.84243918782238,
          -100.96044926184044,
          -99.05529792058955,
          -97.88702611290601,
          -101.12227240368189,
          -96.91465088768507,
          -100.89453892800672,
          -102.05165576046907,
          -100.12866546555583,
          -100.30886957766538,
          -101.14333518062534,
          -100.71473320939994,
          -106.54436920625582,
          -106.93231033478733,
          -105.86689616078996,
          -106.74227224854215,
          -102.2063897886916,
          -103.07284239649019,
          -107.55365494725592,
          -107.34237365168043,
          -107.58854674147597,
          -107.14468399616112,
          -107.79475787017263,
          -107.61721116171836,
          -107.93917726715357,
          -106.74117198891255,
          -107.63049435174088,
          -107.15467273537891,
          -107.3360780556106,
          -107.19199009471419,
          -107.27711018819886,
          -107.33898428005773,
          -107.60017587215295,
          -106.95222893312553,
          -107.47425645420559,
          -107.47529630236129,
          -107.92081891173329,
          -107.72518811966056,
          -106.97411255888743,
          -107.33485331786048,
          -106.90251554245599,
          -107.12032770428792,
          -107.30331202877638,
          -109.65504343967778,
          -110.26983436376314,
          -104.4784629751279,
          -111.24334351410073,
          -111.33103735482379,
          -109.55851874797358,
          -110.94094499846835,
          -111.139930985402,
          -109.06772074563857,
          -111.63406635711601,
          -111.52021197839385,
          -110.904421065929,
          -106.54348541570383,
          -99.41749433019787,
          -111.64822967960914,
          -111.55808374504083,
          -111.85283449922747,
          -112.45612815200174,
          -109.80259355679327,
          -111.29110517611372,
          -112.04621257883701,
          -112.29382428394116,
          -111.74796724474096,
          -112.19494270994332,
          -112.35118529194891,
          -111.90484338715937,
          -112.99433141271678,
          -112.11802868368669,
          -111.84008215802945,
          -112.24149840453055,
          -111.69711750006287
        ]
      ],
      [
        [
          -96.45561094045242,
          -94.31311912672103,
          -94.60915219301167,
          -95.12355904922174,
          -97.92513799464636,
          -99.77047669587722,
          -99.00516288114346,
          -99.08664763047271,
          -100.11443456565145,
          -105.03097197044426,
          -103.32404006074279,
          -100.05902606522268,
          -105.09660313705781,
          -107.5924784759159,
          -95.82874857747589,
          -97.52096576858817,
          -106.75506819564926,
          -107.86322602041108,
          -100.33927204549474,
          -108.5968347211238,
          -106.89072747910463,
          -109.74006950680482,
          -105.5444180024148,
          -107.2301703468838,
          -106.68776411509816,
          -107.41412011333354,
          -107.80358736435397,
          -108.51782173834067,
          -107.77166628631085,
          -107.69425849845683,
          -108.55050299389467,
          -107.74695772222839,
          -107.85095239970529,
          -109.11379932070807,
          -107.2494744993393,
          -108.41172166890463,
          -108.22542731887229,
          -108.29771099997437,
          -108.00796830108521,
          -108.24699449557562,
          -107.66312033794426,
          -108.51908647537067,
          -108.01065060121542,
          -108.10450199920177,
          -108.0015294210479,
          -108.11989800095171,
          -108.00728447394647,
          -108.36722468948055,
          -108.01012936338556,
          -108.97529798726359,
          -108.24150482035064,
          -109.07990801478249,
          -108.64495741926298,
          -107.85915639776755,
          -107.57290869072175,
          -107.60032057485208,
          -108.92735435568645,
          -108.56707013270197,
          -107.70925742531554,
          -107.37671364346274,
          -108.31150301462765,
          -107.75946005831776,
          -108.68574071301296,
          -108.15388731257632,
          -108.39750633750631,
          -107.71459825388638,
          -108.73413066159603,
          -108.17252207733961,
          -107.3031497071579,
          -108.2789785780327,
          -109.1149724093579,
          -108.25172858630685,
          -108.52065975117205,
          -103.5820340221751,
          -103.63934651098064,
          -98.57337452761172,
          -104.38992218234253,
          -105.01642598855472,
          -107.84545391158878,
          -107.44156836129969
        ]
      ]
    ]
  },
  {
    "vqe2_energy": [
      -136.30672509907495,
      -136.30668568289542,
      -136.30663179362602
    ],
    "vqe2_vector": [
      [
        0,
        1,
        1,
        0,
        0,
        1,
        0,
        0
      ],
      [
        0,
        0,
        1,
        0,
        0,
        0,
        1,
        0
      ],
      [
        0,
        1,
        0,
        1,
        1,
        0,
        1,
        0
      ]
    ],
    "vqe2_min_error": [
      2.891727528542276e-05,
      0.0,
      3.953530901545932e-05
    ],
    "vqe2_params": [
      [
        6.588074910554639,
        5.679872434915882,
        3.5054325176163985,
        2.8612367412731086,
        4.2348998091672,
        3.309587244812679,
        4.989693894428855,
        7.175420029018917,
        2.933651003612742,
        6.187071472086836,
        5.48609321645742,
        5.442681680864306,
        3.469945107286075,
        2.8703496590120636,
        5.2227027516561,
        5.771180788248511,
        7.196812238950448,
        5.616081048888101,
        6.290598935381227,
        3.865574876276863,
        4.646463040048983,
        0.17673378313337856,
        2.5055394957128923,
        4.609734949857603,
        1.3226511746150513,
        4.726162327314236,
        3.500945291818919,
        0.7541443426788937,
        0.16950012337901343,
        4.359808793626424,
        3.8824181926166776,
        2.2478739449805722
      ],
      [
        2.1634322028273902,
        4.528624841724842,
        1.1546032650175675,
        5.04968694186761,
        6.063204318158347,
        5.772958841634886,
        4.594542854665009,
        3.213329317839197,
        3.7008543031809356,
        2.1808464385750725,
        1.923356998653698,
        0.45346011732554786,
        5.2230866438608885,
        3.023644190445745,
        0.06368412457236482,
        5.666121621364418,
        5.928156547830784,
        5.183044532096194,
        1.6463167095435143,
        0.445006705298744,
        3.7694662203423444,
        -0.38554946608452234,
        0.7450500929433613,
        2.672283171015945,
        2.8373198053468487,
        3.1267867774006266,
        2.516032371127786,
        5.8725692254295305,
        3.8424103353493706,
        4.457589980596842,
        2.806886675739544,
        4.5979263761203075,
        5.314289448872721,
        1.2503142994011978,
        5.399995499068329,
        0.770940568452644,
        3.578346714952686,
        6.404172122926621,
        6.171552477498408,
        2.2228424020804396,
        1.8467671081348709,
        1.2359427383647883,
        1.7336946440936776,
        3.950449193331837,
        1.7733980921873207,
        3.979776346321066,
        4.359071969212885,
        2.8818198292107327
      ],
      [
        2.8431497965636265,
        5.950002343917946,
        3.094204163631701,
        2.386123373180688,
        2.864772754306485,
        5.068297958875324,
        5.594911718211506,
        1.9671568940077488,
        5.976155509751295,
        4.69574689273508,
        3.8653931350342807,
        1.7863584085867572,
        2.276895290725964,
        5.204195190263509,
        1.7362267898430277,
        5.897360544201629,
        2.3448522091452384,
        2.1785051155440973,
        2.349855961162018,
        6.69748992672842,
        5.0263393631054285,
        5.77889367946853,
        2.2958319586570965,
        6.917070071817651,
        3.280120192250964,
        1.262306748374165,
        5.1314912740946,
        4.498452252998276,
        0.673825491573857,
        6.211857911618939,
        1.4014643737314554,
        7.198225501826764,
        5.3538725783597,
        6.759424043947533,
        1.5025885899509877,
        5.888855785760431,
        2.614407776582211,
        5.24822380546855,
        4.635688652148027,
        6.093380679960044,
        2.645702210404798,
        2.2708763226841313,
        2.3501497162370906,
        1.9900553891949846,
        4.157428800631688,
        1.9855120962652855,
        4.342474272542898,
        4.220386492165482,
        0.8075174447087604,
        4.75512422063221,
        3.852947912676966,
        3.241371262675667,
        0.49551244963840174,
        5.595826834817187,
        6.162033340421782,
        5.414456475035594,
        3.503509236487616,
        2.548103944616402,
        1.0698255716838567,
        4.081632139530578,
        1.1515758187356855,
        3.523084127203939,
        1.3176354478561592,
        0.6892645444820572,
        3.3772112778510186,
        5.569747163208461,
        1.4422945192821768,
        3.9484294183517887,
        1.4424350400606196,
        3.7103010720976086,
        5.408222007651878,
        3.8890953780527013
      ]
    ],
    "vqe2_time": [
      3.1235320568084717,
      3.7570407390594482,
      9.136254072189331
    ],
    "solution_vector": [
      1,
      1,
      0,
      1,
      0,
      0,
      1,
      0
    ],
    "solution_min_energy": -136.30668568289542,
    "solution_time": 0.02151775360107422,
    "matrix_size": 8,
    "qubo_matrix": [
      [
        -31.88565676378594,
        4.242092169458761,
        8.484184338917522,
        2.1210460847293806,
        2.1210440096453307,
        4.242088019290661,
        8.484176038581323,
        2.1210440096453307
      ],
      [
        4.242092169458761,
        -59.52922135811311,
        16.968368677835045,
        4.242092169458761,
        4.242088019290661,
        8.484176038581323,
        16.968352077162645,
        4.242088019290661
      ],
      [
        8.484184338917522,
        16.968368677835045,
        -102.09007403839118,
        8.484184338917522,
        8.484176038581323,
        16.968352077162645,
        33.93670415432529,
        8.484176038581323
      ],
      [
        2.1210460847293806,
        4.242092169458761,
        8.484184338917522,
        -31.88565676378594,
        2.1210440096453307,
        4.242088019290661,
        8.484176038581323,
        2.1210440096453307
      ],
      [
        2.1210440096453307,
        4.242088019290661,
        8.484176038581323,
        2.1210440096453307,
        -31.885664973152164,
        4.242106656575636,
        8.484213313151272,
        2.121053328287818
      ],
      [
        4.242088019290661,
        8.484176038581323,
        16.968352077162645,
        4.242088019290661,
        4.242106656575636,
        -59.52922328972869,
        16.968426626302545,
        4.242106656575636
      ],
      [
        8.484176038581323,
        16.968352077162645,
        33.93670415432529,
        8.484176038581323,
        8.484213313151272,
        16.968426626302545,
        -102.09001995315484,
        8.484213313151272
      ],
      [
        2.1210440096453307,
        4.242088019290661,
        8.484176038581323,
        2.1210440096453307,
        2.121053328287818,
        4.242106656575636,
        8.484213313151272,
        -31.885664973152164
      ]
    ],
    "ansatze": [
      "twolocal",
      "alternating_ry_rz",
      "random_circuit"
    ],
    "histories_energy": [
      [
        [
          -123.0807645956764,
          -123.55112608591867,
          -125.82692694989346,
          -122.13978010787991,
          -124.75858974617482,
          -126.38108713739514,
          -112.28036333914527,
          -126.39502654284597,
          -126.73313602377887,
          -126.98952805310668,
          -126.3564255038408,
          -126.22724716603778,
          -126.12955835968259,
          -127.86803438639879,
          -127.0878827977817,
          -126.42413445209492,
          -126.74581970656355,
          -128.29431409073425,
          -125.69829916859379,
          -127.43429692741063,
          -127.27305963898425,
          -127.72689945994773,
          -120.05477542067541,
          -129.8820767403005,
          -128.4020420870177,
          -129.9809568447834,
          -128.96673563456724,
          -129.21789429221687,
          -129.4873961050155,
          -128.80595826541227,
          -129.00267722638225,
          -129.83665225588283,
          -128.9729511973806,
          -129.2144483109455,
          -128.1609954013474,
          -123.69366868180387,
          -131.3187504708004,
          -126.97238238814914,
          -130.25940797048312,
          -130.48567596244416,
          -130.19896885464763,
          -129.955896500755,
          -129.9905449739326,
          -129.4402745034175,
          -130.38957558844214,
          -131.03262975525607,
          -130.12997736502933,
          -128.10046543306512,
          -131.07842337686813,
          -130.72511492549557,
          -130.35544450628277,
          -130.8319195662359,
          -129.13715728288454,
          -130.83471485309502,
          -131.32264233149894,
          -130.8394324276033,
          -131.38655676762215,
          -130.0672539680588,
          -128.3444621186126,
          -131.72758027638716,
          -131.23763565104764,
          -131.09613377043848,
          -130.5134767965008,
          -129.90823303975841,
          -132.6137684592084,
          -133.24728885469275,
          -132.7317160127178,
          -132.78656222058777,
          -133.38491584557812,
          -133.57946009080896,
          -132.7162843063881,
          -133.13064755305814,
          -132.9927730457298,
          -133.8353316778141,
          -133.71568764103336,
          -132.24296820963994,
          -133.69827201576436,
          -133.7065674099453,
          -133.43614269882826,
          -133.43656089127708
        ]
      ],
      [
        [
          -117.00716257940064,
          -115.63478096773242,
          -117.19715921001855,
          -114.54164473431916,
          -116.69215263176376,
          -117.88029743381654,
          -112.72741454332306,
          -116.36784172036519,
          -117.01916044006391,
          -116.68661642330844,
          -113.3256206874882,
          -117.0934084003495,
          -116.7044306808231,
          -118.23982918914335,
          -119.40306871886747,
          -119.36914702771404,
          -118.60557522871417,
          -120.13396282739008,
          -117.51664975743655,
          -113.59328320199394,
          -116.05638579321375,
          -122.21002111781999,
          -114.8843393504516,
          -119.88058106484534,
          -121.40952527744382,
          -122.42342512259603,
          -122.06587711940224,
          -122.49775241670275,
          -121.29593356504282,
          -121.22165101093736,
          -121.61447437804318,
          -122.16693450518004,
          -122.11622519782637,
          -122.13010465329188,
          -122.18671767345485,
          -121.72790447676252,
          -121.6109495422563,
          -122.54933816976961,
          -122.79225818940267,
          -122.23602844556514,
          -122.44792912850885,
          -122.04349630808578,
          -121.904745546897,
          -121.94705086519228,
          -122.0372310961765,
          -121.61991870627686,
          -122.05328557476649,
          -121.51305566657561,
          -121.7562419785664,
          -124.08736416371526,
          -123.8060592485423,
          -118.3392944279785,
          -124.7916779262747,
          -122.67597880581208,
          -124.27228193144532,
          -124.3095127034425,
          -124.35834465177557,
          -124.99372414062954,
          -124.58500775584872,
          -123.17792084489268,
          -123.6396366982898,
          -123.8967856941667,
          -124.80739961658016,
          -114.76781543352179,
          -125.8689721566413,
          -124.06222785805498,
          -124.96601667359323,
          -120.8098349026119,
          -125.16751838537135,
          -127.68820429270214,
          -125.66293997188815,
          -124.39570998284056,
          -126.53243501136845,
          -123.43510375469117,
          -127.78076224516725,
          -127.76605313794829,
          -128.3178846341728,
          -127.49629688097201,
          -127.43036416162025,
          -127.60988570370762
        ]
      ],
      [
        [
          -122.23613643077198,
          -120.5772136328655,
          -119.31743047251707,
          -116.62040904888832,
          -118.15781403134037,
          -120.36890441755375,
          -120.93783371284246,
          -120.88108675591009,
          -121.5416235359545,
          -119.04679251363437,
          -118.96299360355137,
          -124.0405198925841,
          -117.53030709385861,
          -121.52617640560388,
          -124.60531201011561,
          -121.99155204999721,
          -121.90877823538244,
          -122.76981389063374,
          -120.27685326830061,
          -119.60314790342963,
          -124.92266281584872,
          -123.55616372537412,
          -124.72334695776745,
          -117.94734670992526,
          -125.26643459390063,
          -125.99473444249553,
          -125.84007814568035,
          -125.85007663365936,
          -126.1607460246163,
          -125.38473252291082,
          -125.37971711943382,
          -125.9919943292597,
          -126.19052329208812,
          -126.32778030188841,
          -126.35383672504506,
          -125.83329002603568,
          -126.64306855964603,
          -126.68989089951579,
          -124.58894694075431,
          -127.18480295591615,
          -127.17412964860353,
          -126.15033477436992,
          -125.42514263577931,
          -126.88857724623853,
          -125.98738233189474,
          -127.16061479904391,
          -127.23903584317405,
          -127.1454353050606,
          -125.90352652444031,
          -125.94139243022563,
          -125.90978856881038,
          -125.89828647303618,
          -125.81288302278074,
          -125.60207277580476,
          -125.86540189950307,
          -126.20274859931163,
          -125.7545083129562,
          -125.82785472367935,
          -126.05549534751655,
          -125.60036455350624,
          -126.36719550682908,
          -126.04871188378102,
          -126.75582750724692,
          -126.99118683133182,
          -125.7917029061286,
          -126.19689477712076,
          -125.53872415656672,
          -125.98510292102274,
          -126.18664633565061,
          -125.67137862952218,
          -126.22015052281154,
          -125.53385454431337,
          -125.68499835624753,
          -125.66863110516668,
          -123.94215583817552,
          -121.77909831597495,
          -126.94929827502459,
          -121.54808768295793,
          -126.91100034838757,
          -125.1220911405323
        ]
      ]
    ]
  },
  {
    "vqe2_energy": [
      -135.567285388835,
      -137.6414007671418,
      -135.4247754732199
    ],
    "vqe2_vector": [
      [
        1,
        0,
        1,
        0,
        0,
        0,
        1,
        0
      ],
      [
        1,
        0,
        0,
        1,
        0,
        1,
        1,
        0
      ],
      [
        0,
        0,
        1,
        0,
        0,
        1,
        0,
        1
      ]
    ],
    "vqe2_min_error": [
      1.5089286415063352,
      0.0020618104368597123,
      1.6124636073934218
    ],
    "vqe2_params": [
      [
        4.253791115004982,
        5.840746882597047,
        6.15925237959069,
        2.0392164499115397,
        4.679419234798581,
        5.644693405196116,
        2.6046653484449083,
        6.514403569588489,
        5.571035244718243,
        6.771960676496551,
        4.156441970125587,
        5.243061885897063,
        4.109144050120147,
        2.795311307028973,
        5.785618380891723,
        1.1589949996328563,
        2.0825174221741434,
        2.509396828078973,
        0.07120703138669485,
        1.0863280206884158,
        3.0123242859222876,
        1.958200430920321,
        3.9239524336197236,
        2.9481636819338157,
        4.173419428833863,
        -0.9219009679641313,
        1.6242303286646622,
        3.089269069934578,
        1.8918924902481236,
        6.493907732094381,
        2.0043221297626017,
        2.542553989366475
      ],
      [
        5.453344292841226,
        3.3687494662677095,
        6.2278949587330965,
        3.587288866081002,
        4.305409004365584,
        1.6810492023164934,
        6.284710917945015,
        0.9364340688915397,
        2.617376127541701,
        3.8586234323451154,
        5.655703946561009,
        5.522273621860743,
        3.813297451347801,
        1.7830632206379067,
        3.59748579211425,
        4.007324577848707,
        2.371855196106704,
        3.1481877421605535,
        3.22466777982103,
        3.7276192274393933,
        2.89042905917539,
        4.710096619167859,
        3.3000422966427103,
        5.157930119920137,
        4.344074343172668,
        0.7132845619828431,
        5.235913687368447,
        2.386254969501371,
        2.1499531870377377,
        0.8904793962975355,
        5.196101711511487,
        3.898859682148816,
        6.601512535976299,
        5.987723560953765,
        0.9051198149734342,
        4.035533754583503,
        6.133433384029122,
        0.16001422902352222,
        3.8729504006100615,
        0.963600737249323,
        2.5546704699679106,
        3.3843848282033195,
        4.010965502181027,
        5.945546172481837,
        5.034287100988688,
        5.289477493375158,
        1.0308607885515961,
        2.3382908278616763
      ],
      [
        2.2070885341128443,
        6.328149024077097,
        -0.2195084730914859,
        2.3107059796569236,
        2.6961264269400402,
        5.039449675765862,
        2.238591764774354,
        0.05484424863129139,
        2.9653660742230463,
        4.333948138363669,
        5.222329752246436,
        5.616672259940052,
        1.6522052429087188,
        2.9065985809047112,
        1.2067677665065113,
        2.3843856262960075,
        1.895570024125135,
        2.9471493384906693,
        2.0399621622103132,
        6.902634922222877,
        3.0757668495777533,
        3.231256026080131,
        2.952912851443272,
        4.357002587844241,
        4.137436596568686,
        0.28258057945208737,
        2.790877526983495,
        2.1575260503838964,
        4.563380068710413,
        3.2264573083138606,
        4.721766477926486,
        4.479096080712745,
        6.222285042485624,
        2.259583392079233,
        2.9728865656924253,
        0.4951787291041182,
        5.133647068056239,
        4.635677627041874,
        3.67501155099147,
        1.6282369632067526,
        2.8250210901911887,
        2.5029000370439776,
        3.045828764249715,
        3.377507224703757,
        0.7830108281341395,
        6.130656026647947,
        1.4807186596590782,
        3.309826963823155,
        4.417992979643502,
        5.663523231015261,
        0.36858939371300836,
        0.6129637593965301,
        2.58959880333822,
        0.16831246664276703,
        5.3872428773349466,
        0.9187028033449185,
        2.287958691980011,
        0.08467643501248948,
        1.1878883239062485,
        4.74147345416336,
        1.901996908996504,
        0.5722696463144399,
        2.114858375441592,
        5.153967547983779,
        0.7836465988792756,
        5.979443851472025,
        6.014807767416713,
        5.924433056221208,
        4.791151117629509,
        5.394466931116101,
        3.6019572698819946,
        3.4941262832274522
      ]
    ],
    "vqe2_time": [
      4.736243486404419,
      7.759702444076538,
      6.6244893074035645
    ],
    "solution_vector": [
      0,
      0,
      0,
      0,
      1,
      1,
      1,
      1
    ],
    "solution_min_energy": -137.64423873042168,
    "solution_time": 0.02142500877380371,
    "matrix_size": 8,
    "qubo_matrix": [
      [
        -32.195900002007356,
        4.283387858486799,
        8.566775716973599,
        2.1416939292433996,
        2.14169185415935,
        4.2833837083187,
        8.5667674166374,
        2.14169185415935
      ],
      [
        4.283387858486799,
        -60.108412145527915,
        17.133551433947197,
        4.283387858486799,
        4.2833837083187,
        8.5667674166374,
        17.1335348332748,
        4.2833837083187
      ],
      [
        8.566775716973599,
        17.133551433947197,
        -103.08327285710862,
        8.566775716973599,
        8.5667674166374,
        17.1335348332748,
        34.2670696665496,
        8.5667674166374
      ],
      [
        2.1416939292433996,
        4.283387858486799,
        8.566775716973599,
        -32.195900002007356,
        2.14169185415935,
        4.2833837083187,
        8.5667674166374,
        2.14169185415935
      ],
      [
        2.14169185415935,
        4.2833837083187,
        8.5667674166374,
        2.14169185415935,
        -32.19743805091557,
        4.283402345603674,
        8.566804691207349,
        2.141701172801837
      ],
      [
        4.2833837083187,
        8.5667674166374,
        17.1335348332748,
        4.2833837083187,
        4.283402345603674,
        -60.11147375622747,
        17.133609382414697,
        4.283402345603674
      ],
      [
        8.5667674166374,
        17.1335348332748,
        34.2670696665496,
        8.5667674166374,
        8.566804691207349,
        17.133609382414697,
        -103.08933813004023,
        8.566804691207349
      ],
      [
        2.14169185415935,
        4.2833837083187,
        8.5667674166374,
        2.14169185415935,
        2.141701172801837,
        4.283402345603674,
        8.566804691207349,
        -32.19743805091557
      ]
    ],
    "ansatze": [
      "twolocal",
      "alternating_ry_rz",
      "random_circuit"
    ],
    "histories_energy": [
      [
        [
          -120.13284273561405,
          -116.53391344395607,
          -117.56122643633267,
          -120.80399811926425,
          -120.00157177552981,
          -119.47087571263953,
          -120.78193330171163,
          -116.95667052174664,
          -120.0631955309408,
          -119.07950943716959,
          -120.89746921499537,
          -121.40861930231847,
          -119.99950378521285,
          -119.73664489331438,
          -121.98338753408818,
          -121.79143710472715,
          -121.28339182919908,
          -124.34398450743205,
          -122.55042739120152,
          -121.38435521978437,
          -124.65823664317335,
          -122.33877152441025,
          -124.46167172196128,
          -121.16435226589836,
          -124.57589199175251,
          -123.80425229355616,
          -124.11818632555608,
          -124.61932892943842,
          -124.79304375156113,
          -123.61970384354534,
          -124.84174845987036,
          -124.3810808303187,
          -123.74279744420302,
          -123.35451127462088,
          -122.77435756092856,
          -124.9526168161336,
          -125.05207926204518,
          -123.96857655342977,
          -124.58970542424306,
          -123.02562695844283,
          -124.40301536803719,
          -125.18025913614277,
          -124.91954914828203,
          -124.32349510119437,
          -125.00174512564853,
          -125.61630459277582,
          -124.80251809331372,
          -125.11633848601303,
          -123.98999174032447,
          -122.93781930139318,
          -125.98023799375339,
          -124.24305790750913,
          -127.98549742614155,
          -126.10023288525218,
          -126.784365284729,
          -126.10722938757279,
          -128.45125189695338,
          -127.12042936281637,
          -127.1930309397966,
          -124.87877587626453,
          -127.41755566218269,
          -126.50059501151848,
          -127.55999120562922,
          -127.42343347483275,
          -127.24616353272305,
          -125.30811081612504,
          -127.61150251746776,
          -125.82232142417266,
          -127.66285301250356,
          -127.83674356864073,
          -128.45193370080491,
          -128.51789000652073,
          -126.72532060281605,
          -126.30011142703309,
          -128.11617013374047,
          -127.04841421284861,
          -128.17937876709343,
          -128.3882846094028,
          -127.85859028988781,
          -126.04269747709175
        ]
      ],
      [
        [
          -118.08401540471594,
          -117.80964040544414,
          -115.45935752588028,
          -117.19283074115214,
          -116.59436012533206,
          -116.06270652215319,
          -108.73988840265764,
          -118.64234427246161,
          -116.54631167339313,
          -118.44063407593191,
          -118.67661141717224,
          -118.7109396394703,
          -120.16011667177075,
          -116.72782020566521,
          -118.81719681347093,
          -117.13158831811077,
          -119.4868788769457,
          -119.65002159527437,
          -109.21858603099518,
          -116.4153253307318,
          -118.37285543204986,
          -118.05864849833853,
          -117.09969272919209,
          -117.83795498960919,
          -118.34717466200996,
          -119.67379059795405,
          -119.8883788049115,
          -120.30794712392634,
          -119.22123771978156,
          -119.58525747830159,
          -120.09828718692835,
          -118.96247734640428,
          -119.17498738584212,
          -118.19380786376965,
