[
  {
    "vqe2_energy": [
      -313178.17012571223,
      -284699.81124126446,
      -315430.57470767736
    ],
    "vqe2_vector": [
      [
        0,
        1,
        0,
        0,
        1,
        1,
        0,
        1,
        0,
        0,
        0,
        1,
        1,
        0,
        1,
        0
      ],
      [
        1,
        1,
        1,
        0,
        1,
        1,
        1,
        1,
        0,
        0,
        0,
        0,
        1,
        1,
        0,
        0
      ],
      [
        1,
        0,
        1,
        0,
        1,
        0,
        0,
        1,
        0,
        0,
        1,
        1,
        0,
        1,
        1,
        0
      ]
    ],
    "vqe2_min_error": [
      0.7382173940901571,
      9.764429749269421,
      0.024318038123460894
    ],
    "vqe2_params": [
      [
        5.404034494379925,
        3.00230011525585,
        1.8738796312390356,
        4.713430589255737,
        2.8978785959958695,
        4.762097559663965,
        0.006543055535977251,
        5.247062090205955,
        -0.2282072214718899,
        3.2791053927411014,
        3.463717196589788,
        4.452042997211624,
        4.363207115518801,
        5.360378207922438,
        2.045979372505383,
        5.355309872986094,
        4.0118326953133145,
        3.137337036026729,
        -0.6358985272101979,
        5.198535498506313,
        3.131833259651861,
        3.137264972734604,
        6.2197800689546,
        0.11632414546005046,
        0.630443020537411,
        5.748711904908203,
        5.190372372680356,
        1.9230574037399513,
        0.8615938096887896,
        5.83849142716036,
        3.409649215610484,
        3.9262435270527267,
        5.73095299527031,
        0.04004720822037332,
        4.5715002537314815,
        5.436513486160874,
        1.5874442074755066,
        0.3127319109934436,
        0.27263885342424043,
        1.010262039254587,
        4.121142389991558,
        3.2158343782124557,
        0.9142125800364329,
        0.6061450899976195,
        3.0809387189299144,
        0.6333353354837455,
        -0.4888524474771153,
        1.0327279992115173,
        4.480578422260319,
        -0.18710487365812803,
        5.699816477060995,
        0.19795982632911713,
        0.4164755087206993,
        1.8774523315428422,
        -0.3813214952289771,
        2.9113304248198246,
        0.5904668740439099,
        0.6674542768123569,
        0.4343112877147726,
        5.450990695248317,
        4.994390919394601,
        0.45728832782738416,
        5.109708298488261,
        2.3458090418378963
      ],
      [
        7.050423423416863,
        1.6525021600698826,
        4.045993398972975,
        2.63431651452946,
        6.20059087613179,
        4.555430521510108,
        6.0325449151145465,
        0.9508993755011066,
        2.4181072564716724,
        2.0236898011400033,
        5.925878288239355,
        3.2172507985988585,
        4.562483916841813,
        0.584759937293683,
        1.99335513333804,
        5.337390320011619,
        1.983554428791122,
        3.1230043220458104,
        1.2973428467269181,
        6.158800978058079,
        3.725346644906393,
        0.8231598460278422,
        1.9627217559915857,
        2.7763616358426746,
        1.761327935120461,
        4.868071233103645,
        1.7418619287845185,
        5.881938356483254,
        4.964253892882186,
        4.967886525935344,
        3.935687991353772,
        0.2729324704035809,
        5.95650993938231,
        1.877454684522668,
        5.279929167433858,
        1.6522598553027852,
        2.966765843286551,
        6.1733739408307144,
        1.8686592525146088,
        1.9697514484958734,
        3.318654219540183,
        2.8873016077367946,
        5.807882166327534,
        1.3070797507527294,
        5.198518719155259,
        1.212088869351275,
        3.583089264617394,
        2.6950924536676104,
        6.0630902534400315,
        1.6198006882003182,
        0.21755893285354125,
        1.2770887814451182,
        2.0699004156207796,
        2.341827418642225,
        4.774850330064868,
        4.339398279848097,
        0.4486008462787476,
        5.904040627997738,
        3.02974557587066,
        3.4047350391535676,
        6.230885740085437,
        0.8750269912324261,
        5.358146758842639,
        3.4055936978206933,
        2.061056867297469,
        2.877041850144698,
        5.238673040815827,
        1.9327312058381378,
        3.0054525845468762,
        1.237887181761005,
        1.067207629769912,
        5.254382210130724,
        4.1953100172065385,
        1.3443817401082312,
        2.3915336906621087,
        0.5273422453696159,
        0.9425322166478769,
        4.104301569248441,
        2.2443478064160947,
        0.7563661756788305,
        5.32251204212037,
        0.22316010224860536,
        2.910998594073902,
        3.126226616613793,
        0.04607965766440174,
        5.239291892999202,
        5.8823636658663725,
        1.2047517320431833,
        0.9451562151977809,
        4.301135748347496,
        5.938790205425683,
        1.9981197561102666,
        6.101484047180828,
        5.486665211654374,
        2.655519504877569,
        1.5506102151240042
      ],
      [
        5.907718058386671,
        4.274596776078718,
        2.060638905617358,
        4.1798403326257745,
        2.7804714611360644,
        2.62165525351506,
        3.383642972663255,
        2.4779801348213066,
        6.118952731017089,
        5.048996025190142,
        6.107374944462621,
        4.377540814601491,
        1.4345454877565327,
        5.088949151161357,
        3.215381964465425,
        0.8459106012505675,
        3.2638857134089423,
        4.1130173158684835,
        3.0076293668078886,
        2.120827400364615,
        0.6338592248111128,
        2.905336206857869,
        0.9938853537393172,
        5.9769130337411704,
        6.001390286908268,
        4.492491473808182,
        -0.07713787489859816,
        1.3199642972509376,
        5.612727300702691,
        5.306408144929431,
        2.7437899376911674,
        0.6701219525554658,
        2.4148592915561427,
        2.3458319007870827,
        1.2413124808265346,
        3.1613180049686584,
        1.0559197761508352,
        1.4161725549391926,
        2.8771950380981903,
        5.697822959827302,
        1.844749845323038,
        2.7825562130102206,
        2.3272283931919437,
        1.1222249670252955,
        0.22097899051577735,
        0.615195448412695,
        1.873065547353843,
        0.964980239915454,
        5.378966850466205,
        1.0991678370176963,
        2.752289200431197,
        0.7399686133505234,
        1.7692665843416315,
        3.261851532265355,
        3.9759739297810768,
        6.042431810913451,
        0.3346499348810733,
        5.625574129408414,
        6.089459397190939,
        6.179609743540195,
        6.084494584227764,
        5.825001544476536,
        4.007383758399292,
        5.347919907051407,
        2.5569224523324054,
        1.166081423089817,
        5.155049634989083,
        4.955994643919376,
        6.183807679375013,
        3.890123803989914,
        3.1481074786946426,
        3.0558759292839492,
        4.11991397760294,
        2.0507338096937002,
        2.5281676734276854,
        2.711661965584027,
        1.8336190625325657,
        0.5015731699022301,
        5.7624488800138565,
        5.198618971588004,
        4.975240059119572,
        2.142995359358416,
        1.0418634869144325,
        3.320763561094801,
        1.4966026689763965,
        3.138060837296109,
        -0.018962511045378206,
        1.3261766407414213,
        3.297952259110091,
        1.710880923500783,
        5.381744351351121,
        2.9658730881043702,
        1.3210077797418525,
        4.188359052051028,
        4.805691688484257,
        0.35596383303491835,
        3.1641638765932925,
        0.01037331492690557,
        0.4851954261304495,
        1.1569737594653664,
        2.039073463848993,
        5.636225527268289,
        3.8983112399061826,
        1.7108955551590668,
        4.53476219997665,
        2.8257060198659927,
        2.7136541743777576,
        3.5357869571864486,
        2.3655815353611045,
        2.005446628102155,
        0.3396650097601288,
        0.03119041591739114,
        0.9153810719103531,
        2.0020745166523097,
        1.6456541979215538,
        1.028966803144089,
        5.9309317031865465,
        0.8324428212629772,
        5.314662262713519,
        2.628716180843899,
        4.3650824577920195,
        0.821029845345978,
        1.187656312466493,
        6.058775962932225,
        0.636740572617778,
        0.03505769218578547,
        6.048175067311396,
        1.2027630528221775,
        0.19708462717891864,
        5.934772327021757,
        3.5407407798770394,
        2.9711692681195085,
        3.4571956988246018,
        2.996683788185184,
        3.0786515373684717,
        0.6625814685474344,
        4.370599820524786,
        1.589004574921814,
        3.0397634854400666,
        5.196123276499085,
        5.868157867521217,
        5.62832974892674,
        4.800895702212796,
        2.1328412877739518
      ]
    ],
    "vqe2_time": [
      309.556706905365,
      379.11184215545654,
      375.9566512107849
    ],
    "solution_vector": [
      0,
      0,
      1,
      1,
      1,
      1,
      1,
      0,
      1,
      1,
      0,
      0,
      0,
      0,
      0,
      1
    ],
    "solution_min_energy": -315507.29989314766,
    "solution_time": 0.023593664169311523,
    "matrix_size": 16,
    "qubo_matrix": [
      [
        -4910.474455259628,
        38.51297202098284,
        77.02594404196569,
        154.05188808393137,
        308.10377616786275,
        616.2075523357255,
        1232.415104671451,
        19.25648601049142,
        19.256485983472096,
        38.51297196694419,
        77.02594393388839,
        154.05188786777677,
        308.10377573555354,
        616.2075514711071,
        1232.4151029422142,
        19.256485983472096
      ],
      [
        38.51297202098284,
        -9782.435938498273,
        154.05188808393137,
        308.10377616786275,
        616.2075523357255,
        1232.415104671451,
        2464.830209342902,
        38.51297202098284,
        38.51297196694419,
        77.02594393388839,
        154.05188786777677,
        308.10377573555354,
        616.2075514711071,
        1232.4151029422142,
        2464.8302058844283,
        38.51297196694419
      ],
      [
        77.02594404196569,
        154.05188808393137,
        -19410.81998891261,
        616.2075523357255,
        1232.415104671451,
        2464.830209342902,
        4929.660418685804,
        77.02594404196569,
        77.02594393388839,
        154.05188786777677,
        308.10377573555354,
        616.2075514711071,
        1232.4151029422142,
        2464.8302058844283,
        4929.660411768857,
        77.02594393388839
      ],
      [
        154.05188808393137,
        308.10377616786275,
        616.2075523357255,
        -38205.4324254895,
        2464.830209342902,
        4929.660418685804,
        9859.320837371608,
        154.05188808393137,
        154.05188786777677,
        308.10377573555354,
        616.2075514711071,
        1232.4151029422142,
        2464.8302058844283,
        4929.660411768857,
        9859.320823537713,
        154.05188786777677
      ],
      [
        308.10377616786275,
        616.2075523357255,
        1232.415104671451,
        2464.830209342902,
        -73946.0346416361,
        9859.320837371608,
        19718.641674743216,
        308.10377616786275,
        308.10377573555354,
        616.2075514711071,
        1232.4151029422142,
        2464.8302058844283,
        4929.660411768857,
        9859.320823537713,
        19718.641647075427,
        308.10377573555354
      ],
      [
        616.2075523357255,
        1232.415104671451,
        2464.830209342902,
        4929.660418685804,
        9859.320837371608,
        -138032.7484459006,
        39437.28334948643,
        616.2075523357255,
        616.2075514711071,
        1232.4151029422142,
        2464.8302058844283,
        4929.660411768857,
        9859.320823537713,
        19718.641647075427,
        39437.28329415085,
        616.2075514711071
      ],
      [
        1232.415104671451,
        2464.830209342902,
        4929.660418685804,
        9859.320837371608,
        19718.641674743216,
        39437.28334948643,
        -236628.21354231474,
        1232.415104671451,
        1232.4151029422142,
        2464.8302058844283,
        4929.660411768857,
        9859.320823537713,
        19718.641647075427,
        39437.28329415085,
        78874.5665883017,
        1232.4151029422142
      ],
      [
        19.25648601049142,
        38.51297202098284,
        77.02594404196569,
        154.05188808393137,
        308.10377616786275,
        616.2075523357255,
        1232.415104671451,
        -4910.474455259628,
        19.256485983472096,
        38.51297196694419,
        77.02594393388839,
        154.05188786777677,
        308.10377573555354,
        616.2075514711071,
        1232.4151029422142,
        19.256485983472096
      ],
      [
        19.256485983472096,
        38.51297196694419,
        77.02594393388839,
        154.05188786777677,
        308.10377573555354,
        616.2075514711071,
        1232.4151029422142,
        19.256485983472096,
        -4910.476000457777,
        38.512972209617175,
        77.02594441923435,
        154.0518888384687,
        308.1037776769374,
        616.2075553538748,
        1232.4151107077496,
        19.256486104808587
      ],
      [
        38.51297196694419,
        77.02594393388839,
        154.05188786777677,
        308.10377573555354,
        616.2075514711071,
        1232.4151029422142,
        2464.8302058844283,
        38.51297196694419,
        38.512972209617175,
        -9782.439028705938,
        154.0518888384687,
        308.1037776769374,
        616.2075553538748,
        1232.4151107077496,
        2464.830221415499,
        38.512972209617175
      ],
      [
        77.02594393388839,
        154.05188786777677,
        308.10377573555354,
        616.2075514711071,
        1232.4151029422142,
        2464.8302058844283,
        4929.660411768857,
        77.02594393388839,
        77.02594441923435,
        154.0518888384687,
        -19410.826168573407,
        616.2075553538748,
        1232.4151107077496,
        2464.830221415499,
        4929.660442830998,
        77.02594441923435
      ],
      [
        154.05188786777677,
        308.10377573555354,
        616.2075514711071,
        1232.4151029422142,
        2464.8302058844283,
        4929.660411768857,
        9859.320823537713,
        154.05188786777677,
        154.0518888384687,
        308.1037776769374,
        616.2075553538748,
        -38205.44478179294,
        2464.830221415499,
        4929.660442830998,
        9859.320885661997,
        154.0518888384687
      ],
      [
        308.10377573555354,
        616.2075514711071,
        1232.4151029422142,
        2464.8302058844283,
        4929.660411768857,
        9859.320823537713,
        19718.641647075427,
        308.10377573555354,
        308.1037776769374,
        616.2075553538748,
        1232.4151107077496,
        2464.830221415499,
        -73946.05934217038,
        9859.320885661997,
        19718.641771323993,
        308.1037776769374
      ],
      [
        616.2075514711071,
        1232.4151029422142,
        2464.8302058844283,
        4929.660411768857,
        9859.320823537713,
        19718.641647075427,
        39437.28329415085,
        616.2075514711071,
        616.2075553538748,
        1232.4151107077496,
        2464.830221415499,
        4929.660442830998,
        9859.320885661997,
        -138032.79779867874,
        39437.28354264799,
        616.2075553538748
      ],
      [
        1232.4151029422142,
        2464.8302058844283,
        4929.660411768857,
        9859.320823537713,
        19718.641647075427,
        39437.28329415085,
        78874.5665883017,
        1232.4151029422142,
        1232.4151107077496,
        2464.830221415499,
        4929.660442830998,
        9859.320885661997,
        19718.641771323993,
        39437.28354264799,
        -236628.31205470953,
        1232.4151107077496
      ],
      [
        19.256485983472096,
        38.51297196694419,
        77.02594393388839,
        154.05188786777677,
        308.10377573555354,
        616.2075514711071,
        1232.4151029422142,
        19.256485983472096,
        19.256486104808587,
        38.512972209617175,
        77.02594441923435,
        154.0518888384687,
        308.1037776769374,
        616.2075553538748,
        1232.4151107077496,
        -4910.476000457777
      ]
    ],
    "ansatze": [
      "twolocal",
      "alternating_ry_rz",
      "random_circuit"
    ],
    "histories_energy": [
      [
        [
          -252979.55125578906,
          -253449.01212484873,
          -258481.07205434283,
          -260058.77902076746,
          -254667.96508895204,
          -262270.0018099588,
          -260433.35341549575,
          -257704.5395785839,
          -258855.44301309637,
          -257668.31920756522,
          -266047.6862307217,
          -272998.86218772334,
          -268085.023813547,
          -269846.60998060217,
          -272024.103659783,
          -270199.19571659155,
          -269757.01190242765,
          -272855.2210618929,
          -270520.96965188463,
          -268717.2670578927,
          -272061.4837093315,
          -269825.285966468,
          -266925.8778137421,
          -274468.1925527713,
          -271673.1192568048,
          -271103.8958655624,
          -270276.2351610826,
          -271098.73057236086,
          -270965.04730784765,
          -271851.5157829275,
          -270583.55159951997,
          -269058.2241772738,
          -270962.8352825494,
          -271540.8571470292,
          -263076.0175416163,
          -273074.6545204395,
          -270921.1515996706,
          -272060.08029516565,
          -269607.574801042,
          -271296.28077169723,
          -271311.3189374574,
          -269819.27023553295,
          -253921.80174335145,
          -268482.7238544608,
          -269949.98590966285,
          -268066.1225345376,
          -272897.66338881163,
          -270767.97918235854,
          -269144.6446773435,
          -271834.8782245377,
          -271373.4141242838,
          -272007.13967907097,
          -269219.43521485344,
          -269797.238464381,
          -271044.14351517253,
          -270299.9940868988,
          -272899.8689450406,
          -269572.35908743547,
          -269034.2383354952,
          -268277.15588458744,
          -270341.8731456204,
          -270942.40974237124,
          -268322.47299573105,
          -270728.8798390268,
          -271998.44267811876,
          -283811.1112993938,
          -269368.93274050404,
          -278258.5143603165,
          -280599.81867966434,
          -283278.600510692,
          -292696.323717173,
          -288747.490105199,
          -287846.90164833225,
          -291321.7937570282,
          -293533.7690066814,
          -295684.5477024021,
          -273454.99447422253,
          -295312.5802068488,
          -293405.6423054001,
          -296492.4363919153,
          -296339.77498536045,
          -298474.7303721002,
          -297418.46836247575,
          -296568.9376636633,
          -297022.14733223035,
          -297956.10084415507,
          -299641.10068660416,
          -297385.6761415227,
          -296436.62363591936,
          -295828.1857772471,
          -287784.4035879243,
          -298959.5318364947,
          -298449.1928472439,
          -297233.58599972195,
          -298966.97031393397,
          -297365.2393937014,
          -297351.9432527494,
          -297628.2589542313,
          -297864.0859058818,
          -299664.94192707085,
          -298527.9202033583,
          -297453.22503656114,
          -299256.07964348857,
          -299739.7729640942,
          -297955.7613406192,
          -298761.3520412122,
          -300808.36157031974,
          -300880.2942993154,
          -298713.98620998894,
          -300879.903523938,
          -301901.1183009996,
          -300811.86095180723,
          -297991.1735205259,
          -300103.4216797843,
          -298519.9732497703,
          -300973.040524464,
          -298538.838690043,
          -301378.1984857072,
          -299353.35027551535,
          -300056.9895198127,
          -300656.9867953575,
          -301394.4646197081,
          -300134.87933997985,
          -299348.21652735287,
          -300313.1158931918,
          -302783.5904575446,
          -300726.2649545107,
          -300524.1538489176,
          -301292.3982317233,
          -298499.7794041132,
          -303774.4717222988,
          -302383.1034179729,
          -292853.48694073997,
          -306732.21672560676,
          -305180.4412757435,
          -306818.9304872256,
          -297649.9957293093,
          -305539.3305548062,
          -298164.15661527123,
          -307447.5402817393,
          -298399.23078606185,
          -308120.33478220657,
          -300348.9806599476,
          -304735.6403845118,
          -305706.6139722973,
          -307168.3318599983,
          -308184.6205423243,
          -307445.5890992304,
          -305593.5736682562,
          -308318.28725110024,
          -308716.9947903968,
          -308117.49707056663,
          -305681.59816826705,
          -308023.3781691203,
          -303378.50054121966,
          -306625.61672832345,
          -306666.49226942693,
          -307449.6981472505,
          -305321.4759520336,
          -307778.6733492465
        ]
      ],
      [
        [
          -254001.5657757634,
          -258315.5442877778,
          -260592.1579529346,
          -263962.20029468375,
          -267178.4275109802,
          -264701.2123949137,
          -263416.08188012993,
          -267103.0960937247,
          -265029.53805067274,
          -267700.2270737623,
          -268534.06774167804,
          -267395.97965896514,
          -262503.783365493,
          -266024.24735403695,
          -268474.827369986,
          -268730.3528450427,
          -262724.2857663648,
          -269822.34741388797,
          -265819.186878289,
          -267818.40999298915,
          -267382.90725776774,
          -268973.0443122628,
          -269476.8388719744,
          -267090.56483955914,
          -269423.97153608524,
          -267473.851442631,
          -272060.8395936025,
          -268303.72821184545,
          -266871.74785694724,
          -266606.5620217119,
          -270127.7326794567,
          -265469.6581291349,
          -269343.78553691687,
          -267617.3887549573,
          -270480.6547187341,
          -260269.01284847473,
          -266625.8959768152,
          -266143.36257013626,
          -265879.3128021047,
          -266084.57673166087,
          -268930.0829484775,
          -267061.3378295236,
          -265763.36266694084,
          -268223.3271837523,
          -271071.2215176254,
          -267489.0524116458,
          -266038.4668720075,
          -267369.3104615793,
          -264503.807302271,
          -270603.7355706152,
          -267460.99347124575,
          -263349.0368300319,
          -265417.4861758347,
          -265634.56057765573,
          -269963.1587332497,
          -267819.4461980628,
          -268280.20598471886,
          -265922.1167165078,
          -267996.612455339,
          -266507.97021971236,
          -268124.3109912263,
          -267331.0517017276,
          -269953.7711040499,
          -270666.6827423262,
          -272310.3131716575,
          -267036.7494623253,
          -268244.53067244746,
          -265327.5658197764,
          -263809.33513433166,
          -266527.8660182975,
          -273008.5759978461,
          -266620.93919402274,
          -266756.1592422722,
          -265522.2243950159,
          -268984.8132364816,
          -268615.45244275255,
          -270384.09507207875,
          -268136.87973964843,
          -266718.0140332646,
          -269486.1535792945,
          -268516.84725338005,
          -268105.87788387993,
          -266448.5655592947,
          -266560.366700875,
          -271413.9572145671,
          -269440.0752008746,
          -268362.221869292,
          -266595.3858639124,
          -268538.7370291559,
          -270158.59497600805,
          -270128.3841031959,
          -266444.32784301724,
          -271290.38070066203,
          -268555.6439248568,
          -270395.0443050927,
          -268307.9208065205,
          -268300.03398582875,
          -266365.36566764355,
          -267909.69756886124,
          -259581.30853159283,
          -266061.7682817267,
          -267891.616293359,
          -268214.42703295493,
          -266955.8741510068,
          -270515.9615661536,
          -267654.60707121284,
          -265845.14603054343,
          -267808.7921107585,
          -269727.49247410434,
          -271422.4683934461,
          -266856.01550638507,
          -267118.1232824375,
          -269669.3451761941,
          -264961.81222998805,
          -269755.68685065175,
          -257313.1686101701,
          -268637.36250265845,
          -270137.30921967485,
          -268486.01369997027,
          -269818.7271086426,
          -269431.2526246833,
          -266051.76285602915,
          -269120.00353184936,
          -263581.92273217026,
          -268480.32633454376,
          -270462.0176799392,
          -266133.2582939828,
          -271097.7479327298,
          -267035.2081662441,
          -270079.9029629931,
          -270423.37921397283,
          -268951.9530448553,
          -270415.59415644355,
          -264135.8893890691,
          -266274.6256502523,
          -267899.1621244417,
          -267760.74894260627,
          -267605.22281077545,
          -267951.0560689675,
          -265750.4741624334,
          -272160.7440390033,
          -268612.370102493,
          -266869.88534476975,
          -270165.4520108885,
          -268751.8633673435,
          -263899.7598040281,
          -267225.8998680493,
          -266022.076218667,
          -268206.20907902997,
          -268315.6435241089,
          -269193.30338251847,
          -268414.5602890405,
          -269803.76550680475,
          -266859.6059261597,
          -266954.7965985633,
          -264876.5954700396,
          -265793.0652953519,
          -267734.4383627493,
          -266634.78702338715,
          -264693.39781140815
        ]
      ],
      [
        [
          -259710.82761136175,
          -257559.6042536209,
          -262512.09104518977,
          -268770.2085921022,
          -267409.649040708,
          -265406.1303599521,
          -265316.5917376712,
          -268999.7002498569,
          -270547.0016028875,
          -263479.0405426612,
          -263047.22538197436,
          -266002.60965529346,
          -267135.27671696374,
          -267690.3855905388,
          -267653.52929598093,
          -268703.0128244287,
          -265449.07324796065,
          -259879.5435170314,
          -262099.03135978695,
          -265302.2356098211,
          -271188.34397659387,
          -267845.1462914101,
          -267669.6544955814,
          -268991.73629338876,
          -268957.1880593509,
          -267078.5856804803,
          -255727.32057322463,
          -262281.90118429984,
          -270872.5240955258,
          -264550.1908597633,
          -268227.5150883395,
          -270525.5348560376,
          -267818.697547587,
          -269884.5865878795,
          -256797.88249770194,
          -270362.4451022609,
          -266742.72284282156,
          -269675.5063336077,
          -272730.1962100734,
          -266471.15880095295,
          -268977.9243391972,
          -268741.1370047804,
          -276744.52550224727,
          -272998.1600291845,
          -273812.59577485063,
          -274720.69074459065,
          -275819.51127517235,
          -274752.7057840755,
          -273561.4463016748,
          -273992.85233714036,
          -273559.68818754127,
          -276996.93136832915,
          -272411.66860087303,
          -275127.7198828193,
          -274973.7916993907,
          -274439.8748772725,
          -274092.7643340149,
          -273222.9982331049,
          -277297.1801103266,
          -275964.8301889122,
          -275214.6166237054,
          -275901.95607421274,
          -273187.6687638825,
          -276412.59929450287,
          -274490.3307372266,
          -279081.23629649385,
          -275378.3290529522,
          -275260.9974469258,
          -276395.0098713383,
          -275868.0733390004,
          -272783.43555979745,
          -275405.6379280172,
          -278461.09045586543,
          -271256.46032706025,
          -276287.3366763363,
          -273879.1824581005,
          -275113.52722748474,
          -278594.4351433719,
          -277722.1378103499,
          -274505.20220202894,
          -275477.56039829866,
          -275575.2311049044,
          -274120.5516058788,
          -271163.15421149426,
          -274777.7869628227,
          -274791.94258129917,
          -274956.75909236685,
          -275465.79219219415,
          -275649.5972983162,
          -274067.6717549863,
          -273709.5181815678,
          -271567.35035182035,
          -272833.09161686647,
          -277157.08597824234,
          -277387.6800990714,
          -276740.7923592585,
          -276265.16137824085,
          -275397.14171388914,
          -274124.2502412889,
          -273636.99469761207,
          -277605.8710410908,
          -274590.1596519927,
          -276242.3055056145,
          -278182.0657855492,
          -275516.1362783711,
          -276686.57480662584,
          -275733.2840537961,
          -277817.1791003201,
          -277185.7613909493,
          -278283.8927181081,
          -280454.5083209485,
          -276265.92238657986,
          -270738.79890802637,
          -278864.0743711326,
          -276427.2566677814,
          -277304.259787387,
          -274813.9060060686,
          -275681.74397635984,
          -275808.3437989562,
          -276732.318759163,
          -275840.7845692157,
          -275133.01549046685,
          -274647.09909070004,
          -278750.936770249,
          -275431.43879712175,
          -276778.91408755037,
          -275745.7741993086,
          -275557.53583989403,
          -275617.64801312005,
          -277550.2763642089,
          -273666.6254225132,
          -275660.9723705731,
          -276908.82296498504,
          -277949.2924183813,
          -279358.2709324159,
          -277462.5097971717,
          -275551.2544131156,
          -276675.5564377992,
          -274190.55979619216,
          -275400.60851702624,
          -273498.4562860407,
          -274549.81230396545,
          -277338.8876548681,
          -274009.1003283157,
          -273220.4695116841,
          -272104.1614609859,
          -258362.917710473,
          -282034.2911721334,
          -277051.74212177214,
          -269463.52945443074,
          -282730.2640907395,
          -284537.77965041215,
          -282950.6841698119,
          -287633.47017769964,
          -276886.75428311975,
          -294553.20170369314,
          -282268.5795118536,
          -270316.02882761403,
          -291891.9807894564,
          -283692.14550982194
        ]
      ]
    ]
  },
  {
    "vqe2_energy": [
      -142280.75624583708,
      -142272.10173329082,
      -141968.3158490258
    ],
    "vqe2_vector": [
      [
        0,
        1,
        1,
        0,
        1,
        1,
        0,
        1,
        1,
        0,
        0,
        1,
        0,
        0,
        1,
        0
      ],
      [
        0,
        0,
        1,
        0,
        0,
        1,
        1,
        1,
        0,
        0,
        1,
        1,
        1,
        0,
        0,
        0
      ],
      [
        0,
        0,
        0,
        0,
        1,
        0,
        1,
        0,
        1,
        0,
        1,
        0,
        1,
        1,
        0,
        1
      ]
    ],
    "vqe2_min_error": [
      7.056912387781722e-07,
      0.0060819950447488225,
      0.2195935720312625
    ],
    "vqe2_params": [
      [
        4.508432259271568,
        6.459997461938374,
        5.861176661166619,
        2.921661762963522,
        3.3637379299415904,
        5.52994567775229,
        6.169100117112953,
        1.9383106278167068,
        0.1959494263037937,
        4.281640181479999,
        2.7739166536134436,
        2.086072357059198,
        3.7258948417269506,
        2.51549556564263,
        0.915085787964348,
        3.8528118945425294,
        7.454011844061868,
        4.044522046389785,
        5.846271127406179,
        2.048554759209839,
        2.2698622399739645,
        5.780159107041491,
        2.5428707391155165,
        2.1755463097380767,
        6.733850007514863,
        3.3256537962356156,
        1.0770945623071333,
        4.306718787438007,
        5.198936593900943,
        1.1320226598988719,
        3.204394342888114,
        5.237415478074703,
        1.0015909883881404,
        3.3360525257288915,
        5.929602017925648,
        4.227229577295858,
        4.755554722695813,
        0.3644664969478603,
        1.226778241506624,
        4.8445514189531185,
        2.027131362349862,
        2.2722950443338106,
        0.6313587215407828,
        4.249171851018163,
        4.171194508003929,
        1.2242536661666252,
        4.771769635774718,
        1.545997163047253,
        3.258397337843334,
        2.6664805482592557,
        5.415925587884522,
        1.5127243078312331,
        5.454849606670849,
        6.078522008314623,
        2.9189258643548057,
        5.726431078530377,
        3.923453347870354,
        6.016046287871541,
        1.1673696353612817,
        4.5733171383385836,
        1.0916272074441555,
        4.245522325890458,
        2.7497462927765857,
        1.4515339888881766
      ],
      [
        4.463103574418215,
        1.9888931671071723,
        0.07571459938275622,
        1.3351497185812116,
        5.695802618356234,
        0.1303126578323848,
        2.132336800292534,
        2.6212565660386047,
        4.050456718455429,
        7.406436325005953,
        2.1104744084166245,
        5.8388444289262935,
        1.2092268535875883,
        0.46328223452544176,
        4.497367661851529,
        3.9523694760090904,
        2.10966970776006,
        2.371319820768448,
        0.6174787854740293,
        1.536583836985734,
        3.704951205597981,
        1.3421864834676607,
        2.5573048204572597,
        5.641582693514475,
        3.057618266416829,
        3.615990979199633,
        5.1272821953698715,
        1.8698363326831462,
        0.9188011530485355,
        3.709381148876911,
        5.565666640788762,
        4.08070731358694,
        3.689231718515618,
        5.05434463339094,
        5.10426377561141,
        0.37545412986683413,
        5.093322378921505,
        0.7970781934830853,
        1.1257943400053982,
        5.451238580559534,
        3.14346686789743,
        0.5858635106048075,
        0.787263390288668,
        3.3814991734033435,
        1.7916370726940527,
        5.500518278869166,
        1.4207395421413869,
        5.255135773322956,
        1.5734614632248765,
        3.631027279026639,
        5.555913624890612,
        4.208988474915716,
        5.32365163914235,
        5.535796006309439,
        0.5506633114576661,
        5.359787643064977,
        1.7254968516551745,
        1.2924782339198613,
        5.085713429397383,
        1.0389413657113276,
        0.8934346631806678,
        1.7052445093391608,
        3.4770284133936062,
        0.4123144041952881,
        3.364882214701914,
        2.539069374674474,
        4.984072151095891,
        1.8491822517810963,
        4.549409809770837,
        1.8066344797667704,
        0.2200450021063647,
        3.1873222469037383,
        5.94000738794051,
        0.9764371040714607,
        3.34068048897797,
        0.7774719172650981,
        3.081495661937378,
        5.61903390733726,
        2.1210955904888924,
        0.7358403122746855,
        6.158814808785406,
        4.719599357498181,
        4.591084703384208,
        4.985788008226843,
        0.8184998045793968,
        4.381868317151687,
        5.169027388672086,
        4.599261361475899,
        5.963643982600774,
        2.4451673838561674,
        6.079273263799932,
        5.306471305983029,
        3.1081714162210767,
        5.132758721079546,
        5.282675307116041,
        4.800379100514147
      ],
      [
        1.3234810020545043,
        2.281985286507976,
        5.603628421500426,
        2.0181649523958676,
        2.9689419976956364,
        2.93580088477805,
        5.362538258600066,
        6.598125531949163,
        2.0286476864472336,
        0.6887642206165432,
        0.540443094713344,
        3.1628971205958103,
        2.9791859108504863,
        7.136208678910522,
        4.579419805778723,
        6.15543427950956,
        1.3976802731860603,
        2.283115828399628,
        5.75954965944828,
        2.379202661779932,
        3.1373870984631016,
        1.3746124218015867,
        3.614942387120068,
        1.4908128218650258,
        5.521301368352036,
        4.121131589279658,
        3.8392526167223138,
        2.4495379586712653,
        1.192826022168143,
        5.35937912818421,
        5.99875158874047,
        1.0253849678939588,
        5.975629690778014,
        5.776713620423876,
        2.4082601210821877,
        4.337852989811456,
        1.3469484592792185,
        1.7642175780841078,
        4.6214425276160265,
        3.4771864545168314,
        2.551451284798898,
        1.354047062265014,
        0.5229720094948409,
        1.0232202552890062,
        5.159024187469241,
        4.230300351400177,
        1.5052511679144862,
        5.359737939431416,
        2.6205573129374264,
        5.428128148593038,
        0.5783072889207788,
        3.17099430275604,
        7.140726493972433,
        2.7594656677778646,
        2.629042661802639,
        3.8743843758302416,
        3.798988532219354,
        5.715137735424324,
        4.221017621379203,
        2.7584414430503243,
        1.3531458372211598,
        2.9111788154785954,
        1.786478041119703,
        5.64131050057892,
        5.912016776659277,
        3.71525242452286,
        6.063215868052901,
        6.196767220127413,
        0.07112519471868566,
        3.0334576774143125,
        5.7566290643296325,
        2.056962685584655,
        0.03021286351257469,
        3.7673148507971113,
        5.900104584894916,
        1.7759788259208322,
        4.543741045370341,
        1.0971131758052253,
        2.5345812956630813,
        6.142563915810806,
        1.4600203427837755,
        1.7500849875852449,
        5.323688493211782,
        3.9330006764871697,
        5.217712212903135,
        1.1209880713534783,
        0.3969176990527246,
        4.37372442182671,
        2.0025283947431447,
        1.3309798218431366,
        1.8351910175081982,
        0.6841102593334674,
        6.16152229702548,
        1.7782758717655973,
        1.263745129909158,
        0.35092020471227997,
        3.695589803623233,
        5.826480574062718,
        3.264713798104969,
        0.48550543449981026,
        3.2763710227242266,
        3.4479041729354116,
        3.708356326044295,
        5.124443100150652,
        4.278200012341174,
        4.334328557366653,
        4.71767818733978,
