[
  {
    "vqe2_energy": [
      -135.51820169691882,
      -137.5870127980129,
      -128.88241528327038
    ],
    "vqe2_vector": [
      [
        0,
        0,
        1,
        0,
        1,
        0,
        1,
        0
      ],
      [
        1,
        1,
        0,
        1,
        1,
        1,
        0,
        1
      ],
      [
        1,
        0,
        0,
        1,
        1,
        1,
        0,
        1
      ]
    ],
    "vqe2_min_error": [
      1.50805328095438,
      0.004482320084997493,
      6.330811506109379
    ],
    "vqe2_params": [
      [
        5.202853607235541,
        5.8893182050951856,
        2.572296530696308,
        2.1758255608193826,
        2.1210599881001433,
        5.521833316510637,
        1.9951424259184556,
        0.024918538772960144,
        0.17331976993143994,
        6.322200189874806,
        1.1145853570766027,
        0.2284122140789158,
        2.9677322115288054,
        0.9859096570991909,
        3.0480507094008704,
        1.7868467028752708,
        1.2167662364966954,
        2.8803842347506428,
        2.68618439959281,
        0.6243432104218432,
        4.406258207000527,
        3.1641699877204466,
        1.9681696993092828,
        6.318783437993518,
        3.7810296128399723,
        2.480697064230707,
        4.576600022479015,
        3.883753627887578,
        1.5562233942171106,
        2.5264405914473946,
        2.0660156899343964,
        3.644599226599809
      ],
      [
        0.9993376164528915,
        3.9971013186711457,
        0.23921901618435856,
        2.0084173989212215,
        1.9988102013896967,
        2.077058076986483,
        3.200472691544012,
        4.378355016859873,
        2.1434592445075853,
        5.001095516300695,
        5.876899108658586,
        4.897343758603613,
        0.2645427690089161,
        1.1585187220014987,
        5.610783601709449,
        1.802943240482863,
        3.482397739363963,
        2.4214488275490935,
        3.1245199278695113,
        1.9680862546379683,
        0.5240939297539731,
        4.501098866103542,
        6.966393124231401,
        4.327332133396747,
        4.796496080734599,
        3.725450474121235,
        3.5230676872903204,
        4.412692938876869,
        5.124257000041258,
        5.09448161453228,
        1.9901302512472363,
        2.9922521259707424,
        4.219835477134235,
        1.7383199527751225,
        5.736831597661064,
        1.9306724070009313,
        1.9672645486744094,
        5.0928316897010735,
        5.3594703256880765,
        1.4485403561291623,
        5.171120971016153,
        0.9793296966168616,
        3.009420072931222,
        2.537005023507285,
        5.51087698804707,
        2.1077846686570076,
        1.8007263470391048,
        4.286030547018112
      ],
      [
        5.5257877621351765,
        4.144736798655515,
        4.485042184393916,
        4.918094907744308,
        5.576905340907431,
        3.3796674365307497,
        5.725528917926084,
        4.2362270089187355,
        1.0766524280661918,
        4.660287392427776,
        6.001686415416501,
        0.20486007432893422,
        4.2765622937929715,
        6.791273275878866,
        1.5616825057119137,
        4.4240356208887235,
        5.35809036284264,
        1.778856478433155,
        1.2547792789423569,
        2.209351009655169,
        5.353130223937048,
        3.8524165216302095,
        4.29659286594251,
        4.888922313832754,
        1.1454591545565607,
        2.173106631003547,
        1.3215912531302862,
        2.839242504396051,
        2.2453523651164637,
        0.13527615292395143,
        1.017015763873027,
        0.5218281773885577,
        6.097393258453475,
        5.580853987975256,
        3.1698786018346854,
        4.605656592645593,
        1.6374436590056498,
        1.8478126923177511,
        4.105365884781013,
        2.648366062326435,
        5.593425429791901,
        5.534799769493483,
        5.915018536744869,
        1.8177871676295292,
        0.448620790503053,
        1.8068710294240846,
        4.563404924192573,
        3.37306586263017,
        3.2281054756070184,
        2.9013225472450097,
        4.019718172811273,
        2.1815181494481677,
        4.38882280945307,
        2.8827777188446193,
        2.096536790999697,
        1.2462471815378993,
        5.816255307436212,
        3.4805142129178264,
        0.04443154323746027,
        5.472398390586699,
        0.2287798232689366,
        1.1092751698085557,
        3.2330646822988935,
        0.7342092319637363,
        4.3666531530825035,
        1.0125659265775033,
        2.092318515514382,
        0.7783559871758965,
        2.3926951242504693,
        2.051883578836344,
        2.5778490723593652,
        4.466072652318354
      ]
    ],
    "vqe2_time": [
      3.299349784851074,
      6.11247181892395,
      10.079435110092163
    ],
    "solution_vector": [
      0,
      0,
      0,
      0,
      1,
      1,
      1,
      1
    ],
    "solution_min_energy": -137.593180164763,
    "solution_time": 0.023919105529785156,
    "matrix_size": 8,
    "qubo_matrix": [
      [
        -32.18379444142789,
        4.281768651909598,
        8.563537303819196,
        2.140884325954799,
        2.1408842567853306,
        4.281768513570661,
        8.563537027141322,
        2.1408842567853306
      ],
      [
        4.281768651909598,
        -60.08582023094619,
        17.12707460763839,
        4.281768651909598,
        4.281768513570661,
        8.563537027141322,
        17.127074054282645,
        4.281768513570661
      ],
      [
        8.563537303819196,
        17.12707460763839,
        -103.04456585425399,
        8.563537303819196,
        8.563537027141322,
        17.127074054282645,
        34.25414810856529,
        8.563537027141322
      ],
      [
        2.140884325954799,
        4.281768651909598,
        8.563537303819196,
        -32.18379444142789,
        2.1408842567853306,
        4.281768513570661,
        8.563537027141322,
        2.1408842567853306
      ],
      [
        2.1408842567853306,
        4.281768513570661,
        8.563537027141322,
        2.1408842567853306,
        -32.1853394924426,
        4.281769134813493,
        8.563538269626987,
        2.1408845674067467
      ],
      [
        4.281768513570661,
        8.563537027141322,
        17.127074054282645,
        4.281768513570661,
        4.281769134813493,
        -60.0889098500717,
        17.127076539253974,
        4.281769134813493
      ],
      [
        8.563537027141322,
        17.127074054282645,
        34.25414810856529,
        8.563537027141322,
        8.563538269626987,
        17.127076539253974,
        -103.05074316088943,
        8.563538269626987
      ],
      [
        2.1408842567853306,
        4.281768513570661,
        8.563537027141322,
        2.1408842567853306,
        2.1408845674067467,
        4.281769134813493,
        8.563538269626987,
        -32.1853394924426
      ]
    ],
    "ansatze": [
      "twolocal",
      "alternating_ry_rz",
      "random_circuit"
    ],
    "histories_energy": [
      [
        [
          -125.72197396516312,
          -125.71154022897078,
          -120.68632390777064,
          -125.58303017963371,
          -126.65502028185377,
          -125.97061705639828,
          -128.71941652628902,
          -124.8273216670257,
          -124.60980766609856,
          -127.60142906990136,
          -128.1252692232149,
          -128.25318945517282,
          -128.07855876359972,
          -128.24539916202545,
          -128.1638990920451,
          -125.20703688602667,
          -127.98822075640935,
          -126.43205575374003,
          -128.74395385073367,
          -127.36550737842958,
          -127.66331094765565,
          -126.71874414305528,
          -127.52000144296171,
          -124.30535397837963,
          -130.76675359974223,
          -130.99851620434197,
          -131.17019280806218,
          -131.59502172200968,
          -131.15976742407963,
          -130.77750923963706,
          -131.21015264660576,
          -131.16688532656798,
          -130.95306749048478,
          -131.3921916267988,
          -132.19010706208337,
          -131.23643779597816,
          -129.79323917466314,
          -127.4072940388924,
          -132.27122554649543,
          -124.7288917892007,
          -131.8398020736796,
          -130.66220037828796,
          -132.06130821502867,
          -133.21211572679215,
          -133.05972349185183,
          -130.76541987494667,
          -132.60000576742982,
          -129.2598162205196,
          -132.52319101798287,
          -132.0150658414134,
          -133.18508328363637,
          -133.09988120024897,
          -132.10799211071253,
          -132.23826487599257,
          -133.16141956907856,
          -130.86922787309726,
          -132.4156238568672,
          -132.4612020023425,
          -132.9433652240826,
          -132.88416306621548,
          -133.26040344146716,
          -131.2422142210142,
          -132.27218664812705,
          -131.05443006878934,
          -128.5054151513274,
          -132.93554011287577,
          -133.2929695861519,
          -133.33524075324434,
          -132.94329039725824,
          -133.33109212261505,
          -132.90023063819967,
          -133.8732250633463,
          -132.83912922346576,
          -132.4774521071246,
          -133.0394284173307,
          -132.79466921794682,
          -133.4323667098553,
          -132.75377244234647,
          -133.49013901460023,
          -133.3602462030748
        ]
      ],
      [
        [
          -120.02535944024514,
          -118.61404863476004,
          -119.5543253633582,
          -118.69992218199664,
          -116.97467141512281,
          -121.44494590389232,
          -121.09706348838367,
          -122.99639894861174,
          -122.56836075790004,
          -121.3236063294208,
          -121.19227978239627,
          -123.66722361196162,
          -123.3536698935084,
          -122.25460554279289,
          -107.80011840994445,
          -123.57540623001164,
          -123.28829853802341,
          -122.76851087105425,
          -122.88814867473887,
          -121.53269159165451,
          -123.06864579425302,
          -122.33330292892104,
          -121.3135839919236,
          -122.78516218835915,
          -120.97692038138734,
          -121.96765922327418,
          -122.07521600173087,
          -123.3004269955597,
          -123.7854885535329,
          -122.8479179620884,
          -122.77352981014204,
          -122.68079409134111,
          -122.89418046296852,
          -122.43431096891288,
          -122.81856090745299,
          -122.59801207708432,
          -121.82137036830063,
          -123.48546192944661,
          -123.49745184278362,
          -123.79869754425533,
          -122.2128624607409,
          -123.06145586782112,
          -123.00479388282304,
          -121.07358992308356,
          -122.23123536960091,
          -123.25609080827564,
          -123.76550357977546,
          -122.63375168710526,
          -122.60907079516116,
          -110.12515706171922,
          -122.34165448254436,
          -105.99755472146488,
          -123.04239345169228,
          -123.7899996863803,
          -121.67016571053331,
          -121.46748352431905,
          -118.41185210185189,
          -123.20655884351783,
          -123.19353103700772,
          -125.84815281580174,
          -126.14454442855492,
          -126.42797218497371,
          -126.99324095834601,
          -129.59433604472403,
          -128.7503982722131,
          -125.97321621420025,
          -129.74801880723848,
          -127.90431671816607,
          -129.00766694379382,
          -124.5718851109099,
          -131.40911847281916,
          -131.7510160601038,
          -131.94448117211297,
          -127.43033699270272,
          -131.42241350440338,
          -130.79325390783066,
          -131.02305338064863,
          -131.14373763514598,
          -131.77492139478127,
          -131.8538091697863
        ]
      ],
      [
        [
          -100.44288468075412,
          -109.64275225984491,
          -112.85539094027766,
          -109.43241023813147,
          -118.21742696791483,
          -114.25970434290379,
          -118.10371290741783,
          -118.00439285717349,
          -118.78174991848877,
          -113.63316168215371,
          -115.00270803879025,
          -117.30778751492397,
          -115.92723954802142,
          -116.55309701337453,
          -119.4107144250426,
          -117.85774475690025,
          -120.94497488475136,
          -119.4287877960212,
          -114.51151524312151,
          -121.54189926134313,
          -121.66797633445982,
          -120.22387794857715,
          -120.850825887573,
          -118.68392281576907,
          -117.93998130871665,
          -121.55640792806288,
          -120.19014435638857,
          -121.32657456817965,
          -121.60144280987792,
          -121.81648688277609,
          -120.35702662333354,
          -122.28203906954876,
          -121.43265593680296,
          -121.05915255926469,
          -121.21766533452741,
          -120.91439927456496,
          -120.35568399304643,
          -121.99142186864286,
          -120.40101951026533,
          -120.11475842176452,
          -121.36018505225883,
          -121.03214108195128,
          -120.14081443095537,
          -119.8156504244302,
          -120.9555674691906,
          -121.30244246963873,
          -121.5205471531768,
          -121.9002981832783,
          -120.83957805774575,
          -121.80102494519643,
          -122.02373733287048,
          -120.71397448407552,
          -120.78433452327025,
          -121.17075966069113,
          -120.41424832239855,
          -121.14039415044968,
          -120.86490826913567,
          -121.47357504755456,
          -121.2291160182657,
          -120.97629031733696,
          -121.15913212624542,
          -121.19224739340834,
          -121.00386575664032,
          -122.24069005456585,
          -121.3245278510576,
          -121.32592617286856,
          -121.55045695946357,
          -121.0160431787736,
          -120.30515570033474,
          -121.1792485525882,
          -120.77861151228984,
          -120.09737049644946,
          -121.24360836480182,
          -120.4363331979336,
          -115.37351345847598,
          -115.86769857067975,
          -120.55222165711824,
          -117.79553009215925,
          -120.67785080521605,
          -120.90715111227802
        ]
      ]
    ]
  },
  {
    "vqe2_energy": [
      -94.98232460010509,
      -93.53196950332979,
      -81.5691869236246
    ],
    "vqe2_vector": [
      [
        1,
        1,
        0,
        1,
        1,
        1,
        0,
        1
      ],
      [
        0,
        1,
        1,
        0,
        0,
        1,
        0,
        1
      ],
      [
        0,
        0,
        0,
        1,
        0,
        0,
        1,
        0
      ]
    ],
    "vqe2_min_error": [
      4.20486194752101e-06,
      1.5269778201068451,
      14.121723344658331
    ],
    "vqe2_params": [
      [
        5.925501860036537,
        4.666783214880303,
        6.846099590630843,
        6.133038080700548,
        4.910309165403543,
        3.375558108204463,
        5.8923444403191585,
        0.3411956527021248,
        2.696832676533584,
        3.1235229733953638,
        5.659337639321434,
        1.474646276946886,
        0.6182190327476302,
        6.030174375190316,
        4.428223192109559,
        5.796820397334053,
        3.5480039625338486,
        4.3070207820552335,
        3.0461563911473086,
        4.426482036493605,
        2.4259589359843896,
        2.8068337034956277,
        3.8433213023990627,
        3.1595294070232236,
        4.334600047991506,
        0.4377838029014512,
        0.9633026304987004,
        1.7047688610404936,
        2.5739405314313757,
        2.5133183804731303,
        4.602438541473241,
        3.3167707419873684
      ],
      [
        3.7791765545940117,
        3.698797026947462,
        4.7027141638884675,
        1.7927067350389947,
        4.687766673618685,
        5.397610010284906,
        4.274949681333142,
        5.123442209299863,
        1.1717669259853305,
        0.003420175007629813,
        1.9302782192171186,
        5.953137733732836,
        3.59186540331055,
        1.820823898083578,
        1.408681509733679,
        4.602497732002907,
        2.4012373019183966,
        3.803861532440294,
        5.686923110113193,
        2.5570536632751537,
        0.8847625721186871,
        1.0598669630290583,
        0.5478301331079122,
        4.539472611654998,
        3.312896750537483,
        0.8089796054156777,
        2.7710944131992643,
        2.23108245998279,
        5.7110202286328295,
        1.713303953127724,
        4.954540593286119,
        1.4788842387270267,
        0.8675339616163962,
        0.6544485806380165,
        2.7027678946593507,
        0.7145790278815787,
        0.24721777428467703,
        6.072098062511217,
        1.7775725514575555,
        2.919637174277666,
        3.6051416271978054,
        4.924883587355657,
        4.172072973254038,
        2.7941981839535996,
        0.6221399175636442,
        2.3706438538145838,
        3.3231262631865777,
        6.233857619837787
      ],
      [
        1.1278158090050014,
        4.03877035118337,
        4.434891858832805,
        2.236107143376937,
        5.193030393228958,
        2.984250174499467,
        3.8479872739310608,
        0.2580418674786245,
        3.434213713921956,
        6.808517786191476,
        4.500922481952324,
        3.9626539610669744,
        1.0460876690034844,
        1.772612687510722,
        1.8796757285117274,
        1.1537474923484217,
        3.573184751997427,
        0.9449080888377015,
        6.897143982909734,
        6.252963175063822,
        0.07027162988356149,
        2.8584220727859124,
        5.394157190241994,
        3.06996076341807,
        0.7726848492009919,
        3.255253337414862,
        1.237855821079255,
        1.8271205611111367,
        0.24456913778529663,
        0.5796520029643694,
        5.9774082330624205,
        5.070100371878831,
        2.889475999792108,
        5.3954582342382436,
        4.867612484542266,
        6.1445440101770625,
        2.520014729228655,
        3.924857808561239,
        3.275902553366451,
        4.223916558695302,
        0.28786257124771686,
        1.4114923375806985,
        4.195919850153014,
        5.517133596174379,
        3.1532042193972,
        4.6640637029382175,
        5.4641583319073685,
        0.30481110185744276,
        5.055081339926693,
        1.7686954922688796,
        2.890140137755925,
        4.103934540938698,
        4.487463597423056,
        6.052239524700262,
        3.9197369919789664,
        2.0090376022299443,
        4.0341831459730315,
        0.16635758375867696,
        5.479751021117114,
        4.790056092759315,
        6.283059524192879,
        2.245968341530149,
        1.6284226918243074,
        0.9144915360880319,
        2.5568374088820933,
        6.063291152387046,
        4.516131767783523,
        5.468971059792672,
        0.9539594115224825,
        0.6539489213710868,
        4.476500866175262,
        1.293682673293485
      ]
    ],
    "vqe2_time": [
      5.8283374309539795,
      6.214878559112549,
      8.033512830734253
    ],
    "solution_vector": [
      1,
      0,
      0,
      1,
      0,
      1,
      1,
      0
    ],
    "solution_min_energy": -94.98232859398088,
    "solution_time": 0.021537303924560547,
    "matrix_size": 8,
    "qubo_matrix": [
      [
        -22.235220935700195,
        2.960696301719794,
        5.921392603439588,
        1.480348150859897,
        1.4803478050125554,
        2.9606956100251107,
        5.9213912200502214,
        1.4803478050125554
      ],
      [
        2.960696301719794,
        -41.5097455696806,
        11.842785206879176,
        2.960696301719794,
        2.9606956100251107,
        5.9213912200502214,
        11.842782440100443,
        2.9606956100251107
      ],
      [
        5.921392603439588,
        11.842785206879176,
        -71.17670593248201,
        5.921392603439588,
        5.9213912200502214,
        11.842782440100443,
        23.685564880200886,
        5.9213912200502214
      ],
      [
        1.480348150859897,
        2.960696301719794,
        5.921392603439588,
        -22.235220935700195,
        1.4803478050125554,
        2.9606956100251107,
        5.9213912200502214,
        1.4803478050125554
      ],
      [
        1.4803478050125554,
        2.9606956100251107,
        5.9213912200502214,
        1.4803478050125554,
        -22.235235181365123,
        2.960698716239273,
        5.921397432478546,
        1.4803493581196365
      ],
      [
        2.9606956100251107,
        5.9213912200502214,
        11.842782440100443,
        2.9606956100251107,
        2.960698716239273,
        -41.50977164649097,
        11.842794864957092,
        2.960698716239273
      ],
      [
        5.9213912200502214,
        11.842782440100443,
        23.685564880200886,
        5.9213912200502214,
        5.921397432478546,
        11.842794864957092,
        -71.17674842802485,
        5.921397432478546
      ],
      [
        1.4803478050125554,
        2.9606956100251107,
        5.9213912200502214,
        1.4803478050125554,
        1.4803493581196365,
        2.960698716239273,
        5.921397432478546,
        -22.235235181365123
      ]
    ],
    "ansatze": [
      "twolocal",
      "alternating_ry_rz",
      "random_circuit"
    ],
    "histories_energy": [
      [
        [
          -77.69926535193187,
          -79.45402337255456,
          -81.55140844603766,
          -82.47761468253807,
          -82.72051579203006,
          -82.17487414953101,
          -82.35692708602195,
          -81.57354615874239,
          -81.50076499536192,
          -82.45996560451384,
          -77.04800078163927,
          -81.73215906714934,
          -83.21967832812697,
          -80.68569296085418,
          -81.79154161698139,
          -82.86790681539364,
          -82.72158269462182,
          -82.40501913347762,
          -79.42562566900862,
          -80.56321789181139,
          -82.02321758941227,
          -81.31487595469046,
          -79.24913669456245,
          -82.05904995037727,
          -81.00401310365544,
          -81.96679351615862,
          -82.39870648764223,
          -82.9772316385865,
          -83.36951233977982,
          -81.44103687690564,
          -82.49983031514434,
          -82.6062329574457,
          -82.32353388567161,
          -86.0873997395177,
          -85.62318798329756,
          -86.11670681060151,
          -87.69802361937812,
          -88.12492382027992,
          -86.91675329770621,
          -88.56860577010292,
          -88.91483205566556,
          -89.21016669917347,
          -86.2614682198261,
          -89.49163538362458,
          -88.2772362984386,
          -89.66108614801266,
          -87.37437008205528,
          -88.5832994234268,
          -90.47010011411388,
          -90.26246254495221,
          -90.54372868541327,
          -90.70983488886623,
          -90.2429005570772,
          -91.66104498349368,
          -88.22666202889656,
          -91.59720831606391,
          -91.03192956260116,
          -90.99454459824236,
          -91.60854395330766,
          -91.10397025323721,
          -90.55924239170015,
          -91.59631861979041,
          -91.91926006573215,
          -91.16028136937443,
          -91.4308661940083,
          -91.11001437707583,
          -90.85772096575208,
          -91.01975949097908,
          -85.49053106206813,
          -91.51340909070834,
          -91.4552073922465,
          -90.76951176353137,
          -91.43377776012434,
          -91.28217620784496,
          -90.38361206061187,
          -90.70916393603386,
          -89.55157698389773,
          -91.83975209997436,
          -91.66212254068249,
          -91.8186141175089
        ]
      ],
      [
        [
          -84.62544656147013,
          -84.81783784961006,
          -79.45184112825345,
          -84.1992565546354,
          -84.28676723525282,
          -84.20212468601625,
          -86.56239953234527,
          -86.00099873534188,
          -85.95157686504245,
          -86.06962801933358,
          -78.23550666019943,
          -84.82283674640495,
          -86.79491893934541,
          -86.0107101384397,
          -85.73802856234819,
          -86.74060891739758,
          -86.41173155560122,
          -86.87596994892402,
          -77.0395474320541,
          -86.79664803551609,
          -86.78409205690437,
          -86.2503113840682,
          -81.84045810438721,
          -86.64158794065918,
          -86.68793452337216,
          -86.2472992110967,
          -85.95650898164203,
          -85.90982185099142,
          -86.8741358139077,
          -86.31907218710705,
          -86.48159912588633,
          -87.21229231165162,
          -85.79966208608019,
          -86.14418685488593,
          -87.14225484693043,
          -86.65361753460118,
          -85.65609431173249,
          -86.66315274108942,
          -86.50058124487182,
          -85.8615425647439,
          -86.03738417216753,
          -85.55809385149061,
          -86.13980704257648,
          -86.10297754890291,
          -86.04494114311863,
          -86.02515883791031,
          -87.22580781706611,
          -86.17606159863334,
          -85.60608269768149,
          -83.9738570401095,
          -85.70526092718106,
          -83.63900997412351,
          -86.74219557230111,
          -83.43457341067395,
          -86.46824034424078,
          -85.7990606994283,
          -85.93371518226502,
          -83.4695387634085,
          -85.48286528236558,
          -87.40227521143845,
          -87.53715095678001,
          -87.04824803592427,
          -87.90229028115303,
          -85.58889492537838,
          -88.45504328067038,
          -89.65424959371208,
          -85.1964256070109,
          -83.55358624420727,
          -88.62152942975376,
          -86.05369153092491,
          -89.38624216119048,
          -89.88453691258351,
          -90.02880381692509,
          -90.13628623014125,
          -90.1978225217204,
          -90.38888928859359,
          -90.85436553272288,
          -90.39161762150582,
          -90.09966448492122,
          -90.89523133562477
        ]
      ],
      [
        [
          -77.06677904315495,
          -76.46012581809768,
          -77.4220861915755,
          -74.2462928676856,
          -75.18448092498585,
          -74.90493699072667,
          -74.51354729005433,
          -73.53801530334957,
          -77.06595560987861,
          -74.42254577892089,
          -80.52531784054919,
          -80.46034816285223,
          -79.630108801175,
          -79.46674641987684,
          -78.20237166470267,
          -79.61707323131998,
          -78.3674452580055,
          -79.49716499440163,
          -78.17676653914694,
          -81.09636375705782,
          -80.10243133278391,
          -80.08754878846263,
          -81.28639855697635,
          -80.75909707954155,
          -79.09190529415203,
          -80.61660764959619,
          -80.271571616189,
          -80.07709196542582,
          -80.000218762413,
          -80.95053054596306,
          -80.74741566081677,
          -79.75686106068186,
          -79.8507716496705,
          -79.64929057308137,
          -82.0533227023754,
          -80.86714391728921,
          -80.73273446401181,
          -80.98949447453371,
          -79.85966389656662,
          -80.93414874950363,
          -81.62524470749865,
          -80.69850514643935,
          -81.46459587195251,
          -79.67496363225789,
          -81.23764201376214,
          -80.8923950011697,
          -81.17141671295552,
          -80.966267495704,
          -81.17556208887622,
          -81.32010633921031,
          -80.61153891817763,
          -81.04947617481197,
          -80.01561075965628,
          -81.0217462149092,
          -81.01319026871472,
          -79.90236201170163,
          -79.69851316069753,
          -80.4114370362328,
          -80.4629594456824,
          -80.90156462540457,
          -79.95382996026292,
          -80.98758338978148,
          -81.37974164735607,
          -79.94108229701361,
          -81.07567189087054,
          -80.42248335297255,
          -81.11835902287423,
          -80.45733632928714,
          -80.56140572434451,
          -81.4299427419123,
          -80.32818451155364,
          -80.94685150293184,
          -80.02569136099947,
          -80.20602125233381,
          -81.95763419549287,
          -81.40639210019204,
          -82.8366523663767,
          -81.69947462299449,
          -81.01048786689351,
          -82.65631008382921
        ]
      ]
    ]
  },
  {
    "vqe2_energy": [
      -96.31103170666415,
      -90.36964169321433,
      -90.37271572877054
    ],
    "vqe2_vector": [
      [
        0,
        1,
        1,
        0,
        0,
        1,
        0,
        0
      ],
      [
        0,
        1,
        1,
        1,
        0,
        1,
        0,
        1
      ],
      [
        1,
        0,
        1,
        0,
        0,
        0,
        1,
        1
      ]
    ],
    "vqe2_min_error": [
      0.009542148698638009,
      6.177914527133977,
      6.174723052416386
    ],
    "vqe2_params": [
      [
        5.320895201124194,
        6.09725334652901,
        5.678786644759741,
        0.4146393697210987,
        3.782355864661576,
        6.105054822858471,
        5.313358600079548,
        0.3038051343793618,
        1.9951725660701407,
        2.176040045391737,
        2.58582816629532,
        0.2423533870498429,
        5.582375866195958,
        1.040194170360623,
        2.1174731141794125,
        5.513455487082676,
        7.2391352367375505,
        6.196426992152881,
        2.2730972852787192,
        6.587787592563997,
        3.050242228082147,
        3.2105311288953766,
        1.553267656046345,
        4.929737553858531,
        2.1144078961127333,
        3.8827743907317513,
        4.725161396208385,
        5.012682525553662,
        1.7806969185807549,
        4.802420687020745,
        0.6550259680817742,
        4.718930854948947
      ],
      [
        2.871642829566458,
        6.237504521295553,
        4.938328347613411,
        5.7130905758125845,
        4.596880794067713,
        1.5187913166604254,
        3.6015516213270993,
        2.852841779508994,
        2.210700200541917,
        6.354849560054354,
        1.6894201624186147,
        6.357139046605677,
        5.207155708147022,
        5.547266448207121,
        3.2792950169955217,
        0.8472643039955927,
        2.8383723175406987,
        0.09555849845907992,
        0.8607204599489892,
        5.981464884213317,
        0.5230244603875535,
        4.109543505494663,
        3.9106382628597545,
        3.7944475289231665,
        0.8195768195757348,
        6.163639710639859,
        1.040324414771653,
        0.4165967672961469,
        4.747839894603807,
        4.425274985027498,
        2.12722119212125,
        4.661534071412591,
        0.8399326464362329,
        3.491581664619331,
        6.041404039285695,
        1.93601428327627,
        0.35169978967879645,
        4.277018631177657,
        0.6161338787156831,
        4.116597307780074,
        5.438727693256407,
        0.4707452575227036,
        3.726352580510699,
        3.388297702972282,
        1.100414627139453,
        6.19419461480155,
        2.2604639893252925,
        5.489931049120945
      ],
      [
        1.5573818419929255,
        1.253417458783225,
        6.618926705310139,
        0.3995200517852425,
        2.902008738977004,
        2.30922409121106,
        4.493759509191534,
        4.860187011966972,
        3.1320382892828422,
        4.389337341822629,
        1.7368236151755476,
        0.40075752943789,
        5.789769591785513,
        3.123189910959518,
        1.5613155140072503,
        3.4264585336039928,
        2.418408458692166,
        5.901186258579565,
        1.341170247439809,
        5.780789957464264,
        3.2266178636249223,
        4.856255574383891,
        2.3488837800723372,
        2.9613498287234106,
        2.105826719869952,
        0.21177377706364675,
        1.3450896206436924,
        4.104927207717352,
        3.9165880940486,
        4.701877358782114,
        3.0730764027193493,
        1.779647451876767,
        1.1745953985099207,
        1.8030781766848554,
        1.7763329743931704,
        4.814876483924496,
        0.7381224402505591,
        0.11077295758368326,
        0.9356453104996577,
        0.9694983476585415,
        3.6899172573991774,
        4.027710618644327,
        1.9021352558102773,
        2.6425678173501854,
        0.17154663219171634,
        6.0643692837030025,
        4.56884243817006,
        5.054277624736897,
        6.139181385095603,
        1.0081691348555268,
        2.4701059062015607,
        3.9203974282347245,
        2.255326001488592,
        0.7381392747494643,
        1.4387908982587867,
        4.167670357206567,
        4.126457472443149,
        1.6419660358255617,
        0.7020169147278846,
        1.6059107437410534,
        2.1867117003748975,
        0.40507174908517657,
        2.2131872752246853,
        2.5305383162661075,
        4.686150455740914,
        5.8077955815141875,
        5.3454158292350575,
        0.652559541565397,
        3.769114070047662,
        4.6301833787405275,
        3.684354839774651,
        3.2295027141863804
      ]
    ],
    "vqe2_time": [
      3.825692892074585,
      3.780564308166504,
      7.122811555862427
    ],
    "solution_vector": [
      0,
      0,
      0,
      0,
      1,
      1,
      1,
      1
    ],
    "solution_min_energy": -96.32022272554349,
    "solution_time": 0.021268844604492188,
    "matrix_size": 8,
    "qubo_matrix": [
      [
        -22.545464173921616,
        3.001991990747832,
        6.003983981495664,
        1.500995995373916,
        1.5009956495265744,
        3.0019912990531488,
        6.0039825981062975,
        1.5009956495265744
      ],
      [
        3.001991990747832,
        -42.0889363570954,
        12.007967962991328,
        3.001991990747832,
        3.0019912990531488,
        6.0039825981062975,
        12.007965196212595,
        3.0019912990531488
      ],
      [
        6.003983981495664,
        12.007967962991328,
        -72.16990475119947,
        6.003983981495664,
        6.0039825981062975,
        12.007965196212595,
        24.01593039242519,
        6.0039825981062975
      ],
      [
        1.500995995373916,
        3.001991990747832,
        6.003983981495664,
        -22.545464173921616,
        1.5009956495265744,
        3.0019912990531488,
        6.0039825981062975,
        1.5009956495265744
      ],
      [
        1.5009956495265744,
        3.0019912990531488,
        6.0039825981062975,
        1.5009956495265744,
        -22.547008259128525,
        3.001994405267311,
        6.003988810534622,
        1.5009972026336555
      ],
      [
        3.0019912990531488,
        6.0039825981062975,
        12.007965196212595,
        3.0019912990531488,
        3.001994405267311,
        -42.09202211298974,
        12.007977621069244,
        3.001994405267311
      ],
      [
        6.0039825981062975,
        12.007965196212595,
        24.01593039242519,
        6.0039825981062975,
        6.003988810534622,
        12.007977621069244,
        -72.17606660491023,
        6.003988810534622
      ],
      [
        1.5009956495265744,
        3.0019912990531488,
        6.0039825981062975,
        1.5009956495265744,
        1.5009972026336555,
        3.001994405267311,
        6.003988810534622,
        -22.547008259128525
      ]
    ],
    "ansatze": [
      "twolocal",
      "alternating_ry_rz",
      "random_circuit"
    ],
    "histories_energy": [
      [
        [
          -91.84292239219926,
          -91.93292948247779,
          -89.69432628665605,
          -89.3711075703506,
          -91.51105215394108,
          -91.59715702634293,
          -87.03966812866184,
          -91.512454277999,
          -91.69463038712227,
          -90.5916765759887,
          -91.989172652076,
          -91.28249386594598,
          -91.4334610888763,
          -91.37419042708798,
          -92.13353474936181,
          -91.68205189013517,
          -91.52447879533858,
          -92.2608873869324,
          -87.72777070255569,
          -92.4239950114508,
          -92.65003895770852,
          -92.14855637671593,
          -87.4572717326272,
          -92.3918806947702,
          -92.5718179669267,
          -92.3153463711922,
          -92.63651613522775,
          -92.4264213474714,
          -92.53964036928154,
          -92.45197751783564,
          -92.48066776232224,
          -92.46542272944917,
          -92.16958942271665,
          -88.08889983737589,
          -92.86232812966716,
          -91.21364126160628,
          -93.40003491249269,
          -90.554954844006,
          -93.61090768923792,
          -88.22609900694123,
          -93.7325226982739,
          -93.37513258793294,
          -93.525595512958,
          -93.3669598033708,
          -93.30423136653607,
          -93.68884596975337,
          -93.29526792331714,
          -93.74493125537342,
          -93.34518322832733,
          -93.56779618060487,
          -93.75819026454799,
          -87.79208761127842,
          -93.8619399417489,
          -85.15257902338355,
          -93.70661062761943,
          -90.64249318061036,
          -92.78882594762744,
          -92.94383420709384,
          -93.49423802304604,
          -90.83978350183978,
          -93.14977757420661,
          -93.72948665208621,
          -92.62822577353502,
          -93.62186585416799,
          -92.6941278927433,
          -93.70798639166136,
          -91.71260300832401,
          -93.3564202527702,
          -93.16701063658763,
          -93.35614308988778,
          -93.34135420100101,
          -93.5725682640644,
          -93.49083090382146,
          -93.43555073012357,
          -93.54969017622662,
          -93.56511316865709,
          -92.93681553356495,
          -93.39506102344627,
          -93.69470797289573,
          -93.54474112522674
        ]
      ],
      [
        [
          -81.50514418985432,
          -79.72642927868438,
          -85.08915358666059,
          -85.05459064174852,
          -85.39951341993267,
          -84.4153048587739,
          -81.37742133466101,
          -82.7705431109389,
          -83.93709355599323,
          -84.57510086954659,
          -87.26520577039831,
          -88.65024215487615,
          -88.9190950416248,
          -88.70601268097872,
          -87.60737985307027,
          -85.88045316404177,
          -88.12904541975283,
          -89.60348046110431,
          -80.61025638201257,
          -88.99528191713745,
          -89.22139437020267,
          -88.86247808450716,
          -90.51800284821385,
          -91.3458124296271,
          -89.63645074779171,
          -90.2960298534243,
          -90.71823389032623,
          -90.4497014101,
          -90.14101848392255,
          -90.55351845706934,
          -90.71387945254202,
          -90.43678804502272,
          -90.49278198967176,
          -90.51095266204433,
          -90.35925695400289,
          -90.6717406963364,
          -90.94580685528601,
          -90.9773690804545,
          -90.32346654614173,
          -90.6999473162857,
          -90.16235322649088,
          -91.05142126013521,
          -90.67503487301225,
