[
  {
    "vqe2_energy": [
      -196.22416296894133,
      -156.9215484106801,
      -127.48604270188741
    ],
    "vqe2_vector": [
      [
        0,
        0,
        0,
        0,
        0,
        1,
        0,
        0,
        0,
        0,
        0,
        0,
        0,
        0,
        1,
        0
      ],
      [
        0,
        1,
        0,
        1,
        0,
        0,
        0,
        0,
        0,
        0,
        0,
        1,
        0,
        0,
        0,
        0
      ],
      [
        0,
        0,
        0,
        0,
        1,
        1,
        0,
        0,
        0,
        0,
        0,
        0,
        0,
        0,
        0,
        0
      ]
    ],
    "vqe2_min_error": [
      6.303565177069581,
      25.07044285212815,
      39.12580637308469
    ],
    "vqe2_params": [
      [
        2.707790296719236,
        3.452334549558363,
        5.6860115771204,
        5.190234791989356,
        2.468848920198613,
        6.294004285392988,
        4.047766587269343,
        7.029175261542689,
        5.393070596351276,
        2.953968216474161,
        3.9630327377694208,
        4.035428900896337,
        6.036346005278296,
        4.498835637901515,
        2.9954626038234355,
        2.185564258346547,
        6.178982102930051,
        0.9015979599692481,
        3.2231470098268726,
        5.096003817379356,
        4.604452409854455,
        0.6314420736842755,
        0.715836882700795,
        6.156624936192672,
        4.294445107099736,
        1.3089391586172165,
        6.7085900383677135,
        5.46352667189199,
        0.7983489251134707,
        2.6664272809238043,
        2.4707071056141223,
        2.3800455206248827,
        2.538592322358645,
        5.332049361972602,
        0.8394104828162218,
        5.045486989765638,
        1.705853237963524,
        0.8505823726473961,
        2.882945391358921,
        1.1049552992010983,
        1.0884792124799154,
        3.162535406827004,
        4.856193631879595,
        3.125368597123307,
        6.086911022085269,
        1.6437585305653815,
        2.5666309287769176,
        3.1689104908431056,
        2.4673665120939203,
        6.092372238689756,
        4.744867002893505,
        4.066755306383209,
        4.876762470266551,
        5.222535890368103,
        1.2770176622675182,
        5.205451963645272,
        3.0421888851303094,
        5.522748657651695,
        -0.1948642037698877,
        1.9303530604285528,
        5.003697848983347,
        4.826584093474617,
        1.5890767817506568,
        1.516194911263156
      ],
      [
        4.938250035828357,
        0.020184994260366802,
        3.078130745681288,
        5.151119536549258,
        0.7736534416119699,
        4.536518875077687,
        3.336117382540156,
        5.161950718361795,
        0.8837396239818962,
        6.643250874882355,
        3.3168961836127617,
        3.479813888245593,
        5.774272992249374,
        3.3788073824437412,
        4.720280468960215,
        3.775167788405924,
        3.6868474389333734,
        4.183455581642918,
        4.211930076127169,
        0.031963538309992504,
        4.343911654377141,
        4.045321795594363,
        2.333095542013912,
        6.421198393351365,
        5.819612797213604,
        0.8381265813316745,
        4.243691022815042,
        2.940718746069491,
        5.883439703942754,
        3.3995766612525533,
        1.3033677173757967,
        4.730789024887161,
        0.8139889353095159,
        3.9557428152715524,
        2.049231901860456,
        0.6315302589480352,
        0.6839657073076952,
        7.676836480472583,
        0.9442001288113524,
        1.3440617862594315,
        5.35070005620465,
        5.736081646629235,
        1.4513277087451493,
        4.985676341627435,
        2.985801032307648,
        5.834328616105854,
        1.6907892606794632,
        5.229855687680244,
        3.600998558838206,
        4.4447612231978155,
        0.1808436708123274,
        0.5174236586983262,
        5.637899540284659,
        3.975169848980211,
        3.5072935644456478,
        6.165947625749663,
        1.477369877639122,
        1.297333876106584,
        1.1046769802837617,
        2.5167840340617675,
        0.11273398667163578,
        1.0501259812603105,
        5.648964794935189,
        0.980838975218432,
        2.4046296914395047,
        2.870649811143113,
        2.569969158928396,
        2.647767485711291,
        2.455039885586034,
        0.6417386347245465,
        2.3318695481178313,
        3.2598155555044985,
        0.05540588708164896,
        4.9036491022559145,
        4.5032489328516805,
        1.6509672330244503,
        1.7071856845855429,
        4.2911793296771155,
        6.090935717127895,
        5.410389247249344,
        0.33107371942786357,
        5.018536834387246,
        5.292264517848042,
        4.833677442210925,
        3.52472208038763,
        0.3952907765450474,
        1.3387716545259731,
        4.244360393892716,
        4.409171782903774,
        5.6409143153582315,
        5.026036794500162,
        5.420410067693766,
        5.909979767574981,
        2.98589488370052,
        0.8639079575770998,
        5.241526573963774
      ],
      [
        2.6504356850434165,
        4.113953204659713,
        5.593251142242489,
        3.79348262374554,
        3.4154361748112283,
        0.12120819793168075,
        4.1252974642083755,
        0.5777362556133374,
        1.0081041014462968,
        1.2634059552715928,
        4.694936726699405,
        3.434979975549932,
        5.409579814334558,
        2.910407055925474,
        6.116651968709216,
        5.759228075252184,
        6.0168950251662245,
        6.168073488746026,
        0.9152446412916183,
        0.32003367905312746,
        3.0595770489461436,
        6.353924968994721,
        5.956009130945829,
        5.241144099935868,
        3.908930178508871,
        2.756319476334406,
        1.3659984802922986,
        1.0039628797755442,
        1.7118396120935084,
        3.144311212654174,
        3.208424412450158,
        2.117195606923472,
        2.8239975636867953,
        2.932411123125611,
        3.7755648257164203,
        6.173330579359724,
        0.8115512927336626,
        5.849476357959266,
        3.0807750025036795,
        4.571902168970818,
        2.7068948553323815,
        0.9382380802347712,
        6.168045963674437,
        1.5243397610989704,
        1.5572543530604934,
        0.23223661527430167,
        0.09301518843101791,
        4.030387459120641,
        3.1891064949338315,
        5.528097274243952,
        4.685264942064398,
        3.632517545991867,
        0.9084558566462407,
        2.57723015245567,
        3.042982528029309,
        2.0465176225127784,
        1.978348221853099,
        4.870020420775559,
        4.238015782615917,
        5.055353500873074,
        2.0020939170598333,
        1.613117288204206,
        3.0886073284804327,
        5.338686020054523,
        2.2579042392901694,
        5.755913750519197,
        5.403609961274298,
        4.696929969969763,
        2.0662457200839603,
        4.116160786147719,
        3.947241339783918,
        2.7226183514327382,
        2.8925894434418824,
        5.255931454238102,
        2.416490994218277,
        4.278809010328693,
        4.809429567942269,
        0.5354347410757584,
        5.507172378798353,
        5.137408908267395,
        0.6767597890967824,
        6.0077474845358765,
        0.49947759418623183,
        5.064036765478203,
        2.142236372472711,
        1.613010704092089,
        1.521537494211449,
        5.4379567366466155,
        2.825604004765544,
        4.982557007315993,
        1.0881197830890172,
        4.615339024353403,
        2.6153660522302182,
        1.3042439136327233,
        5.80693075239175,
        1.880562473850204,
        3.531891591992771,
        5.286604984521429,
        3.6698834497301482,
        6.0674274913784485,
        4.774540736803364,
        2.8956225357491943,
        1.2900578854116533,
        5.94821712141448,
        7.185822462037912,
        2.8754008595859255,
        6.355235755753282,
        0.9131379487695618,
        2.8027827113928057,
        4.180269539579296,
        5.110085833978586,
        3.3895338485286723,
        2.065989079729971,
        0.16731563828147203,
        5.913201612773436,
        6.128946722729067,
        2.0253770449472457,
        0.6857998008865807,
        3.738043428844707,
        4.755703186195444,
        2.392205777823971,
        5.570806708315445,
        4.767587855966011,
        5.768789418993421,
        5.406520419025535,
        4.062068770976649,
        3.5399797168805516,
        3.2821936727051253,
        4.7771603361677455,
        5.104937410933956,
        2.846703336224926,
        3.4111916526335944,
        4.490094275540827,
        5.272942038652763,
        1.6582608837102535,
        0.6744884085793472,
        2.347770821765478,
        1.8203351301617432,
        4.371664484457046,
        6.250157408247813,
        3.6604614358240437,
        0.5118651705422952,
        3.2475499218094215,
        1.6490826795569808
      ]
    ],
    "vqe2_time": [
      279.4972929954529,
      310.815486907959,
      293.8022425174713
    ],
    "solution_vector": [
      0,
      0,
      0,
      0,
      1,
      0,
      1,
      1,
      0,
      1,
      0,
      0,
      0,
      0,
      0,
      0
    ],
    "solution_min_energy": -209.42543154365484,
    "solution_time": 0.0240938663482666,
    "matrix_size": 16,
    "qubo_matrix": [
      [
        -49.020490611988784,
        6.526666606484323,
        13.053333212968646,
        3.2633333032421614,
        3.263331228158112,
        6.526662456316224,
        13.053324912632448,
        3.263331228158112,
        3.2633308205924294,
        6.526661641184859,
        13.053323282369718,
        3.2633308205924294,
        3.263331119920304,
        6.526662239840608,
        13.053324479681216,
        3.263331119920304
      ],
      [
        6.526666606484323,
        -91.51431461749324,
        26.10666642593729,
        6.526666606484323,
        6.526662456316224,
        13.053324912632448,
        26.106649825264896,
        6.526662456316224,
        6.526661641184859,
        13.053323282369718,
        26.106646564739435,
        6.526661641184859,
        6.526662239840608,
        13.053324479681216,
        26.10664895936243,
        6.526662239840608
      ],
      [
        13.053333212968646,
        26.10666642593729,
        -156.9219628090492,
        13.053333212968646,
        13.053324912632448,
        26.106649825264896,
        52.21329965052979,
        13.053324912632448,
        13.053323282369718,
        26.106646564739435,
        52.21329312947887,
        13.053323282369718,
        13.053324479681216,
        26.10664895936243,
        52.21329791872486,
        13.053324479681216
      ],
      [
        3.2633333032421614,
        6.526666606484323,
        13.053333212968646,
        -49.020490611988784,
        3.263331228158112,
        6.526662456316224,
        13.053324912632448,
        3.263331228158112,
        3.2633308205924294,
        6.526661641184859,
        13.053323282369718,
        3.2633308205924294,
        3.263331119920304,
        6.526662239840608,
        13.053324479681216,
        3.263331119920304
      ],
      [
        3.263331228158112,
        6.526662456316224,
        13.053324912632448,
        3.263331228158112,
        -49.022028660897,
        6.526681093601198,
        13.053362187202396,
        3.263340546800599,
        3.2633326704273125,
        6.526665340854625,
        13.05333068170925,
        3.2633326704273125,
        3.26333131836489,
        6.52666263672978,
        13.05332527345956,
        3.26333131836489
      ],
      [
        6.526662456316224,
        13.053324912632448,
        26.106649825264896,
        6.526662456316224,
        6.526681093601198,
        -91.5173762281928,
        26.10672437440479,
        6.526681093601198,
        6.526665340854625,
        13.05333068170925,
        26.1066613634185,
        6.526665340854625,
        6.52666263672978,
        13.05332527345956,
        26.10665054691912,
        6.52666263672978
      ],
      [
        13.053324912632448,
        26.106649825264896,
        52.21329965052979,
        13.053324912632448,
        13.053362187202396,
        26.10672437440479,
        -156.9280280819808,
        13.053362187202396,
        13.05333068170925,
        26.1066613634185,
        52.213322726837,
        13.05333068170925,
        13.05332527345956,
        26.10665054691912,
        52.21330109383824,
        13.05332527345956
      ],
      [
        3.263331228158112,
        6.526662456316224,
        13.053324912632448,
        3.263331228158112,
        3.263340546800599,
        6.526681093601198,
        13.053362187202396,
        -49.022028660897,
        3.2633326704273125,
        6.526665340854625,
        13.05333068170925,
        3.2633326704273125,
        3.26333131836489,
        6.52666263672978,
        13.05332527345956,
        3.26333131836489
      ],
      [
        3.2633308205924294,
        6.526661641184859,
        13.053323282369718,
        3.2633308205924294,
        3.2633326704273125,
        6.526665340854625,
        13.05333068170925,
        3.2633326704273125,
        -49.02006131772128,
        6.526662562896247,
        13.053325125792494,
        3.2633312814481235,
        3.263331047664448,
        6.526662095328896,
        13.053324190657792,
        3.263331047664448
      ],
      [
        6.526661641184859,
        13.053323282369718,
        26.106646564739435,
        6.526661641184859,
        6.526665340854625,
        13.05333068170925,
        26.1066613634185,
        6.526665340854625,
        6.526662562896247,
        -91.51346007254631,
        26.106650251584988,
        6.526662562896247,
        6.526662095328896,
        13.053324190657792,
        26.106648381315583,
        6.526662095328896
      ],
      [
        13.053323282369718,
        26.106646564739435,
        52.21329312947887,
        13.053323282369718,
        13.05333068170925,
        26.1066613634185,
        52.213322726837,
        13.05333068170925,
        13.053325125792494,
        26.106650251584988,
        -156.92026989350762,
        13.053325125792494,
        13.053324190657792,
        26.106648381315583,
        52.21329676263117,
        13.053324190657792
      ],
      [
        3.2633308205924294,
        6.526661641184859,
        13.053323282369718,
        3.2633308205924294,
        3.2633326704273125,
        6.526665340854625,
        13.05333068170925,
        3.2633326704273125,
        3.2633312814481235,
        6.526662562896247,
        13.053325125792494,
        -49.02006131772128,
        3.263331047664448,
        6.526662095328896,
        13.053324190657792,
        3.263331047664448
      ],
      [
        3.263331119920304,
        6.526662239840608,
        13.053324479681216,
        3.263331119920304,
        3.26333131836489,
        6.52666263672978,
        13.05332527345956,
        3.26333131836489,
        3.263331047664448,
        6.526662095328896,
        13.053324190657792,
        3.263331047664448,
        -49.0200151507099,
        6.526662128042136,
        13.053324256084272,
        3.263331064021068
      ],
      [
        6.526662239840608,
        13.053324479681216,
        26.10664895936243,
        6.526662239840608,
        6.52666263672978,
        13.05332527345956,
        26.10665054691912,
        6.52666263672978,
        6.526662095328896,
        13.053324190657792,
        26.106648381315583,
        6.526662095328896,
        6.526662128042136,
        -91.51336817337767,
        26.106648512168544,
        6.526662128042136
      ],
      [
        13.053324479681216,
        26.10664895936243,
        52.21329791872486,
        13.053324479681216,
        13.05332527345956,
        26.10665054691912,
        52.21330109383824,
        13.05332527345956,
        13.053324190657792,
        26.106648381315583,
        52.21329676263117,
        13.053324190657792,
        13.053324256084272,
        26.106648512168544,
        -156.92008783458678,
        13.053324256084272
      ],
      [
        3.263331119920304,
        6.526662239840608,
        13.053324479681216,
        3.263331119920304,
        3.26333131836489,
        6.52666263672978,
        13.05332527345956,
        3.26333131836489,
        3.263331047664448,
        6.526662095328896,
        13.053324190657792,
        3.263331047664448,
        3.263331064021068,
        6.526662128042136,
        13.053324256084272,
        -49.0200151507099
      ]
    ],
    "ansatze": [
      "twolocal",
      "alternating_ry_rz",
      "random_circuit"
    ],
    "histories_energy": [
      [
        [
          162.26443000361562,
          190.40373535082801,
          282.55124125883765,
          134.9254601540083,
          152.37385058398135,
          155.53552915490062,
          168.75670125186562,
          97.67560542867575,
          92.60661834195679,
          94.44534746604207,
          120.19826536719621,
          106.06491394524369,
          89.17357859346134,
          103.99576369499121,
          150.2678453893328,
          100.92253877388141,
          61.875837557387456,
          75.03241282078025,
          74.04206077297528,
          65.86889048016549,
          68.71205882931156,
          87.22512193367183,
          67.38100908644059,
          89.05486723814131,
          67.84118020811817,
          71.48637022305678,
          151.09326276879077,
          60.728687342335746,
          80.00185281438138,
          75.42295439052221,
          103.96201950552188,
          75.82507664446508,
          85.12403317394177,
          71.94663789486,
          47.774628967956616,
          63.27777709478228,
          48.74164154918847,
          30.60663250428149,
          83.35365624568725,
          -2.942981068499126,
          15.546869148919527,
          11.615857830465536,
          -43.02664138082953,
          -23.398285864701286,
          -44.83786626598443,
          -74.68291670416697,
          -36.184854111709946,
          -99.81611040048521,
          -111.56840262002103,
          -112.39097688136366,
          -111.34834449254186,
          -116.59367258947661,
          -108.26978113946492,
          -104.76887472073645,
          -109.6530893579979,
          -106.43320258362037,
          -104.70265576974046,
          -106.83396925917356,
          -114.13808455044199,
          -103.65830623679003,
          -110.64029352571012,
          -109.00498733325887,
          -106.68620153875966,
          -111.0240940581616,
          -101.01731398532216,
          -139.55821210405387,
          -135.62376393204062,
          -144.58105705100704,
          -145.05032671027791,
          -137.6086215387043,
          -116.86611040055729,
          -143.66885044498667,
          -140.99090237385064,
          -141.72548021411237,
          -148.41417840180836,
          -148.1834378678954,
          -162.16064933798918,
          -162.58136332558604,
          -154.81708927072893,
          -159.51024279994905,
          -163.1874703915253,
          -160.27583111565403,
          -163.80661974443495,
          -160.81689914185824,
          -159.7108406664015,
          -159.60497148996427,
          -164.34106818227622,
          -163.63068961548282,
          -164.00787577503505,
          -163.032025606709,
          -161.8562658500237,
          -164.31686591683243,
          -164.82137934717517,
          -160.70850571625695,
          -164.31097594749141,
          -160.5646297509634,
          -162.1027196752402,
          -162.2714592018322,
          -163.85842975789248,
          -165.8983145505531,
          -164.82074171169222,
          -168.58075138399207,
          -166.1011025760162,
          -170.4212045407933,
          -167.97414290363974,
          -168.31941884151888,
          -167.7781045446305,
          -165.6172030216333,
          -159.33390762151345,
          -166.85235957569384,
          -166.5098801700176,
          -168.84574802283822,
          -162.58905370247203,
          -166.6140639560521,
          -171.0904811409278,
          -168.50544605205457,
          -171.9170386953515,
          -170.29970913114434,
          -170.63052047398057,
          -169.9295270299791,
          -171.80325934216683,
          -170.65894425390883,
          -171.91948757597757,
          -170.88215663066475,
          -168.64660440570853,
          -168.91828669398086,
          -170.58245334239035,
          -167.70896021347627,
          -170.71230761562498,
          -170.88332105679413,
          -171.6372671680824,
          -172.91220335358298,
          -169.85435181949643,
          -172.04264633071372,
          -168.516310721777,
          -167.82370814030793,
          -172.27437164497366,
          -173.12696550651845,
          -171.23150532641924,
          -170.63797754229765,
          -154.78614689041817,
          -164.74362262371136,
          -167.0521263506442,
          -171.58126784173976,
          -161.4765065669757,
          -169.03044411023123,
          -166.9185712128124,
          -170.8036467980937,
          -174.73147664370404,
          -172.92987290805038,
          -172.3180697383085,
          -170.3362244228789,
          -172.03330960127516,
          -174.11850892725252,
          -172.8134653954706,
          -160.747514729547,
          -176.9541796523095,
          -177.0156295040964,
          -176.45831911852312,
          -175.9046603137716
        ]
      ],
      [
        [
          39.151294983836756,
          85.60114901452992,
          135.49042041551976,
          51.03727389009765,
          60.978813283077116,
          46.684338746809516,
          103.03077940934278,
          94.51478780741834,
          65.33638951448262,
          69.52911488679952,
          26.50770185377433,
          -15.631334590868478,
          5.6691930671068675,
          17.901971828183804,
          45.241138651897494,
          -6.4233799261427595,
          -28.309704086056175,
          -22.12299313166807,
          24.781591000251623,
          -15.745074153475457,
          -5.80331126607362,
          -30.679673401264854,
          -89.56926063862313,
          -88.0625353061538,
          -72.04117896096218,
          -95.2136444874145,
          -101.33744427274397,
          -99.82513987374733,
          -107.53232377804804,
          -99.82089471775885,
          -123.17644693374464,
          -97.94713887031126,
          -109.10225045086342,
          -109.93578498878472,
          -67.7334420617955,
          -105.4508966128596,
          -117.18662534279653,
          -117.22117349166918,
          -147.76764025123921,
          -124.51014649367619,
          -144.04641205481644,
          -143.9810453088905,
          -163.39495053791148,
          -172.9000723931307,
          -168.40549035438204,
          -163.38871810481967,
          -149.32157863503184,
          -164.45126841963486,
          -165.48455380326453,
          -170.3727883871887,
          -168.53809161931673,
          -165.88219579239075,
          -164.97569904630447,
          -168.97218434560762,
          -171.94366805122695,
          -166.1117892817695,
          -165.605409331946,
          -170.44270172419957,
          -170.50929850005394,
          -167.37956172380257,
          -167.60965674054407,
          -167.6780613095559,
          -166.2493981464819,
          -170.07045752301875,
          -168.3818088713816,
          -168.57091955700855,
          -172.38563595968284,
          -168.28572321653718,
          -168.90058067148573,
          -169.10073248868733,
          -168.74645450590074,
          -168.78842869212613,
          -165.99278855849363,
          -170.48712906429677,
          -167.43631417840032,
          -169.12684388193503,
          -168.02165642376812,
          -165.2965207859443,
          -168.40215089412024,
          -169.39139130854005,
          -168.21574252835757,
          -167.46215115846758,
          -167.25607556046154,
          -168.39294127601957,
          -168.7668004853169,
          -168.1346535346677,
          -169.39542559699987,
          -169.5179084070854,
          -168.83012578205577,
          -172.60079281921438,
          -168.16752366642444,
          -166.3679984410613,
          -167.5838203898949,
          -170.34164729323436,
          -173.00071062322053,
          -168.99331427336097,
          -168.31695359700444,
          -168.30872811986833,
          -163.84463439819424,
          -166.03356697809105,
          -168.19342957552414,
          -160.25518724899015,
          -170.68179329066126,
          -169.4222288889837,
          -165.52127413807102,
          -170.2575526358311,
          -168.3558547937878,
          -162.54665940025563,
          -168.32164801781772,
          -165.18200812517145,
          -166.0276328704448,
          -173.95250528944493,
          -174.1372663677252,
          -170.6213541833589,
          -173.62529771026868,
          -173.8758253927005,
          -172.27401351492898,
          -175.817569830489,
          -172.68787376293363,
          -167.94724523108937,
          -175.80561901727265,
          -176.2427164771587,
          -171.44485015811105,
          -177.0796272589546,
          -180.17637591863385,
          -179.1278080962421,
          -179.733691447736,
          -168.22618013279967,
          -179.0126648239415,
          -180.21266703723597,
          -177.68804860040245,
          -165.82058697095297,
          -178.57964542078994,
          -179.0718781575162,
          -180.59580812040548,
          -174.43316079650836,
          -182.14218364350137,
          -176.40416971604677,
          -179.65074041372878,
          -168.3943219893189,
          -181.31673014599662,
          -180.81472925114193,
          -179.47972921661838,
          -184.0173504661161,
          -182.03520192929355,
          -181.09503553637475,
          -182.88546900572115,
          -182.7385221417796,
          -182.9663749237098,
          -182.79828089250938,
          -181.46159490378804,
          -183.67991722353554,
          -180.95099351635844,
          -184.94982699572458,
          -182.34391768177966,
          -183.06718390312835,
          -180.93932173888865,
          -181.5405988887098,
          -183.36178388865613,
          -182.0285136143835
        ]
      ],
      [
        [
          -24.36887343694431,
          -30.993895297567725,
          -20.22085452898038,
          -30.554463646495535,
          -24.01220596833204,
          -21.666029212004524,
          -22.96299724814027,
          -21.260022215597292,
          -7.46137115758188,
          -30.83631813619823,
          -26.91661886420634,
          -48.308751235996624,
          -49.43705335919332,
          -26.259068859223717,
          -77.80469895683697,
          -61.25617741334179,
          -69.15864792705763,
          -77.45363830812258,
          -57.82280106505024,
          -59.27201723135059,
          -54.25351928780295,
          -66.22846861214015,
          -110.9841293972095,
          -118.37682775674045,
          -122.51693270613939,
          -110.76563343912227,
          -124.76497311346526,
          -103.34992915660307,
          -116.17870511720736,
          -128.88847749419227,
          -161.38558119514508,
          -142.99632239332735,
          -165.27240315404603,
          -165.28966646223364,
          -168.72707121965823,
          -162.27467958983624,
          -167.77158065018943,
          -164.55057112549923,
          -160.22755297624522,
          -163.36377715014493,
          -165.1118272732028,
          -165.06028939443945,
          -165.91237248003975,
          -169.87113321535628,
          -165.97271927716164,
          -168.6919928048838,
          -155.23643266408547,
          -160.56615655018146,
          -165.48458928909798,
          -168.78043710721903,
          -167.86566294867532,
          -171.85617432685237,
          -165.57579856935433,
          -168.61924073995473,
          -168.2829805470087,
          -169.1798679202162,
          -170.0383661893345,
          -169.0458179287908,
          -168.18196985679683,
          -169.26132272223316,
          -166.92778145039125,
          -168.4504074552001,
          -168.7830587680079,
          -169.51734067596465,
          -163.3891781213584,
          -166.99568249453654,
          -164.8904293949615,
          -167.50924682429167,
          -166.85489178082918,
          -167.15807362112272,
          -170.2733439504458,
          -165.16333162805844,
          -166.8635903569845,
          -170.2124894953236,
          -171.45765098628542,
          -168.48611058669158,
          -168.46035756864984,
          -171.0612532491264,
          -166.6636270246538,
          -169.84897736056897,
          -164.83397999878255,
          -165.69564924016447,
          -165.5272330912465,
          -170.01692298776155,
          -165.2659795778191,
          -164.21986572081346,
          -169.51739646022742,
          -167.43202060284264,
          -170.28652611870086,
          -168.46395835179462,
          -170.03130651012714,
          -167.52758260890053,
          -168.45438695936826,
          -170.64012606355035,
          -166.38992873602572,
          -167.7902888660063,
          -165.8576564819757,
          -170.67491858682575,
          -167.0989688302752,
          -167.48916764853288,
          -166.3232739657508,
          -167.68283502240118,
          -163.17778474392506,
          -169.85554670322654,
          -169.85964413513392,
          -172.50451276716362,
          -166.04004254485918,
          -172.74212542644855,
          -167.6201960924477,
          -166.6333143996979,
          -166.06301936207106,
          -166.73055786327612,
          -166.92072107102763,
          -165.49056569927103,
          -169.58230282271325,
          -166.88195262329793,
          -168.62552281514147,
          -167.61026918917491,
          -171.5679144307349,
          -170.04754265321225,
          -167.19969232863593,
          -169.97164490840726,
          -166.68098960889262,
          -165.59532654949697,
          -167.89625620134396,
          -165.57983894290643,
          -166.25271894800173,
          -165.95648799180952,
          -167.17634667283747,
          -165.66350939567096,
          -170.2786390694708,
          -167.953192879842,
          -169.13436150279495,
          -168.384688134412,
          -166.2498220577927,
          -167.45894066346872,
          -167.4654054726587,
          -167.9094222816759,
          -167.46565100134697,
          -168.00967541877395,
          -168.750771688848,
          -167.25211882983282,
          -168.30073655420574,
          -167.80144719182306,
          -171.7658302407793,
          -158.12076790570995,
          -170.3161996029756,
          -159.56414296923106,
          -167.88595732588774,
          -164.99505715053277,
          -170.86821982393195,
          -170.6089920558081,
          -167.05371385663105,
          -167.01232580558886,
          -168.4156169619482,
          -161.87221438778383,
          -171.35497527782348,
          -168.53391454827258,
          -164.67685742324701,
          -171.27691567132172
        ]
      ]
    ]
  },
  {
    "vqe2_energy": [
      -76.54024545837707,
      -117.79576134545403,
      -117.79579889963243
    ],
    "vqe2_vector": [
      [
        1,
        0,
        0,
        0,
        0,
        0,
        0,
        0,
        0,
        0,
        0,
        1,
        0,
        0,
        0,
        1
      ],
      [
        1,
        0,
        0,
        0,
        0,
        0,
        0,
        0,
        0,
        0,
        1,
        0,
        1,
        0,
        0,
        0
      ],
      [
        0,
        0,
        0,
        1,
        1,
        0,
        0,
        1,
        1,
        0,
        0,
        0,
        1,
        0,
        0,
        1
      ]
    ],
    "vqe2_min_error": [
      39.10731562180199,
      6.285901309280161,
      6.285871432517698
    ],
    "vqe2_params": [
      [
        5.8236717149049895,
        6.173086269558459,
        3.5464554703488638,
        5.465645177505474,
        4.339606627644007,
        4.978093837622698,
        6.532428791760465,
        6.5421982420393485,
        5.938750604720322,
        8.457148696448352,
        5.158693427599885,
        3.181724083539595,
        2.9704268061192853,
        6.592087772411848,
        1.701217745381197,
        0.5225754589944877,
        2.108462096844777,
        4.417769663481826,
        6.170634073086172,
        0.899426198275485,
        0.1347297168562,
        2.1375248091022803,
        1.5062474783362498,
        4.02855481646798,
        3.329000012438011,
        0.37620565178640947,
        4.499014456402013,
        5.9694360892465745,
        3.621238240478355,
        3.6095574434029243,
        -0.404932502602379,
        0.29311639056928274,
        4.30869462909088,
        -0.3834678570440022,
        3.158102809966188,
        0.7595118326491769,
        6.732978403295987,
        3.46389433880749,
        5.056221504468257,
        -0.0697100631317872,
        0.02640116233628596,
        2.9796558215601943,
        0.30959022334810726,
        4.023999141207488,
        3.2475544861389456,
        -0.17523486297025917,
        4.198553046117248,
        4.165538375149608,
        5.370522858001629,
        0.543101425726796,
        4.685899202133446,
        3.535726444667301,
        5.453760923755985,
        1.5742800276719193,
        0.15362220952075906,
        3.753525297726923,
        0.5604451513176899,
        4.759486310548773,
        1.74563363399936,
        5.21694772094877,
        2.732057486045469,
        0.6580107179963078,
        5.191371584049396,
        4.840822979686018
      ],
      [
        3.4434105296262985,
        4.123129470651675,
        3.197512346898945,
        2.885649399963108,
        1.743697298222016,
        1.7125515528275301,
        0.8260582129982086,
        0.8897473491727025,
        0.3996826728105128,
        5.498687123775289,
        3.8307973771215424,
        4.2833087182256415,
        0.7703836019032934,
        7.6012916192623114,
        4.017599778435786,
        3.9398673551425896,
        6.396666053447635,
        -0.7745133429911817,
        -0.11929378575618253,
        2.38884514854606,
        2.8888644488552377,
        3.5890992290989487,
        5.66939111445968,
        1.645750401791351,
        5.267954593833573,
        0.9286919155945057,
        3.8376551702502515,
        4.020337813543129,
        5.413945136312287,
        0.9375664328313226,
        0.20371900992813724,
        2.8446891461527057,
        4.0052712156004295,
        3.842904560590743,
        2.7485927246298383,
        3.960288677243703,
        6.141318505833665,
        4.678896150091086,
        1.0624025637217853,
        1.5199108280730997,
        0.7246808786445292,
        6.148688300489372,
        4.685683209798263,
        1.4482205011490732,
        -0.31979186937798143,
        2.1849493782422833,
        4.504657337460504,
        4.396948639813535,
        4.26426804554688,
        4.047114200344529,
        0.2962388921546487,
        3.3604632766919216,
        4.859420965335269,
        0.6444046998035968,
        0.3459708223451149,
        3.505193847905741,
        1.9323388245693434,
        0.23330421668826687,
        3.9854817343028226,
        1.168919443418901,
        1.6307257073853307,
        3.9024143019861253,
        5.953729788870972,
        0.09369914165111852,
        1.639667134741213,
        3.4289749332301884,
        3.9668912726233563,
        1.9432751045033816,
        2.8068285661398464,
        1.0454650166416597,
        1.7948915822672518,
        4.268573248359912,
        4.05337818897453,
        0.04600490694660789,
        1.1516971367376332,
        0.9151406375366771,
        2.901752416507072,
        -0.1414617843250884,
        1.170623917494638,
        2.180007343201754,
        5.69571376576096,
        0.699635349926739,
        4.297107553677946,
        2.318899577882277,
        5.311141360010739,
        3.8288002227668207,
        4.364532648938558,
        2.8536975313070845,
        5.9724891970471745,
        3.754256267741816,
        0.9664610145733223,
        4.0341651319566685,
        0.395554676048507,
        3.735633017025245,
        2.266840249104355,
        -0.09484465973141057
      ],
      [
        4.096689768604924,
        2.710118238472484,
        3.9629809156197364,
        1.8742447896521393,
        4.042914998746197,
        1.9777423508438392,
        2.5659819288442205,
        5.7756047961508425,
        3.2715713483101423,
        6.83479151254994,
        6.179608591132851,
        7.070426425197095,
        4.239006093145241,
        1.0546520020085952,
        3.365830223804442,
        4.355587588257429,
        4.452707811007038,
        6.481000133907549,
        0.6988371733921525,
        0.8403787717719138,
        2.8178812013853936,
        2.8112635198977403,
        3.1861811441337085,
        1.85825440100886,
        6.0420654498318465,
        6.739478472831425,
        5.828336768206219,
        4.278764040948374,
        2.7463003838564406,
        2.6596746865236462,
        0.0522901282579016,
        5.9135564507578025,
        2.9218848153358823,
        3.5006264708857353,
        3.3674519795689446,
        2.865548822372067,
        1.7343284959497474,
        4.923045298380178,
        3.1090528172292493,
        0.815252545043463,
        1.3552608689413328,
        5.043969919197079,
        2.759319359137772,
        0.9616975335548263,
        1.9577650860178168,
        5.723488082030904,
        0.36401943846143103,
        4.713791614172063,
        3.9208030543237635,
        7.17821249509696,
        1.5044964089707773,
        5.27013381877267,
        3.5501135738210703,
        3.0543952357651474,
        6.644148228546717,
        1.0549219081920014,
        0.3296866556874959,
        1.0113976037998893,
        2.3164804774173073,
        3.903968321322151,
        3.2996605830554553,
        2.008423793772049,
        0.12466545571919166,
        5.287746487945141,
        3.7766132528660687,
        3.3977543999637843,
        0.9619369693838874,
        5.692088403885335,
        4.437602062263947,
        2.8705277950332446,
        4.306020853241195,
        1.6946273442384305,
        1.2181233213524574,
        5.209827638387234,
        3.1212922556350553,
        4.524223654853147,
        4.790506730807444,
        4.2455923088681224,
        4.861128623498799,
        4.060304644674435,
        0.5796525648891931,
        4.019915898621333,
        4.429025877737528,
        2.9956266209122395,
        2.1581365374865884,
        0.47923973232730616,
        0.5850586668611155,
        5.2780072451385,
        0.8572422212593436,
        4.112620661655964,
        1.951751433512457,
        4.697562510354441,
        5.34086138052549,
        6.1535088726020115,
        3.590585323147871,
        4.587006225938206,
        0.4518154735038553,
        2.1363689296318995,
        2.071384167206148,
        6.2231853021792585,
        5.073814516960448,
        0.8776604211247676,
        1.306269523004886,
        1.566802440051152,
        1.9888152591827624,
        1.722458778048237,
