[
  {
    "vqe2_energy": [
      -127.36275818258153,
      -125.40903593015928,
      -119.35930363770818
    ],
    "vqe2_vector": [
      [
        0,
        0,
        0,
        0,
        1,
        0,
        0,
        0,
        1,
        0,
        1,
        1,
        1,
        0,
        0,
        0
      ],
      [
        0,
        1,
        1,
        0,
        1,
        0,
        0,
        0,
        0,
        1,
        0,
        0,
        0,
        0,
        0,
        0
      ],
      [
        0,
        0,
        1,
        0,
        1,
        0,
        0,
        0,
        1,
        0,
        0,
        0,
        0,
        0,
        0,
        0
      ]
    ],
    "vqe2_min_error": [
      0.006895637788351117,
      1.5407722267451907,
      6.290445687925272
    ],
    "vqe2_params": [
      [
        2.2801139348507604,
        0.21225773184075802,
        4.175684548399184,
        1.2893536388562101,
        5.39690509568074,
        4.096495305182695,
        5.1639174572459785,
        3.0602212189816047,
        7.232395253932862,
        6.228335483262743,
        1.8858086078850045,
        2.943902245651639,
        2.613256722323161,
        0.2997396075259914,
        3.393197474486298,
        3.316300464614326,
        3.6923986445841583,
        6.993737360673892,
        1.331082463094366,
        2.3879133087889866,
        5.025795387052402,
        5.209391556691154,
        2.93042279018539,
        4.968615090009806,
        0.29628690569258015,
        0.7630042213583248,
        0.8760434265783692,
        4.456393840005614,
        6.897226094081122,
        1.9305799240600343,
        2.018048323112768,
        0.32363850686606715,
        3.107246824680632,
        6.082036842941194,
        2.9010714148424346,
        2.6304190244052488,
        1.2954459864496395,
        0.011308322521215415,
        4.6602032686140715,
        5.980982830950805,
        0.27800314966736756,
        5.9876508342877255,
        2.182218813193519,
        5.312369019369966,
        3.583647389536185,
        0.14165709233838564,
        3.2053174876216413,
        2.5209107130088753,
        4.707555444630215,
        1.432996516743786,
        1.1016400364618764,
        5.529268788613045,
        2.0474012721718244,
        2.1285868194301663,
        0.9819944794590227,
        0.7635074109368245,
        4.779535438888664,
        6.238397631597673,
        2.741138427617925,
        2.531433160614081,
        0.7666685709649143,
        2.1905174533937335,
        3.010706081705865,
        6.098445853295954
      ],
      [
        4.463331926837771,
        0.04114310656399915,
        2.3095457928179046,
        1.588812117559025,
        7.054758350292758,
        5.686666980746266,
        2.789408227634324,
        4.9347715868176545,
        1.8361195155813392,
        3.143174449888929,
        7.184400505191604,
        3.682749118263941,
        5.118875916687457,
        2.387609745754731,
        2.7324674478019717,
        2.7395288753089897,
        2.571017465759634,
        3.1823428097712347,
        5.384835081335579,
        0.4835671126467458,
        1.4699432567248627,
        3.958757904830093,
        2.196800313524303,
        2.3731908090131024,
        2.773670327603442,
        6.072179863125797,
        1.2867963064410095,
        0.08510410396268346,
        0.45500930382982846,
        4.5529518845068315,
        5.866952847220555,
        2.3985558688656696,
        3.567556014401347,
        3.0022806405880877,
        3.276616406651035,
        2.8972613918523877,
        1.7111558945738643,
        3.742111257583442,
        4.263137385588234,
        3.063586900383934,
        1.3087308923915857,
        3.052940988342811,
        2.7737698330233336,
        1.0826223976310851,
        0.29295207700189146,
        5.82403917341982,
        5.4383726537481785,
        4.996827520687096,
        4.8763428691151365,
        3.2325211684404174,
        0.304041280941692,
        1.4010999100022663,
        4.7177728441358155,
        4.2710813729324055,
        6.043251662703136,
        3.6706967044336554,
        4.602289374839095,
        3.9032665952980903,
        3.5728692614623436,
        4.759819309547492,
        5.215220295981218,
        0.8920160677698675,
        3.8673168324166114,
        0.17728661688805258,
        5.865951219415402,
        4.123266625599876,
        1.5097100859902406,
        1.956865572015452,
        4.411188947772302,
        1.514561979977521,
        1.1618463778285975,
        3.3131297764706904,
        1.4979358163970928,
        0.21984718569012301,
        0.09564276525753403,
        4.504961003575907,
        5.477197541248932,
        4.0282382662167,
        5.570969930881407,
        0.6764672869483885,
        6.0132757004760915,
        2.4566316045469647,
        4.136476759528701,
        0.719229199072014,
        0.26135115330232567,
        3.1583598966621422,
        4.64232596258295,
        3.2664860042489416,
        1.5992154931829692,
        3.0606549957952494,
        4.705648786334569,
        1.8738805385722905,
        4.642081773634303,
        6.090949379896548,
        3.096158492811849,
        1.9213394505898946
      ],
      [
        4.528357170526407,
        2.406598553255133,
        3.2667920780859547,
        4.522792501407991,
        5.974723961780627,
        5.146059181402289,
        0.42929409447627837,
        1.0364186542032772,
        7.088563747269474,
        3.5742293601727764,
        4.328090494535492,
        3.8693367398726,
        3.050376878953168,
        0.7996492208770227,
        2.355664513204135,
        5.023175052753682,
        3.7527342569158963,
        3.0354001931713785,
        3.0666626753986646,
        4.540811522096668,
        4.499817854472648,
        4.439494320250562,
        2.827084049918062,
        0.495629585816629,
        6.265193228244576,
        3.0627318558439365,
        5.831188679891849,
        1.1565872629441618,
        2.9886978921411096,
        6.962496071026392,
        4.36927134824724,
        3.987365590338876,
        4.939937649208988,
        3.551668039322287,
        5.9370897330862,
        3.596566657178354,
        3.376760476502956,
        2.4908731322588826,
        6.025689265595596,
        3.055190219135609,
        4.881383325212947,
        2.2663133943313882,
        1.685166401017212,
        3.9380550443326396,
        1.2473640868744675,
        1.359822149985795,
        2.416259695974607,
        3.318955965888607,
        0.9420319208671936,
        4.761852487362697,
        5.490227647551059,
        3.6758825203137557,
        3.133295925868492,
        0.3607239088101109,
        1.981968338763039,
        5.085358776868089,
        4.093882390532671,
        3.7697868681900366,
        4.1686320941977115,
        0.9255407143158765,
        3.0474572492005443,
        2.464037100916887,
        0.8197556911234841,
        3.690252683997408,
        3.928340279835561,
        3.3906064281541446,
        2.0515817152083846,
        4.338768270669449,
        5.433126056495373,
        1.1559286242799203,
        5.86157455265094,
        4.412961882380699,
        4.81239648268919,
        2.9260508189955807,
        1.6119136903441347,
        1.3560545610444887,
        2.779853145574435,
        6.197473086739625,
        2.129343874479588,
        3.7981399960070146,
        1.5897057530101004,
        4.015018784915905,
        1.0214200280058974,
        2.6660884165483085,
        5.638229595845132,
        5.012184584547994,
        4.812849377394563,
        5.156060205078971,
        1.0701902086073798,
        5.290930513247575,
        3.6567399076098037,
        5.4771324037826,
        5.235945685570341,
        0.6299057443155042,
        5.3094313809598095,
        6.251632789618944,
        6.1462320438566325,
        1.8544393090230806,
        1.7986361059090512,
        0.8757208850953717,
        2.5967803433248213,
        0.7340227912190933,
        3.904955171432725,
        0.944207959319485,
        4.397619974871692,
        4.762969668924808,
        5.018856075272989,
        3.5770808145290065,
        2.1651329811377646,
        0.030994316188030453,
        3.4091413337624163,
        5.778126783443496,
        1.9963175619594116,
        2.290101691940765,
        5.756636086620722,
        1.8717809248259272,
        0.9483636819730556,
        0.7986221704308069,
        0.49948596105694143,
        0.4963989505707137,
        3.1791394341644903,
        5.967157428140094,
        2.643453555876,
        4.008881732700709,
        4.676311750507074,
        1.3980342854550944,
        5.3449956157499745,
        0.563205103897223,
        0.9605943425128457,
        1.8576329404182435,
        1.871210001784056,
        1.9427386658072192,
        5.83050294200543,
        1.9214349650549385,
        1.3897313480473545,
        0.14609914184453227,
        1.4774147111109974,
        0.16748557588778284,
        3.322571878572861,
        2.3735896235411236,
        6.00632190930495,
        1.486390262607208,
        4.219395993798241,
        4.825443097218397
      ]
    ],
    "vqe2_time": [
      166.40860557556152,
      350.9284842014313,
      322.294713973999
    ],
    "solution_vector": [
      0,
      0,
      0,
      0,
      1,
      0,
      1,
      1,
      0,
      1,
      0,
      0,
      0,
      0,
      0,
      0
    ],
    "solution_min_energy": -127.37154126271244,
    "solution_time": 0.023313522338867188,
    "matrix_size": 16,
    "qubo_matrix": [
      [
        -29.824321247473748,
        3.972523078399415,
        7.94504615679883,
        1.9862615391997076,
        1.9862546222528752,
        3.9725092445057504,
        7.945018489011501,
        1.9862546222528752,
        1.9862532637005998,
        3.9725065274011997,
        7.945013054802399,
        1.9862532637005998,
        1.9862542614601812,
        3.9725085229203625,
        7.945017045840725,
        1.9862542614601812
      ],
      [
        3.972523078399415,
        -55.676119416548076,
        15.89009231359766,
        3.972523078399415,
        3.9725092445057504,
        7.945018489011501,
        15.890036978023002,
        3.9725092445057504,
        3.9725065274011997,
        7.945013054802399,
        15.890026109604799,
        3.9725065274011997,
        3.9725085229203625,
        7.945017045840725,
        15.89003409168145,
        3.9725085229203625
      ],
      [
        7.94504615679883,
        15.89009231359766,
        -95.46214651949849,
        7.94504615679883,
        7.945018489011501,
        15.890036978023002,
        31.780073956046003,
        7.945018489011501,
        7.945013054802399,
        15.890026109604799,
        31.780052219209598,
        7.945013054802399,
        7.945017045840725,
        15.89003409168145,
        31.7800681833629,
        7.945017045840725
      ],
      [
        1.9862615391997076,
        3.972523078399415,
        7.94504615679883,
        -29.824321247473748,
        1.9862546222528752,
        3.9725092445057504,
        7.945018489011501,
        1.9862546222528752,
        1.9862532637005998,
        3.9725065274011997,
        7.945013054802399,
        1.9862532637005998,
        1.9862542614601812,
        3.9725085229203625,
        7.945017045840725,
        1.9862542614601812
      ],
      [
        1.9862546222528752,
        3.9725092445057504,
        7.945018489011501,
        1.9862546222528752,
        -29.825842394745603,
        3.972571368788998,
        7.945142737577996,
        1.986285684394499,
        1.9862594298168768,
        3.9725188596337535,
        7.945037719267507,
        1.9862594298168768,
        1.9862549229421345,
        3.972509845884269,
        7.945019691768538,
        1.9862549229421345
      ],
      [
        3.9725092445057504,
        7.945018489011501,
        15.890036978023002,
        3.9725092445057504,
        3.972571368788998,
        -55.67911342070221,
        15.890285475155991,
        3.972571368788998,
        3.9725188596337535,
        7.945037719267507,
        15.890075438535014,
        3.9725188596337535,
        3.972509845884269,
        7.945019691768538,
        15.890039383537076,
        3.972509845884269
      ],
      [
        7.945018489011501,
        15.890036978023002,
        31.780073956046003,
        7.945018489011501,
        7.945142737577996,
        15.890285475155991,
        -95.46794136624843,
        7.945142737577996,
        7.945037719267507,
        15.890075438535014,
        31.780150877070028,
        7.945037719267507,
        7.945019691768538,
        15.890039383537076,
        31.78007876707415,
        7.945019691768538
      ],
      [
        1.9862546222528752,
        3.9725092445057504,
        7.945018489011501,
        1.9862546222528752,
        1.986285684394499,
        3.972571368788998,
        7.945142737577996,
        -29.825842394745603,
        1.9862594298168768,
        3.9725188596337535,
        7.945037719267507,
        1.9862594298168768,
        1.9862549229421345,
        3.972509845884269,
        7.945019691768538,
        1.9862549229421345
      ],
      [
        1.9862532637005998,
        3.9725065274011997,
        7.945013054802399,
        1.9862532637005998,
        1.9862594298168768,
        3.9725188596337535,
        7.945037719267507,
        1.9862594298168768,
        -29.823896670725663,
        3.9725095997724917,
        7.9450191995449835,
        1.9862547998862459,
        1.986254020607328,
        3.972508041214656,
        7.945016082429312,
        1.986254020607328
      ],
      [
        3.9725065274011997,
        7.945013054802399,
        15.890026109604799,
        3.9725065274011997,
        3.9725188596337535,
        7.945037719267507,
        15.890075438535014,
        3.9725188596337535,
        3.9725095997724917,
        -55.67528374167884,
        15.890038399089967,
        3.9725095997724917,
        3.972508041214656,
        7.945016082429312,
        15.890032164858624,
        3.972508041214656
      ],
      [
        7.945013054802399,
        15.890026109604799,
        31.780052219209598,
        7.945013054802399,
        7.945037719267507,
        15.890075438535014,
        31.780150877070028,
        7.945037719267507,
        7.9450191995449835,
        15.890038399089967,
        -95.4605290842677,
        7.9450191995449835,
        7.945016082429312,
        15.890032164858624,
        31.78006432971725,
        7.945016082429312
      ],
      [
        1.9862532637005998,
        3.9725065274011997,
        7.945013054802399,
        1.9862532637005998,
        1.9862594298168768,
        3.9725188596337535,
        7.945037719267507,
        1.9862594298168768,
        1.9862547998862459,
        3.9725095997724917,
        7.9450191995449835,
        -29.823896670725663,
        1.986254020607328,
        3.972508041214656,
        7.945016082429312,
        1.986254020607328
      ],
      [
        1.9862542614601812,
        3.9725085229203625,
        7.945017045840725,
        1.9862542614601812,
        1.9862549229421345,
        3.972509845884269,
        7.945019691768538,
        1.9862549229421345,
        1.986254020607328,
        3.972508041214656,
        7.945016082429312,
        1.986254020607328,
        -29.823851011044077,
        3.9725081502587907,
        7.945016300517581,
        1.9862540751293953
      ],
      [
        3.9725085229203625,
        7.945017045840725,
        15.89003409168145,
        3.9725085229203625,
        3.972509845884269,
        7.945019691768538,
        15.890039383537076,
        3.972509845884269,
        3.972508041214656,
        7.945016082429312,
        15.890032164858624,
        3.972508041214656,
        3.9725081502587907,
        -55.675193871829364,
        15.890032601035163,
        3.9725081502587907
      ],
      [
        7.945017045840725,
        15.89003409168145,
        31.7800681833629,
        7.945017045840725,
        7.945019691768538,
        15.890039383537076,
        31.78007876707415,
        7.945019691768538,
        7.945016082429312,
        15.890032164858624,
        31.78006432971725,
        7.945016082429312,
        7.945016300517581,
        15.890032601035163,
        -95.46035514262357,
        7.945016300517581
      ],
      [
        1.9862542614601812,
        3.9725085229203625,
        7.945017045840725,
        1.9862542614601812,
        1.9862549229421345,
        3.972509845884269,
        7.945019691768538,
        1.9862549229421345,
        1.986254020607328,
        3.972508041214656,
        7.945016082429312,
        1.986254020607328,
        1.9862540751293953,
        3.9725081502587907,
        7.945016300517581,
        -29.823851011044077
      ]
    ],
    "ansatze": [
      "twolocal",
      "alternating_ry_rz",
      "random_circuit"
    ],
    "histories_energy": [
      [
        [
          -101.21929026526743,
          -105.8854171914957,
          -84.53777730417093,
          -103.18264451598664,
          -108.89351851814672,
          -108.05782392192066,
          -109.01324902594767,
          -101.51580559763055,
          -107.78407202934883,
          -109.68539799910522,
          -89.27394352393526,
          -108.13177856487933,
          -109.45334121764023,
          -110.51823759155194,
          -94.70036875003088,
          -104.67013349390099,
          -106.65162076530888,
          -111.1765593095181,
          -111.26471800588607,
          -108.35930635726808,
          -110.34305635660084,
          -110.77685643883505,
          -110.9137395920443,
          -110.17656489480527,
          -109.52698102221702,
          -109.84147056147255,
          -111.18193822133257,
          -106.7118330696105,
          -110.73278599151789,
          -112.43733556278843,
          -113.22287847488755,
          -111.53503875507506,
          -112.74742559671085,
          -107.67777227926429,
          -106.10082495430922,
          -114.47354319173557,
          -113.16584952574307,
          -113.00282272120995,
          -113.07092376801933,
          -118.71459276456937,
          -118.1134413192062,
          -117.91994848099284,
          -113.96573191504255,
          -116.3456466731445,
          -117.39586950610838,
          -117.91741409709809,
          -109.80805170912228,
          -115.07128597426961,
          -118.41887619905938,
          -118.85648116699296,
          -118.50611729769655,
          -117.22933656340147,
          -118.052414284803,
          -116.91732051553717,
          -119.08698831437938,
          -116.9656306350396,
          -118.50035846083352,
          -118.70180662103675,
          -118.19668183032913,
          -118.54116044305006,
          -118.18560340221153,
          -117.945852143041,
          -118.24199691081601,
          -119.09166315389747,
          -118.17961558693699,
          -113.1248473842859,
          -118.00020015360575,
          -112.71232223654134,
          -118.04647304427968,
          -112.41018086919466,
          -117.76926201537059,
          -118.34970264961296,
          -117.67990705984428,
          -116.54648904940117,
          -118.99594788402425,
          -109.59832087528058,
          -117.48363839381753,
          -107.9631309139925,
          -118.74498253856727,
          -114.57165555245125,
          -117.58630320733766,
          -116.99890113114154,
          -118.05345612310468,
          -117.36222313759131,
          -117.65095525681679,
          -118.22410263556743,
          -118.06794474311369,
          -118.44354495264895,
          -117.76742753608366,
          -117.76839251951439,
          -118.55049311527192,
          -117.82341604150693,
          -118.96320984908797,
          -115.45481480003195,
          -118.07919756104943,
          -117.04018668174093,
          -117.26514041684474,
          -118.42875625386073,
          -116.21664518298859,
          -114.12271138907496,
          -117.95419139929477,
          -115.64929398788956,
          -116.84096001507673,
          -117.8260444284261,
          -116.25236066500567,
          -115.83383569679141,
          -117.23317988518926,
          -118.38344677812518,
          -117.0331835355376,
          -117.54516064950664,
          -118.4111831879025,
          -117.64824474802988,
          -117.01850794583802,
          -118.17960923535055,
          -115.82077382710175,
          -117.98524532613516,
          -118.97183033097672,
          -117.39059920918946,
          -117.88474753215898,
          -118.04142381472374,
          -118.77104137650417,
          -118.04121262279124,
          -117.57219125399693,
          -118.52512208122432,
          -118.73669746735311,
          -118.08665200434602,
          -118.35073845750881,
          -118.15704077251993,
          -117.28593946196993,
          -116.50393866524934,
          -119.12323051085278,
          -117.94113722147105,
          -117.78325328716615,
          -116.04960340531443,
          -118.74165900087942,
          -119.49138126112223,
          -118.23009751580169,
          -119.47329578760099,
          -118.53050680112696,
          -118.73313204554165,
          -118.63309095687362,
          -118.85167245797467,
          -118.57988932956926,
          -118.67108954749209,
          -118.9079515188341,
          -118.74275193204366,
          -118.50269516147809,
          -117.20803813816086,
          -117.8886122703991,
          -118.49816085595155,
          -118.30676303919653,
          -118.75513092632544,
          -118.28296782343122,
          -119.38496317339569,
          -118.2371208644701,
          -118.38735866103522,
          -117.69064917715869,
          -118.25700104723924,
          -119.12912699644217,
          -119.01207807635501
        ]
      ],
      [
        [
          -55.710486948941494,
          -51.61345936921502,
          -14.340057915623932,
          -71.70810775348075,
          -70.7478174144216,
          -72.35297474719042,
          -92.91943929399996,
          -91.21068763130695,
          -92.35822299344898,
          -95.14983155324477,
          -74.35479671600491,
          -96.42139070413592,
          -96.93718112579465,
          -95.30179955624703,
          -99.48364376468383,
          -95.04044260045683,
          -98.30359034357957,
          -103.41383536463167,
          -100.23065639289388,
          -103.21082695124551,
          -101.99815640522411,
          -99.80711335700269,
          -103.5257616164147,
          -96.90135538481003,
          -96.74218016491562,
          -98.50991816434072,
          -93.77018380683153,
          -101.59257982505456,
          -100.1831900782262,
          -95.03040573999002,
          -100.52599954066888,
          -100.58877826367713,
          -99.46549101140262,
          -95.96109597215542,
          -85.96579980860773,
          -95.73398255607702,
          -98.1429229206699,
          -97.49309166816447,
          -95.5396474729268,
          -99.9533256479331,
          -96.2666530449276,
          -102.24101446951336,
          -84.79414034391047,
          -97.22134223151261,
          -102.32782603433016,
          -97.88329255660327,
          -92.53199586679929,
          -96.52577312771542,
          -102.43247578388376,
          -98.67160932475764,
          -100.25029185082434,
          -99.35490600043042,
          -97.32114642709978,
          -99.52030309568988,
          -101.14223851270687,
          -97.122350709165,
          -99.15057624706765,
          -99.87172133111699,
          -96.4844391641063,
          -99.04506650119971,
          -99.77023667269215,
          -98.69910283994673,
          -100.40718063243216,
          -98.82940971065494,
          -99.99517261226538,
          -98.48371184766391,
          -101.84466971812418,
          -98.41656304751521,
          -99.35453683677719,
          -99.5121593958379,
          -100.94001172419254,
          -99.2077924849174,
          -100.06579629932449,
          -100.00556123944813,
          -96.08150128149491,
          -99.12355820994233,
          -99.38061728462608,
          -101.38338395607533,
          -100.79339588866414,
          -97.71515489644494,
          -100.48191855600375,
          -97.29865357682009,
          -96.70089398733859,
          -96.88613953787078,
          -100.7669002724614,
          -99.35270355084918,
          -100.29203549500883,
          -98.58689573862264,
          -98.91316448121586,
          -100.58976217534882,
          -99.80228162259058,
          -98.82308492014532,
          -101.24240156139352,
          -98.94857835683524,
          -97.53139165958916,
          -98.75923121012046,
          -100.94466221994433,
          -106.17457150107445,
          -105.52497403165762,
          -102.24977876843165,
          -103.7565991101846,
          -106.42801119665678,
          -106.94336526219038,
          -92.3604077525838,
          -105.53409674681356,
          -100.74102603026873,
          -105.32800402749326,
          -98.12897133621838,
          -106.74233542643827,
          -101.00644268259614,
          -107.46509602322766,
          -105.24065294051091,
          -106.48099994582881,
          -105.09808014448701,
          -106.03909541900826,
          -102.81720153250623,
          -105.96768412979941,
          -106.35898236031679,
          -105.95250781562744,
          -96.89192650496037,
          -105.96500137891033,
          -105.55692693909452,
          -103.96971237175791,
          -106.63132820366931,
          -105.1189626580375,
          -105.60518442845056,
          -105.95596442817603,
          -106.37525915827307,
          -106.74498830649232,
          -104.50282695665274,
          -106.77411454547129,
          -106.61234519542916,
          -105.76808568262587,
          -105.56893607709196,
          -105.20880159022227,
          -106.29357202473503,
          -103.78533784556342,
          -105.5202999403598,
          -106.89125885200215,
          -105.41571399892321,
          -103.77849569946933,
          -105.58163827002241,
          -106.77430529022152,
          -106.47303623088055,
          -106.5969229605747,
          -105.878980158502,
          -103.59593736203846,
          -107.28545172978299,
          -105.61181080044958,
          -105.98130110460313,
          -107.18581560436283,
          -105.75327706949648,
          -104.4176119880289,
          -105.87150557507294,
          -107.04976213833265,
          -105.87809533693101,
          -105.68320646134028,
          -106.93545613611202,
          -105.06282142008706,
          -105.57406405482784
        ]
      ],
      [
        [
          14.729671575505616,
          9.953418388960907,
          10.993546487047068,
          32.28476794974666,
          -1.910512750105486,
          1.8819272964587088,
          -1.601315520517658,
          -0.2957946866034207,
          -8.794407898918195,
          -19.990080756850606,
          -55.92397586315399,
          -55.12511314269159,
          -59.98977485172942,
          -51.13949339411075,
          -52.70501757206316,
          -63.82228590282908,
          -61.716493477084725,
          -73.30587241399033,
          -33.50320708312199,
          -49.82840446006857,
          -66.02475027986864,
          -68.6824407099626,
          -72.20644412485179,
          -77.07557207263105,
          -74.91757545887332,
          -67.34183152463831,
          -50.25003668214522,
          -62.110652547226046,
          -76.69913302059298,
          -76.48513777320088,
          -79.67658204280971,
          -72.54295021362528,
          -67.6199863322729,
          -77.46914204947623,
          -70.11917838290402,
          -74.43827641064537,
          -75.53939521306907,
          -82.2229216953123,
          -83.31777795319624,
          -79.01838672598203,
          -85.86419819699964,
          -84.2058994306459,
          -97.80748046194589,
          -96.64658190261304,
          -95.3040675032321,
          -96.05907908559993,
          -96.32573386921149,
          -95.51083697956355,
          -97.99616779089618,
          -95.63760010124655,
          -98.34337821892731,
          -97.79248075378003,
          -99.24737240861197,
          -96.32960482871557,
          -96.7514150910901,
          -95.49701684205817,
          -96.86914401512094,
          -97.54750233901052,
          -94.58042169135305,
          -99.29942890610617,
          -97.64921161138906,
          -97.11304927739552,
          -95.71464820280434,
          -97.28915158399121,
          -96.45567525806368,
          -99.77541289328413,
          -96.88718666927466,
          -97.23020003710765,
          -95.64761279638886,
          -98.7148813611009,
          -99.61151621938207,
          -98.52982577280738,
          -93.25366753853879,
          -95.9805885303355,
          -99.13746480904007,
          -95.79361481178668,
          -96.85981686811445,
          -96.27750290200437,
          -95.57261125034942,
          -96.87714514108767,
          -98.04447511291218,
          -96.75700223778013,
          -96.67000015645168,
          -94.46415259923134,
          -95.19621900091897,
          -98.12319376624785,
          -95.43588864242682,
          -97.46494962671106,
          -94.69659370069492,
          -98.07411441169988,
          -95.11363430135778,
          -99.04347764945088,
          -99.05328090297799,
          -98.38886651397576,
          -95.47826940558772,
          -95.32279364419905,
          -95.55314332732999,
          -97.65152975883245,
          -94.27207700892583,
          -98.31547519654679,
          -96.17687082501995,
          -98.9332247806895,
          -97.47864071472259,
          -98.12251733957613,
          -97.10386462204643,
          -98.67472003681692,
          -97.69459792756332,
          -95.85620962298134,
          -97.76022766964275,
          -97.22403428149173,
          -98.93536860051262,
          -96.95771067018018,
          -96.70945408025125,
          -95.47223502857383,
          -98.62204443570764,
          -97.61259941609012,
          -98.68007127000969,
          -98.93245678748094,
          -94.38769885206786,
          -96.83152331552783,
          -96.3872437964447,
          -96.04491237765852,
          -98.97340030391672,
          -94.04483598530197,
          -96.88931973149936,
          -97.48868119350763,
          -96.86733305218868,
          -94.89763644767774,
          -98.2111128405462,
          -97.99310380963139,
          -97.93804845548372,
          -96.26642353975649,
          -94.8108034684289,
          -96.58374679269606,
          -96.48755248225523,
          -96.28711816293878,
          -97.8722770007889,
          -96.10234256282506,
          -95.07880167652151,
          -96.50347775773955,
          -96.68880345973925,
          -98.06875863067243,
          -97.86928087939691,
          -94.7193019109452,
          -98.80748108568487,
          -84.42124479686592,
          -88.04189325860824,
          -89.79122007830716,
          -91.56170214145598,
          -94.20007760844899,
          -99.90579042664812,
          -97.44681516396211,
          -92.4667792896143,
          -98.23107407110865,
          -99.11440712811526,
          -85.00184794399414,
          -102.59632405043222,
          -96.59153330394801,
          -102.11766089613764,
          -100.86971844740596
        ]
      ]
    ]
  },
  {
    "vqe2_energy": [
      -164.4265912579308,
      -156.56353284585907,
      -156.56370836593987
    ],
    "vqe2_vector": [
      [
        0,
        0,
        0,
        0,
        0,
        1,
        0,
        1,
        1,
        0,
        0,
        1,
        0,
        1,
        0,
        0
      ],
      [
        0,
        0,
        0,
        0,
        0,
        1,
        0,
        0,
        0,
        0,
        1,
        0,
        0,
        0,
        0,
        0
      ],
      [
        1,
        0,
        0,
        0,
        0,
        0,
        0,
        0,
        0,
        0,
        1,
        0,
        1,
        0,
        0,
        0
      ]
    ],
    "vqe2_min_error": [
      1.5888571959192799,
      6.294985069441661,
      6.294880018722038
    ],
    "vqe2_params": [
      [
        3.1509508153538373,
        1.3489557538605266,
        2.750953791357298,
        2.9426297757786837,
        2.162975039312079,
        2.494324905981185,
        2.7789441807694577,
        1.8150591102697542,
        5.695820130817331,
        2.077734746740244,
        1.8492733828009122,
        0.30926385745619134,
        3.4353860961069023,
        3.2227872636262784,
        4.560443936642118,
        2.9004926162345708,
        5.047112752088903,
        -0.19898456016762875,
        4.82398974873941,
        3.2712110471588227,
        2.7586920705085047,
        4.678807882958665,
        2.9781165368664033,
        -0.06865710602716031,
        0.678959468240177,
        3.2032932433485253,
        5.80813015603187,
        2.965778405907597,
        1.6306268197021483,
        2.0116122473885816,
        3.066114394411019,
        5.287844850398213,
        2.1101272446482793,
        5.025500598594225,
        5.315348696113434,
        2.0860998183716237,
        4.986260534669484,
        3.3727286523485027,
        3.403098507601653,
        4.591254625873403,
        1.9867304297963098,
        2.431866622345314,
        3.9143223262498155,
        5.864540909079896,
        2.9667368883011975,
        2.7573680707850508,
        4.57773426644702,
        4.710393054502073,
        0.4940900307492916,
        3.0190771270248007,
        0.7201148554535198,
        4.642357614293271,
        2.0283082087455617,
        3.7718682308173235,
        3.770829690361297,
        3.693762957118107,
        4.951617027428828,
        0.40818912103227134,
        5.655570463558246,
        5.39166520956441,
        5.285351021072301,
        1.0154706271279157,
        3.6808860146817173,
        5.17618532052778
      ],
      [
        5.223099467876899,
        1.9746358894130973,
        0.39815019645039595,
        6.678138244702503,
        1.7300036961930687,
        5.043045640420581,
        2.701307537969721,
        6.946298842534196,
        4.779835953803984,
        3.34121140441895,
        0.24154188356098538,
        5.149098395251576,
        5.871538672554279,
        3.7232639970375314,
        3.891194074191446,
        4.112544526751886,
        4.9591059205362065,
        1.053845757324072,
        2.2939500974331364,
        6.540333128673181,
        0.9563782497143387,
        6.51812652830114,
        1.311641688660286,
        1.5365066075928036,
        4.902057183550317,
        6.294966295379732,
        6.455050875192236,
        5.5150323325330275,
        6.037589778444117,
        -0.37479803677334866,
        2.847964490774433,
        4.769678581269227,
        1.4763762308530641,
        4.303913586235407,
        2.2177036854657346,
        5.673778568348572,
        1.9361715577438101,
        2.678867616899885,
        3.626665491429148,
        2.383441730435112,
        1.1472247000464382,
        2.9994563076035763,
        1.9293985849516306,
        4.241860960894711,
        5.82723801796046,
        2.951732622135735,
        4.209553511100151,
        5.462311430279916,
        4.183056528155634,
        2.9487205664353686,
        4.066993745159583,
        6.020834024378697,
        3.7120800669159006,
        5.267554658495579,
        5.137505570724068,
        0.2849068153990515,
        6.347578238830824,
        0.6762645372464453,
        6.060652626856331,
        2.5990686269322616,
        0.6201037337103381,
        3.0845081947872117,
        3.1892111450085214,
        3.0783007409967573,
        1.7848953178447433,
        0.8834870151642285,
        2.1853069104180425,
        0.6344743098879607,
        3.4270185570520737,
        1.0690716702419738,
        2.9556317390201317,
        3.091503311487467,
        5.892165548521031,
        6.257818582523844,
        2.3606694494957776,
        3.3795827629050583,
        2.2824492081989063,
        0.8563683980022639,
        6.311766459478784,
        0.8373631348083556,
        5.375530960366381,
        4.7959711641080744,
        2.498887577654501,
        2.9029538921808724,
        3.7021432918765513,
        0.8630837192688811,
        2.591427335775227,
        1.6085057912639873,
        0.9811665848614753,
        1.695174520894219,
        1.7239633633939022,
        4.776562543020027,
        4.769449681210704,
        1.1904756794101359,
        4.232479604371945,
        5.217139268348339
      ],
      [
        2.7739366967848773,
        1.617370917434647,
        1.5891547464111007,
        4.204976654957687,
        4.4860242796237895,
        1.5726039998963943,
        0.7699472520464257,
        1.9093298150681535,
        5.66409610946702,
        3.198822336072009,
        3.0804911235151615,
        5.750491240343621,
        1.3628942982560885,
        3.5998690235969244,
        4.574265819318583,
        2.399488997402529,
        2.123236144168657,
        6.04818792682127,
        0.7873846066449682,
        5.085357932352343,
        3.070957619584783,
        1.402341279600809,
        3.3260003180979134,
        2.4574595263799837,
        5.211316879388493,
        2.982975146552233,
        3.9497765084314467,
        2.9833760494733115,
        4.1504117092222135,
        2.885485030725639,
        2.243250932772766,
        1.2971852781157134,
        0.1514541460444719,
        4.026492792262824,
        1.309339580978378,
        6.044249633178583,
        0.009790225037135657,
        0.3417553261271099,
        4.1114136325438375,
        1.8367620985540694,
        5.67400570120598,
        3.1362716054487203,
        5.414912834358816,
        0.4209365277298104,
        4.98959002243498,
        1.0283322952318743,
        1.1920956451757077,
        5.234903312884142,
        2.467664243896402,
        4.55410838314433,
        1.534304829730394,
        0.0167799070052621,
        5.0598529015748,
        5.05589454362069,
        4.594459784983335,
        6.7063272708375035,
        4.530647547715787,
        1.5042725905299605,
        3.7794007073360887,
        6.162495361447938,
        4.57119909702007,
        3.3426373106827136,
        2.611492483714749,
        4.061869010997455,
        3.4247869360946894,
        5.1647610591602255,
        2.2730564066684105,
        1.5981200464729264,
        4.0081466953937674,
        0.4785755264074648,
        3.6744504842130086,
        4.263370648231542,
        5.594792910700538,
        1.9652128924262922,
        3.0616120366484023,
        2.051494822683681,
        0.7146330771700192,
        3.766149421535958,
        4.656881627649568,
        1.089068918890071,
        3.0575584396257223,
        0.21889568015040062,
        0.546421819443649,
        0.8080615092974452,
        5.175889728598285,
        3.5612755662673106,
        5.061285091729911,
        5.641776270635781,
        5.994874570693101,
        2.1990332638423684,
        3.029893332072823,
        3.4049339015332483,
        5.0123525968913265,
        0.4943592083377388,
        5.392327149157917,
        4.507320883596988,
        4.3283382310957865,
        2.713141382566823,
        3.3256587094533607,
        3.7112168955778166,
        4.072582926720499,
        5.650490224136546,
        3.8989222126913834,
        5.025591196642044,
        1.1942310723047327,
