[
  {
    "vqe2_energy": [
      -127.63428469603477,
      -136.25522682685863,
      -134.0649858104673
    ],
    "vqe2_vector": [
      [
        1,
        0,
        0,
        0,
        1,
        0,
        1,
        0
      ],
      [
        1,
        1,
        0,
        1,
        0,
        0,
        1,
        0
      ],
      [
        0,
        1,
        0,
        1,
        1,
        1,
        0,
        1
      ]
    ],
    "vqe2_min_error": [
      6.327087263093379,
      3.5234292572461356e-05,
      1.6074893449951055
    ],
    "vqe2_params": [
      [
        6.123940817109127,
        2.981166383045638,
        0.9388370722190695,
        2.46575495977174,
        2.440569227090476,
        3.325995698447478,
        0.0754246936703517,
        1.825627434890723,
        3.699901176036769,
        5.190313768649189,
        6.0988366287795115,
        1.7493486854322255,
        2.560685388912892,
        3.6568490249048584,
        2.8372998654280694,
        0.16034834549590474,
        1.1068454110941788,
        0.008568990979081544,
        5.606209154535438,
        0.6849239217498898,
        1.1625901298633965,
        2.842613875221825,
        4.900546516326729,
        1.113509718603733,
        6.165080210285472,
        0.24219190075584218,
        2.6699938002136023,
        1.236253503161376,
        6.76888563004048,
        2.872469505492777,
        1.6382702285735913,
        1.2961906066835303
      ],
      [
        4.226408298089175,
        7.556889800403526,
        3.653173217823252,
        3.3147665174488883,
        5.231943640118861,
        5.767045291142065,
        1.8184233442344897,
        5.887733453737711,
        4.272082855489722,
        4.684857796903642,
        4.214368466414956,
        6.553388428923174,
        0.5940826739863756,
        5.850630978179281,
        6.330482002695464,
        0.8150354882830184,
        2.333371956285416,
        1.7582105826741716,
        6.015314302573174,
        2.3261118493991226,
        4.390933893641524,
        0.7826098583716797,
        0.7762967265120234,
        3.0115128073726884,
        1.0836984289292764,
        4.6875249657908125,
        5.0929612054561515,
        4.78160056721609,
        0.23336895456605175,
        2.8127751106027485,
        0.6603561996628645,
        6.140320189834183,
        5.919662471674807,
        1.2720100779467178,
        2.4866512492879354,
        2.0847985507057234,
        4.2275195666722265,
        3.170456286017752,
        4.971715458120547,
        2.1105384647268606,
        1.0094419778076036,
        1.19118991274333,
        5.571666904070487,
        0.3929875067906756,
        6.097513622719435,
        6.238506728446937,
        0.8050737231218026,
        5.798167500675358
      ],
      [
        3.7548873316336957,
        2.9286996375462047,
        5.193331510216628,
        1.934956334342814,
        1.4786598379561324,
        6.501791141087393,
        5.558341339721318,
        2.6174587807929446,
        4.7023806034219415,
        7.1118381404073,
        4.508642041087731,
        2.767032992303029,
        4.335269238886051,
        1.5212869823645847,
        1.2131431339181602,
        0.40912421976682595,
        2.232687357437509,
        4.036457976002478,
        1.099062327037872,
        4.591613616462057,
        5.563392437279269,
        0.7814452721121111,
        1.7594090271236746,
        4.390161344439081,
        2.1018864514422257,
        5.9267568370566055,
        3.9215948866219636,
        3.5510681349953397,
        2.891529371303261,
        0.5115594752549009,
        6.090929943485702,
        3.8044922190844117,
        1.2546812987719984,
        1.6932570528283093,
        4.757642332106492,
        3.9992888450474364,
        2.4903795079228543,
        4.668001206492473,
        4.6408004623260615,
        5.094000172749559,
        1.7392040720037483,
        0.5604518854875233,
        0.8810478260712943,
        3.461826435974992,
        0.2871941947116833,
        1.080567969615874,
        2.4988875237850015,
        5.388751614404435,
        1.6332736873179707,
        2.356690954426699,
        3.2827401525096582,
        5.471484433202337,
        3.7389315582549725,
        1.6701506350949602,
        6.085570997502353,
        3.145674760288165,
        5.795506825516312,
        6.283793771163403,
        4.458291715532389,
        0.6826598990520925,
        0.19066488252757746,
        2.011509133941055,
        1.0003484164448841,
        3.5198872165517807,
        4.738632507230539,
        5.151848239885345,
        5.879396887713082,
        5.312568066997034,
        5.739340962993414,
        3.42400529250923,
        2.7611030615828285,
        4.852438835524234
      ]
    ],
    "vqe2_time": [
      4.816355466842651,
      4.777713060379028,
      8.891669750213623
    ],
    "solution_vector": [
      0,
      0,
      0,
      0,
      1,
      1,
      1,
      1
    ],
    "solution_min_energy": -136.25527483544082,
    "solution_time": 0.022541284561157227,
    "matrix_size": 8,
    "qubo_matrix": [
      [
        -31.87355120320647,
        4.240472962881558,
        8.480945925763116,
        2.120236481440779,
        2.120236412271311,
        4.240472824542622,
        8.480945649085244,
        2.120236412271311
      ],
      [
        4.240472962881558,
        -59.50662944353139,
        16.961891851526232,
        4.240472962881558,
        4.240472824542622,
        8.480945649085244,
        16.96189129817049,
        4.240472824542622
      ],
      [
        8.480945925763116,
        16.961891851526232,
        -102.05136703553654,
        8.480945925763116,
        8.480945649085244,
        16.96189129817049,
        33.92378259634098,
        8.480945649085244
      ],
      [
        2.120236481440779,
        4.240472962881558,
        8.480945925763116,
        -31.87355120320647,
        2.120236412271311,
        4.240472824542622,
        8.480945649085244,
        2.120236412271311
      ],
      [
        2.120236412271311,
        4.240472824542622,
        8.480945649085244,
        2.120236412271311,
        -31.87356641467919,
        4.2404734457854545,
        8.480946891570909,
        2.1202367228927272
      ],
      [
        4.240472824542622,
        8.480945649085244,
        16.96189129817049,
        4.240472824542622,
        4.2404734457854545,
        -59.506659383572924,
        16.961893783141818,
        4.2404734457854545
      ],
      [
        8.480945649085244,
        16.96189129817049,
        33.92378259634098,
        8.480945649085244,
        8.480946891570909,
        16.961893783141818,
        -102.05142498400403,
        8.480946891570909
      ],
      [
        2.120236412271311,
        4.240472824542622,
        8.480945649085244,
        2.120236412271311,
        2.1202367228927272,
        4.2404734457854545,
        8.480946891570909,
        -31.87356641467919
      ]
    ],
    "ansatze": [
      "twolocal",
      "alternating_ry_rz",
      "random_circuit"
    ],
    "histories_energy": [
      [
        [
          -116.2053236529847,
          -113.46075229765268,
          -116.42638096853906,
          -109.97251244815283,
          -119.28641301650315,
          -117.17205306114022,
          -122.81068369292491,
          -118.15548575013793,
          -122.7455541756737,
          -123.78752608353395,
          -123.15214397862447,
          -124.7438759210234,
          -123.48620268832528,
          -122.36439929105109,
          -120.88407700585479,
          -121.99169077857897,
          -123.50813825872471,
          -120.7951387559745,
          -118.59300043917905,
          -118.82795430940313,
          -123.76310812016759,
          -122.1239951865272,
          -125.71254159540682,
          -126.58441942819029,
          -126.70883333431374,
          -126.69072007453354,
          -126.68327470887937,
          -126.83594786878422,
          -126.66393956528454,
          -126.90957728806806,
          -126.98573117880008,
          -127.266262482077,
          -126.75501664792745,
          -124.88694897568554,
          -126.6058887486224,
          -124.92829557648172,
          -124.69341786795697,
          -126.63255807655669,
          -127.24520388043383,
          -128.57259827793018,
          -128.84825163242854,
          -127.60285429765797,
          -128.85002944648164,
          -122.0678893553684,
          -129.0048356859636,
          -127.61444879212581,
          -129.45493154709044,
          -129.35736660181573,
          -130.27250005603076,
          -127.54296197436965,
          -129.60115800997295,
          -129.55327521186,
          -129.8744010906401,
          -127.26927476845326,
          -130.46134354615359,
          -128.83679488187647,
          -130.35018753727175,
          -131.8771003544826,
          -131.68283368734973,
          -128.14512445076585,
          -131.58642283244134,
          -130.2102630575359,
          -131.6169709216187,
          -130.76118547600566,
          -131.77057703883142,
          -131.28109981499853,
          -131.71322601490718,
          -131.35327459598673,
          -131.3030465502482,
          -131.86853036212926,
          -131.26859835391912,
          -130.27383233605903,
          -131.5794222351724,
          -131.28797834949387,
          -131.15814137676773,
          -131.72958284546843,
          -130.61282455375104,
          -131.38458917722062,
          -131.38759933016686,
          -131.6467401362749
        ]
      ],
      [
        [
          -113.69518969439308,
          -114.65140870584844,
          -114.93699620004655,
          -117.69308851898833,
          -114.41909185356545,
          -116.73499204178867,
          -121.42419783887648,
          -124.37187956807412,
          -123.95042257388882,
          -124.0018449511588,
          -127.74611827236976,
          -124.1214229541631,
          -127.78785796806943,
          -126.5819234134329,
          -123.76437539329744,
          -125.86862369481358,
          -126.8269958595068,
          -125.09812717739254,
          -126.75147738540002,
          -123.78848452322707,
          -126.95399595757733,
          -126.82334049045245,
          -110.75277554801202,
          -126.31696366314844,
          -126.55193097723566,
          -125.84595271790951,
          -126.54291987927466,
          -126.40120339678187,
          -127.33177374623425,
          -126.11617152536593,
          -125.69995903010918,
          -127.34176307982798,
          -126.18121260336414,
          -126.45794282175548,
          -126.93568522636397,
          -126.84565353888625,
          -127.02210634509362,
          -127.05959907813437,
          -126.59230216475241,
          -126.52437230804145,
          -126.6078372761693,
          -127.07226657695642,
          -127.33829676480006,
          -126.49423595971413,
          -127.12740620838986,
          -126.68477948985182,
          -127.49068129467642,
          -126.52738456993691,
          -126.78512387424186,
          -120.34858588899218,
          -126.16945526874053,
          -119.69611281405983,
          -127.98393879784467,
          -120.50912881007886,
          -128.43235385506432,
          -117.92972866922894,
          -128.14198969265388,
          -128.11452170350745,
          -125.24145154436479,
          -126.39057775300478,
          -128.44495562049445,
          -129.0655473949758,
          -126.33399282467445,
          -128.38222914487966,
          -129.14693392443118,
          -130.85822385974015,
          -128.75726856598646,
          -130.57692720988797,
          -130.09817416315315,
          -130.15180162624478,
          -131.2633803470838,
          -130.7627466908776,
          -130.7295096288653,
          -130.04621076187152,
          -130.20934066484128,
          -130.77429199847478,
          -130.31628575177632,
          -130.26482459795335,
          -130.25368920694538,
          -130.86568086129782
        ]
      ],
      [
        [
          -104.37875692504505,
          -106.77271765850898,
          -105.60426991703723,
          -105.24105177672425,
          -107.87876141721313,
          -104.88676102789746,
          -109.6005749812156,
          -107.06360428345059,
          -112.2851870255219,
          -104.16869075741548,
          -112.32942836605588,
          -115.56385049231332,
          -114.61630784921668,
          -116.32299900538881,
          -113.72372287000857,
          -113.77706028355249,
          -111.82446539788113,
          -112.47517966818715,
          -114.80348730853865,
          -117.44775671904236,
          -115.91195476829193,
          -118.07567318513416,
          -116.04616945908127,
          -114.97450626694098,
          -115.9312002699885,
          -116.20328606027235,
          -115.88278320259772,
          -114.8385229041128,
          -116.99308514433724,
          -116.88692791937522,
          -117.07136117647426,
          -114.9237098364096,
          -116.41259830888121,
          -116.82575684733891,
          -116.07047154609015,
          -116.49194270661829,
          -116.89717364618068,
          -117.03591299645001,
          -114.80373216165421,
          -115.72078793865188,
          -116.39967454591647,
          -115.73130094841916,
          -116.34749278651199,
          -115.47158223174962,
          -115.88776247244687,
          -115.91433165814422,
          -116.49680799190998,
          -116.24462641682751,
          -115.78493957021476,
          -116.9428245368623,
          -116.92645696099731,
          -116.41164585894317,
          -115.58626230953634,
          -116.12402250444704,
          -116.22959068625923,
          -115.52159958748051,
          -115.50177394958283,
          -116.5278348957995,
          -118.86048208006471,
          -115.59893997253721,
          -116.81901093898247,
          -114.68390615306213,
          -116.07231613624944,
          -116.76179459726762,
          -116.38583997773594,
          -115.85084696157126,
          -116.28604223427834,
          -116.39595313563797,
          -115.38518480638935,
          -116.39725345048059,
          -116.93484713648161,
          -115.58978498131205,
          -116.85865860241066,
          -116.9782304918486,
          -114.36575544624728,
          -114.14454434074521,
          -116.75844920961914,
          -114.5888732689434,
          -116.36213771779839,
          -116.51671222317265
        ]
      ]
    ]
  },
  {
    "vqe2_energy": [
      -89.12092579863588,
      -94.98232859398091,
      -81.56917188828152
    ],
    "vqe2_vector": [
      [
        1,
        1,
        1,
        0,
        1,
        1,
        0,
        0
      ],
      [
        0,
        1,
        0,
        0,
        1,
        0,
        1,
        1
      ],
      [
        1,
        1,
        0,
        0,
        0,
        1,
        0,
        0
      ]
    ],
    "vqe2_min_error": [
      6.171045585122082,
      2.220446049250313e-14,
      14.121739174279801
    ],
    "vqe2_params": [
      [
        3.8399452850051996,
        6.430016775160661,
        6.184959235416594,
        3.541200081898792,
        7.218076225439906,
        1.3308557643460235,
        3.319709540976331,
        -0.12902433003610422,
        6.446257992150179,
        3.5004917819920824,
        2.8512346580307573,
        0.8231129876584161,
        3.4807454263807345,
        3.754963141541913,
        5.420794832946202,
        2.2658873343399804,
        2.784744215581851,
        6.246849697337923,
        3.0719243574039443,
        0.4439316631389587,
        5.396510181003695,
        2.9757287881656587,
        0.679577312683927,
        2.0125739466494394,
        3.254621867326405,
        2.6962177329361006,
        3.449330531553017,
        5.19124198842135,
        4.001852852681139,
        2.400605272978455,
        0.20677109748183012,
        1.3894071283674296
      ],
      [
        3.746946909902199,
        -0.062165867035256006,
        2.6399090544284878,
        1.7870968359372015,
        7.525912970541139,
        3.348258207881808,
        3.9744069124944863,
        3.521866330691801,
        4.6486329677910145,
        3.462286751088404,
        6.674828621258142,
        4.2992787554283485,
        1.3647136374563997,
        3.626522872113767,
        6.685283902229186,
        6.858202189140053,
        0.7533075195035409,
        5.876784349606605,
        3.2043198715466747,
        0.4091328404205602,
        -0.48385254665836025,
        -0.24680276187717096,
        5.686361751849825,
        3.962164146982042,
        0.25071388830481245,
        0.6851468416611391,
        5.874486681984264,
        2.46317221504975,
        2.8582086918340073,
        1.7939121568197198,
        4.717499583871648,
        2.1106459427198785,
        6.263682400146768,
        3.1402041936371665,
        3.978534976468318,
        3.2054636186105534,
        4.241710771158089,
        0.7830720781891319,
        2.0381443379234883,
        0.2304959898945381,
        2.954549180318392,
        1.341499104167609,
        6.210390999960988,
        2.6767106662132756,
        2.12815720373696,
        2.6428719655398334,
        5.29843642711909,
        4.65712366433999
      ],
      [
        1.6434130240461735,
        6.039159605631569,
        2.45433090451054,
        1.1317022738070062,
        1.053564335818858,
        5.772700285482964,
        1.418961248528378,
        4.839111297900981,
        7.0288623228929215,
        3.458786433639957,
        4.75053970843454,
        4.759112206257633,
        2.6787372836579624,
        0.013930403751151524,
        3.744679904030465,
        5.59029117788668,
        5.330526602124115,
        5.033281385329952,
        1.1843115524211207,
        6.012161220293462,
        0.19027124779999421,
        2.7441919428809047,
        1.660828419342017,
        1.4269801227895662,
        6.016050620462614,
        3.1156867818394254,
        1.0576589272177976,
        2.8400225293389023,
        5.924526138691573,
        3.954387458858811,
        1.8046148520750185,
        2.36668901972913,
        2.9975433744629614,
        0.35368646287116723,
        4.883061036715585,
        2.6771972102182597,
        3.412701479130947,
        3.2121844507222193,
        3.5245651339231174,
        5.070121587857206,
        0.4929201907354821,
        4.800536523010159,
        2.956220823336021,
        3.9992365236621668,
        3.746128113235527,
        0.7504009196469186,
        5.917923264956697,
        0.5511730095066425,
        4.029604596302072,
        1.3624995726556866,
        1.2858465227533722,
        0.9162054530127262,
        1.526941975195399,
        3.8182474529634156,
        4.328159075333583,
        1.6316239492463462,
        5.471886201633415,
        4.343345085973943,
        2.1176253425816456,
        3.6792737848075956,
        1.670184154736431,
        4.033315301536574,
        5.441863829969966,
        5.038175329730381,
        1.8507356910487327,
        4.451687781174604,
        0.6688933833143933,
        4.955766138519412,
        2.1054856014872616,
        4.4533447201470056,
        4.821336451019375,
        0.39535682999281935
      ]
    ],
    "vqe2_time": [
      3.442734718322754,
      4.249135732650757,
      6.939991474151611
    ],
    "solution_vector": [
      1,
      0,
      0,
      1,
      0,
      1,
      1,
      0
    ],
    "solution_min_energy": -94.98232859398088,
    "solution_time": 0.020968198776245117,
    "matrix_size": 8,
    "qubo_matrix": [
      [
        -22.235220935700195,
        2.960696301719794,
        5.921392603439588,
        1.480348150859897,
        1.4803478050125554,
        2.9606956100251107,
        5.9213912200502214,
        1.4803478050125554
      ],
      [
        2.960696301719794,
        -41.5097455696806,
        11.842785206879176,
        2.960696301719794,
        2.9606956100251107,
        5.9213912200502214,
        11.842782440100443,
        2.9606956100251107
      ],
      [
        5.921392603439588,
        11.842785206879176,
        -71.17670593248201,
        5.921392603439588,
        5.9213912200502214,
        11.842782440100443,
        23.685564880200886,
        5.9213912200502214
      ],
      [
        1.480348150859897,
        2.960696301719794,
        5.921392603439588,
        -22.235220935700195,
        1.4803478050125554,
        2.9606956100251107,
        5.9213912200502214,
        1.4803478050125554
      ],
      [
        1.4803478050125554,
        2.9606956100251107,
        5.9213912200502214,
        1.4803478050125554,
        -22.235235181365123,
        2.960698716239273,
        5.921397432478546,
        1.4803493581196365
      ],
      [
        2.9606956100251107,
        5.9213912200502214,
        11.842782440100443,
        2.9606956100251107,
        2.960698716239273,
        -41.50977164649097,
        11.842794864957092,
        2.960698716239273
      ],
      [
        5.9213912200502214,
        11.842782440100443,
        23.685564880200886,
        5.9213912200502214,
        5.921397432478546,
        11.842794864957092,
        -71.17674842802485,
        5.921397432478546
      ],
      [
        1.4803478050125554,
        2.9606956100251107,
        5.9213912200502214,
        1.4803478050125554,
        1.4803493581196365,
        2.960698716239273,
        5.921397432478546,
        -22.235235181365123
      ]
    ],
    "ansatze": [
      "twolocal",
      "alternating_ry_rz",
      "random_circuit"
    ],
    "histories_energy": [
      [
        [
          -84.75994683468802,
          -83.62078062196362,
          -86.10467521475559,
          -86.62387944204214,
          -87.28064363102837,
          -87.88448620100544,
          -84.62556552428816,
          -85.68401636845864,
          -87.87897590842836,
          -88.14707062061137,
          -88.00849373637762,
          -87.88766509808099,
          -88.02735408969015,
          -87.99764517098997,
          -87.44392688395338,
          -88.23939289630971,
          -88.30482934811288,
          -88.70935804649571,
          -81.12846333872076,
          -87.82627027738127,
          -88.50687521344796,
          -87.51855573541366,
          -85.47823043211663,
          -88.11165555489933,
          -87.98518677911582,
          -88.41536710926864,
          -87.85088984017958,
          -88.38884959737973,
          -88.26095276705038,
          -87.913092366135,
          -88.31853236582585,
          -88.1306884222976,
          -88.1025040752238,
          -85.08409979417239,
          -87.56428991681997,
          -85.79362616459596,
          -88.84454551828495,
          -84.32322553993954,
          -88.97621030617701,
          -88.5370634109043,
          -89.38431860551225,
          -89.18868771953203,
          -88.97618987249477,
          -89.3992773422102,
          -89.13005848025595,
          -88.5499557469618,
          -89.33631854614052,
          -89.40565693470815,
          -89.14062851522634,
          -89.13204713112933,
          -88.71608211303838,
          -85.59570339896354,
          -86.745861430464,
          -89.17759155476632,
          -88.06745868940854,
          -89.411757758674,
          -88.52213783570818,
          -89.74922647624723,
          -89.83160325554653,
          -89.97485866540211,
          -89.86637795981397,
          -89.54906932320087,
          -89.89581711867505,
          -89.31314919161542,
          -89.0907972484349,
          -89.46670609012926,
          -89.64521393145787,
          -89.79679417508864,
          -89.54504618271126,
          -89.93369371412895,
          -88.99529373684881,
          -89.12130311292482,
          -89.65115061308165,
          -89.32567249386598,
          -89.60742754342552,
          -89.73155671644923,
          -89.75786286377259,
          -89.61714069907963,
          -90.01831386934848,
          -89.9929851566758
        ]
      ],
      [
        [
          -83.59561672157365,
          -83.23799950759889,
          -75.9714265964854,
          -78.7136374045233,
          -82.35660386973217,
          -84.18309761889712,
          -80.62886594418575,
          -82.19577729437704,
          -83.20118888672243,
          -85.15228124024412,
          -88.75391378426636,
          -89.56987765328407,
          -89.09034457085833,
          -89.97424947196735,
          -90.71978133064114,
          -89.64567480663669,
          -90.76774764079845,
          -90.50314184219663,
          -87.95497491924617,
          -90.69541885115576,
          -90.55096172774739,
          -90.60759966367775,
          -84.5462688146219,
          -89.48860345780072,
          -90.82958448638017,
          -90.62564794276591,
          -90.49999535169438,
          -90.54548461034423,
          -90.70413331592069,
          -90.56138827490751,
          -90.51473282317997,
          -90.55133069098382,
          -90.40648462435394,
          -90.50157441960802,
          -89.61094235509637,
          -90.50646406378299,
          -90.38395781918386,
          -90.30546124653725,
          -90.74748756423527,
          -90.47772387956371,
          -90.2843668629319,
          -90.57561355026668,
          -90.57979275167943,
          -90.5230018117359,
          -89.84625325282431,
          -90.17420810669226,
          -90.30056011378153,
          -90.44429410888851,
          -89.95991340757354,
          -90.12754089988918,
          -89.83297092893109,
          -86.01092906139499,
          -90.67585983238419,
          -91.37827251001704,
          -91.9041517718662,
          -88.72338936653162,
          -92.1875180740592,
          -92.08293662291864,
          -91.89401595145975,
          -84.69447762197598,
          -92.53705312344091,
          -92.73477935975438,
          -92.50481509754312,
          -92.34094294590324,
          -91.34982992177699,
          -87.73578752346204,
          -92.59010075541562,
          -83.44705036135666,
          -92.77468803801884,
          -90.89886798642095,
          -92.75737295629384,
          -92.86181938065518,
          -92.96818961613232,
          -92.42578351334377,
          -92.8633870252854,
          -92.08690436249077,
          -92.4465218658229,
          -87.92540090759084,
          -92.85715242250065,
          -92.85755234475273
        ]
      ],
      [
        [
          -82.528714895157,
          -82.21367408926876,
          -82.67940589108505,
          -82.63092763326038,
          -82.38064613769438,
          -83.49623901990229,
          -82.89124154490649,
          -81.09530959437942,
          -78.97740431974462,
          -84.31764420680477,
          -81.27598383427758,
          -81.85773159765714,
          -83.06038106243763,
          -83.30605077251887,
          -83.47493326013885,
          -81.73855580558272,
          -81.57678203424935,
          -83.89250029767814,
          -83.9453343331143,
          -83.20816077860736,
          -83.71205663544663,
          -82.41854148801448,
          -84.27363423501903,
          -80.87122629309474,
          -84.19218136136783,
          -83.45817562254406,
          -83.69312042083851,
          -83.08575423021648,
          -84.07087582060204,
          -83.66417917212597,
          -82.62393473104885,
          -83.15527153037203,
          -84.03864544853971,
          -83.11149407795894,
          -83.41676534987863,
          -83.5663685820202,
          -83.25499405915059,
          -84.16430851912443,
          -82.89531007847911,
          -83.14102315655343,
          -83.59728591545351,
          -84.09221379880634,
          -83.94532362335961,
          -82.70565455025397,
          -83.08676587620674,
          -83.8878321660745,
          -83.40836322631735,
          -83.51449979031521,
          -83.74406453259031,
          -83.88569850918012,
          -83.87608432474207,
          -83.36793176890316,
          -82.77721536560833,
          -83.37583423097185,
          -83.37317787816683,
          -82.75847730852651,
          -83.81922697776544,
          -83.8142266400944,
          -83.30023865667093,
          -83.12667556960281,
          -83.7077018349311,
          -83.68898576211677,
          -83.45180747347703,
          -83.42126670945264,
          -83.42525579215845,
          -83.67719347514456,
          -83.94599083455986,
          -82.77029143032358,
          -83.14540211125495,
          -83.65726678030558,
          -83.89042197109272,
          -84.06392911011069,
          -83.18065449994054,
          -81.59138243110709,
          -84.05962987504762,
          -82.81435753489033,
          -83.55725388600331,
          -83.16048304185122,
          -84.55684432220713,
          -82.66853442981139
        ]
      ]
    ]
  },
  {
    "vqe2_energy": [
      -90.37424704968538,
      -90.36964169321436,
      -94.84364158597701
    ],
    "vqe2_vector": [
      [
        0,
        0,
        1,
        0,
        1,
        0,
        1,
        1
      ],
      [
        0,
        1,
        1,
        1,
        1,
        1,
        0,
        0
      ],
      [
        0,
        0,
        1,
        1,
        0,
        0,
        1,
        0
      ]
    ],
    "vqe2_min_error": [
      6.173133229561434,
      6.177914527133943,
      1.5329918243377372
    ],
    "vqe2_params": [
      [
        5.169277472445692,
        3.782857938876646,
        2.6220227585199076,
        3.8052256700323834,
        2.695886475425034,
        3.1734840575418035,
        3.0399957925226277,
        5.476817432264204,
        4.3034384644349615,
        2.535919219209506,
        0.17789547406849496,
        2.1293380305027694,
        2.4032304727072678,
        0.2530090153083303,
        1.1631416058367074,
        0.3037946501107895,
        2.4696215033723634,
        -0.10295237905368784,
        3.375943716698105,
        5.3724645430511595,
        2.5206363850613585,
        -0.3293202541563672,
        3.1900348471943163,
        5.7220226955921305,
        4.271844622179708,
        0.7218670104450245,
        0.7026234534786945,
        4.0579377642827,
        0.8188993505194951,
        0.34093470583234886,
        3.771799609260267,
        4.741801979147621
      ],
      [
        4.4790681264078325,
        1.704452436685934,
        4.923976638086506,
        2.4892422033448054,
        3.265206879711152,
        6.849314702467743,
        5.728342806990052,
        5.168436423330136,
        1.2466385664715371,
        1.6221653997123362,
        0.8844669858334903,
        3.437425800354758,
        5.949521236826639,
        2.1513786064233975,
        0.7426632180637065,
        0.2024276445912182,
        6.385851571382408,
        4.70083063010726,
        3.1546215799603523,
        0.8391734804886598,
        0.5991187388484017,
        3.833030392956448,
        2.809363878198458,
        0.7332534401885645,
        3.0250292345141414,
        1.451011017182977,
        4.724661568037347,
        1.275970346642836,
        3.225908395363304,
        5.983745321391246,
        0.44976583845644164,
        1.9062428232727155,
        2.9868453416593987,
        2.421298214211019,
        1.2920284090125953,
        0.9222822043061275,
        2.476882054369979,
        3.509856953031687,
        2.938245396934307,
        2.2558072877005237,
        2.074542778066546,
        5.89227755977203,
        0.44648204985898204,
        4.618671501018832,
        4.143070910818467,
        3.721646942480083,
        4.090265233745489,
        0.6090228103580283
      ],
      [
        1.2470952731525362,
        5.349601054089931,
        3.8651329537961376,
        5.994788970863545,
        1.82051871104297,
        1.7499177941492017,
        6.511838968199746,
        4.825241057167288,
        5.1374530597574815,
        2.09330917367356,
        0.658108322574772,
        3.1468428017464003,
        1.0984506642889584,
        4.93158252314562,
        2.0235282268604164,
        5.115729005856611,
        2.7715679572269583,
        1.8268671547283875,
        3.6316138081498406,
        5.785866900093415,
        1.929545069472087,
        4.422015976424926,
        2.5745816875380094,
        1.9923022136210826,
        1.9208023960381326,
        4.557695335994094,
        3.9682207113849928,
        4.757334290188768,
        0.030777227923472063,
        1.1827155039755561,
        6.0005433840518645,
        3.659380058066843,
        4.855438799653889,
        6.001794379849953,
        0.06527610321103425,
        0.8158290657910184,
        1.8479120631799424,
        1.690845618980739,
        0.48932075154295246,
        0.5345055614158777,
        3.767287265683326,
        4.267381520036449,
        4.808914250666977,
        6.8864785797728105,
        4.045085711370736,
        2.385436855744786,
        0.6571898426771168,
        3.115116158626521,
        2.128295293350818,
        5.618951732205634,
        2.021121623785318,
        1.2141408687243367,
        0.40953719124333676,
        3.6871890403843914,
        4.9642303776374925,
        5.347676712769863,
        1.4841761825938047,
        2.5723072549212755,
        0.3588471199520505,
        1.5721186194459935,
        5.645051414807235,
        5.7832908560325835,
        4.730197253231615,
        4.0824419049556075,
        2.2898864403506147,
        3.0615286187205655,
        2.733295235087103,
        2.9133942346587474,
        0.286937880473228,
        6.021997768612584,
        3.7290089423504535,
        3.9244871248695583
      ]
    ],
    "vqe2_time": [
      2.8531858921051025,
      5.000115871429443,
      6.173877954483032
    ],
    "solution_vector": [
      0,
      0,
      0,
      0,
      1,
      1,
      1,
      1
    ],
    "solution_min_energy": -96.32022272554349,
    "solution_time": 0.021889209747314453,
    "matrix_size": 8,
    "qubo_matrix": [
      [
        -22.545464173921616,
        3.001991990747832,
        6.003983981495664,
        1.500995995373916,
        1.5009956495265744,
        3.0019912990531488,
        6.0039825981062975,
        1.5009956495265744
      ],
      [
        3.001991990747832,
        -42.0889363570954,
        12.007967962991328,
        3.001991990747832,
        3.0019912990531488,
        6.0039825981062975,
        12.007965196212595,
        3.0019912990531488
      ],
      [
        6.003983981495664,
        12.007967962991328,
        -72.16990475119947,
        6.003983981495664,
        6.0039825981062975,
        12.007965196212595,
        24.01593039242519,
        6.0039825981062975
      ],
      [
        1.500995995373916,
        3.001991990747832,
        6.003983981495664,
        -22.545464173921616,
        1.5009956495265744,
        3.0019912990531488,
        6.0039825981062975,
        1.5009956495265744
      ],
      [
        1.5009956495265744,
        3.0019912990531488,
        6.0039825981062975,
        1.5009956495265744,
        -22.547008259128525,
        3.001994405267311,
        6.003988810534622,
        1.5009972026336555
      ],
      [
        3.0019912990531488,
        6.0039825981062975,
        12.007965196212595,
        3.0019912990531488,
        3.001994405267311,
        -42.09202211298974,
        12.007977621069244,
        3.001994405267311
      ],
      [
        6.0039825981062975,
        12.007965196212595,
        24.01593039242519,
        6.0039825981062975,
        6.003988810534622,
        12.007977621069244,
        -72.17606660491023,
        6.003988810534622
      ],
      [
        1.5009956495265744,
        3.0019912990531488,
        6.0039825981062975,
        1.5009956495265744,
        1.5009972026336555,
        3.001994405267311,
        6.003988810534622,
        -22.547008259128525
      ]
    ],
    "ansatze": [
      "twolocal",
      "alternating_ry_rz",
      "random_circuit"
    ],
    "histories_energy": [
      [
        [
          -86.78468631473247,
          -86.64757049052855,
          -86.86937090153545,
          -81.22459908341796,
          -86.85577153131013,
          -85.15281090757068,
          -85.29685207024993,
          -82.87729976965126,
          -89.12104068874953,
          -88.26462864233918,
          -88.84552153277096,
          -88.06566634566578,
          -88.64733732301059,
          -88.21554754660848,
          -89.05258303420507,
          -88.87155461183656,
          -87.22100746346959,
          -88.7957218102606,
          -86.34458577683121,
          -84.98936700363008,
          -88.37494456714361,
          -88.53082516053324,
          -85.03997755883918,
          -86.00553173609478,
          -87.3948153176065,
          -88.00147122707196,
          -88.86301541524806,
          -88.64651721886051,
          -88.32203884994334,
          -88.3038065161989,
          -88.32215387521255,
          -87.8955675573539,
          -87.88072125870161,
          -89.71417937754546,
          -89.78757481905312,
          -90.24167299070452,
          -90.56965839292067,
          -90.099063962602,
          -90.48731602196379,
          -90.26329439421863,
          -90.03800614645196,
          -90.26102664068723,
          -89.84779099354222,
          -91.03355795895733,
          -90.77736883744059,
          -90.9202682345456,
          -90.72796618382908,
          -91.13761118241979,
          -90.6364218858054,
          -90.956485633102,
          -90.99181760358609,
          -90.95257811544417,
          -91.16232305632874,
          -90.87399279051253,
          -90.27097836301101,
          -90.84106505145263,
          -91.14946304363046,
          -90.859063759054,
          -90.8892286054605,
          -90.96675194643358,
          -91.53919760639107,
          -91.12556233345619,
          -91.28769433982805,
          -91.00999046881472,
          -91.42202452358893,
          -91.44046999842216,
          -91.18923300979034,
          -91.2709597539966,
          -91.07939010689324,
          -91.21572537863186,
          -91.18758454730626,
          -91.29543101028099,
          -91.7113153814831,
          -90.59784033538193,
          -91.03503657186836,
          -91.66717365577458,
          -90.84034719840022,
          -91.77849704118017,
          -91.86012851389681,
          -91.78267710696421
        ]
      ],
      [
        [
          -83.59143813925454,
          -81.90426804546547,
          -82.0130365858621,
          -85.93661029686116,
          -84.69639543344152,
          -85.17126712189538,
          -86.08261360170215,
          -83.98004949594086,
          -85.76156981139128,
          -85.14159368923434,
          -86.57556516632293,
          -82.97816059270909,
          -86.07091025846819,
          -86.98630319394348,
          -86.1066728758334,
          -83.05313930674345,
          -85.46351444296879,
          -85.98976305904135,
          -85.18335784079844,
          -86.6714620897438,
          -85.75303366006342,
          -85.76395422437359,
          -85.49247967609307,
          -86.85362921973748,
          -86.22996198536727,
          -86.00575562383577,
          -86.80945690464527,
          -86.02174121854252,
          -85.80144705753824,
          -85.39336787724653,
          -86.31953451689282,
          -86.21684485579587,
          -86.42656611482701,
          -86.51997059228653,
          -86.50374832316591,
          -86.55953593439392,
          -86.65476858251927,
          -86.0639814552731,
          -86.56549134566764,
          -87.42183146857485,
          -86.16631759435336,
