[
  {
    "vqe2_energy": [
      -94.85410680774986,
      -94.85562157164748,
      -96.32166609636755
    ],
    "vqe2_vector": [
      [
        0,
        0,
        1,
        0,
        1,
        0,
        1,
        0
      ],
      [
        0,
        1,
        0,
        1,
        0,
        1,
        1,
        0
      ],
      [
        1,
        0,
        1,
        0,
        0,
        1,
        0,
        1
      ]
    ],
    "vqe2_min_error": [
      1.531334970771725,
      1.529762484520436,
      0.00785213102164617
    ],
    "vqe2_params": [
      [
        5.751939881478975,
        1.5110927984077969,
        1.0478655895415896,
        6.597720092400337,
        0.19622807296604183,
        5.104560399088854,
        6.23495651354057,
        5.991925978859405,
        5.884137350155689,
        5.1631261885077135,
        4.4660372611124695,
        5.467849397854506,
        6.276987791573877,
        3.152103776525802,
        1.0862996416646822,
        1.1418901624857853,
        1.2519356477758987,
        1.8896550661109124,
        5.137168914709427,
        2.11424429048699,
        5.875413418082359,
        2.069400819534575,
        6.413385849849901,
        0.592116578144186,
        3.266984196568589,
        0.8720811132098825,
        4.014928790827526,
        5.6448545113072885,
        2.4164395959633067,
        5.315878150155699,
        4.657065867916923,
        6.0180138870699516
      ],
      [
        3.132515142774869,
        1.6577098179819973,
        5.004170456847065,
        3.715166472259705,
        6.801876768038126,
        6.170275642656831,
        2.996464694579392,
        4.623952222917419,
        3.567868146515284,
        5.435661694735064,
        6.9210220045594335,
        3.309504120789206,
        1.100202355001252,
        2.7928709052664797,
        3.3762131363689827,
        5.719439317588707,
        6.160577971267361,
        4.175801308582569,
        2.5213794367219466,
        6.654734003325457,
        4.349388165105128,
        2.703790129152963,
        3.7312574679992387,
        1.8989699890440008,
        7.20014434888942,
        3.2665700283290318,
        3.3105307815333327,
        3.664312406330587,
        5.70866640953071,
        5.584080400409682,
        4.292827752853747,
        2.5770635373959903,
        0.45210139207939953,
        1.7037491238254168,
        2.8045746159153433,
        2.231943312271976,
        1.062197423617008,
        2.2864632940766647,
        3.268583150886952,
        4.216271621940144,
        2.6259933834206737,
        1.2257261064476608,
        2.994659938272689,
        4.183836985319062,
        2.921257665896108,
        4.16792580604503,
        5.046516434606758,
        3.093819185387844
      ],
      [
        3.872546132243361,
        6.515168312347878,
        6.801155733792946,
        1.9482330222948667,
        3.2613288329476493,
        1.1016478145038373,
        3.4650649647154634,
        6.505875426990476,
        4.08810067884847,
        2.0189187722796365,
        4.744059414477892,
        4.9602047869303405,
        2.9945243748409007,
        1.3683260758842144,
        5.48392819697621,
        0.8082473192045514,
        1.4034328078858198,
        3.3901534620277407,
        2.1837359854034606,
        3.519807121671306,
        3.355598926022629,
        2.242834779735797,
        2.928203852522696,
        7.297867935654152,
        0.6038490678300891,
        5.023425447806329,
        5.541333567183748,
        3.2009633964910646,
        4.882573745229849,
        1.914082221175147,
        4.5208354073726085,
        4.000820059388152,
        4.486196910846823,
        0.8467310103533481,
        6.080503703723194,
        5.2211143907899356,
        1.391903164147464,
        0.8694077654318801,
        2.5098541298832964,
        0.4321935747218135,
        1.167692072654794,
        2.284933549181891,
        4.94297399762383,
        2.3155529566960613,
        1.8247116920707196,
        -0.02667100773305889,
        6.845090380261218,
        5.920043336809444,
        4.118190940806583,
        5.715076853440707,
        3.2092899541616937,
        1.0589457387133066,
        4.691412760574607,
        5.527936756911675,
        4.233899467710584,
        3.33100312260844,
        1.9400231242365515,
        2.7002222465187735,
        5.53234444723423,
        1.036864228122125,
        2.816862401080996,
        1.4706026713009361,
        2.960092982186008,
        4.728453626178321,
        0.04372624893407931,
        3.6678074597918666,
        5.752613524166401,
        3.794463784002783,
        4.405342682445305,
        0.9848460969217975,
        4.4502799852312425,
        2.0374423641075423
      ]
    ],
    "vqe2_time": [
      5.358205556869507,
      3.200873851776123,
      5.689554452896118
    ],
    "solution_vector": [
      0,
      0,
      0,
      0,
      1,
      1,
      1,
      1
    ],
    "solution_min_energy": -96.3292299937188,
    "solution_time": 0.023334503173828125,
    "matrix_size": 8,
    "qubo_matrix": [
      [
        -22.547599167788686,
        3.002277541395615,
        6.00455508279123,
        1.5011387706978074,
        1.5011377784841184,
        3.002275556968237,
        6.004551113936474,
        1.5011377784841184
      ],
      [
        3.002277541395615,
        -42.09292079418176,
        12.00911016558246,
        3.002277541395615,
        3.002275556968237,
        6.004551113936474,
        12.009102227872948,
        3.002275556968237
      ],
      [
        6.00455508279123,
        12.00911016558246,
        -72.17673142278105,
        6.00455508279123,
        6.004551113936474,
        12.009102227872948,
        24.018204455745895,
        6.004551113936474
      ],
      [
        1.5011387706978074,
        3.002277541395615,
        6.00455508279123,
        -22.547599167788686,
        1.5011377784841184,
        3.002275556968237,
        6.004551113936474,
        1.5011377784841184
      ],
      [
        1.5011377784841184,
        3.002275556968237,
        6.004551113936474,
        1.5011377784841184,
        -22.549142045735856,
        3.0022823704345734,
        6.004564740869147,
        1.5011411852172867
      ],
      [
        3.002275556968237,
        6.004551113936474,
        12.009102227872948,
        3.002275556968237,
        3.0022823704345734,
        -42.09600172103713,
        12.009129481738293,
        3.0022823704345734
      ],
      [
        6.004551113936474,
        12.009102227872948,
        24.018204455745895,
        6.004551113936474,
        6.004564740869147,
        12.009129481738293,
        -72.18287396033598,
        6.004564740869147
      ],
      [
        1.5011377784841184,
        3.002275556968237,
        6.004551113936474,
        1.5011377784841184,
        1.5011411852172867,
        3.0022823704345734,
        6.004564740869147,
        -22.549142045735856
      ]
    ],
    "ansatze": [
      "twolocal",
      "alternating_ry_rz",
      "random_circuit"
    ],
    "histories_energy": [
      [
        [
          -79.99477028498144,
          -77.40074013775876,
          -79.59278670698167,
          -80.70129286047418,
          -81.19995220693126,
          -78.13340965403897,
          -82.10363402061482,
          -83.44466472234454,
          -83.89823963304013,
          -82.92863891956362,
          -85.87542004488668,
          -88.96792254934853,
          -88.97683275953416,
          -89.15944193121035,
          -88.16773009779797,
          -89.05594318239685,
          -88.23770954794507,
          -88.54208814353635,
          -85.14892981435335,
          -87.00932548203122,
          -88.98148570633315,
          -89.11986701955784,
          -88.29716491528228,
          -89.43827291448758,
          -89.20774011494288,
          -89.17089062773503,
          -88.72502107792886,
          -89.24275529318251,
          -88.39123415173454,
          -88.88299684542436,
          -88.60033790531136,
          -89.2914866680646,
          -88.88701344785565,
          -87.03306809442684,
          -89.57871756599987,
          -88.48211813086151,
          -90.11324641166772,
          -87.74918637700826,
          -86.76154196982135,
          -88.0798995843251,
          -88.97202644817123,
          -89.3723444364279,
          -89.61764493435773,
          -88.19476309447757,
          -87.83613101979637,
          -88.83147736540253,
          -88.96434180085181,
          -89.76260293171521,
          -89.33998323429024,
          -90.97322649430352,
          -89.69577629686256,
          -91.15374395440001,
          -91.36378319231274,
          -90.42730403517369,
          -91.10638048437542,
          -90.96814019324847,
          -91.10778774099627,
          -91.92184431777797,
          -91.69674324206954,
          -91.59560249817497,
          -91.62408774028451,
          -91.89964460453888,
          -91.4906403801371,
          -91.71942347115385,
          -92.02470529516349,
          -91.90674215909208,
          -91.52137243577656,
          -91.98302362787146,
          -92.14730747546811,
          -91.76364825725355,
          -91.6726609596602,
          -91.97062325031531,
          -91.91075155746866,
          -92.01274551886581,
          -92.29080928876368,
          -92.22617657933125,
          -92.39726173612837,
          -92.55861459735723,
          -91.50986144541659,
          -92.4064500566812
        ]
      ],
      [
        [
          -80.67820544618814,
          -80.29054860522383,
          -81.02782449502969,
          -82.37481503952056,
          -82.6106869275163,
          -83.10658620466776,
          -83.31202139128646,
          -87.41952500232146,
          -85.89571787492848,
          -87.28145823121561,
          -88.23344509692316,
          -88.27529461313424,
          -88.12777509763191,
          -88.8693086726436,
          -79.14049388067336,
          -88.6747343042943,
          -88.6346636648181,
          -89.00231533433649,
          -89.15531581571118,
          -88.36556775072445,
          -89.42266473608902,
          -90.44641484293884,
          -89.27886643502626,
          -90.50069599815227,
          -91.34763598497682,
          -91.37247532429669,
          -91.08937513272984,
          -91.30272154659527,
          -91.0742065366585,
          -91.17449502625077,
          -91.61775921477415,
          -91.79158934629459,
          -91.91199555149112,
          -91.02991355787594,
          -91.5509412385892,
          -91.68240341510824,
          -91.12967587963716,
          -91.72891180498704,
          -90.92944596877076,
          -91.37688262532501,
          -91.38322694085345,
          -91.01562936062392,
          -91.41419563461419,
          -91.72854797015943,
          -91.09007524956378,
          -91.00982775471384,
          -90.96685694310023,
          -91.61380812593087,
          -91.86392434454154,
          -89.9629463743134,
          -90.87519796526101,
          -86.09813182217952,
          -92.83780342437828,
          -92.71930845647366,
          -93.12352389268214,
          -93.45227018743465,
          -92.96641447086554,
          -87.50833441702534,
          -93.78560592991082,
          -94.13357595694288,
          -93.8137634741678,
          -91.12004270217753,
          -93.88643115297758,
          -93.52158470703569,
          -93.36450965323645,
          -92.48859859850874,
          -93.9845184177461,
          -93.9833552242133,
          -92.6707027303709,
          -88.80633477660186,
          -93.48126872001181,
          -93.35759529039267,
          -93.86100177290865,
          -93.9222678963127,
          -94.00764404542375,
          -94.00696723612465,
          -93.97441101106091,
          -94.22250098414872,
          -93.92766459275308,
          -93.72238370268808
        ]
      ],
      [
        [
          -82.53423680886081,
          -83.68202598736164,
          -85.19594301618329,
          -85.6588581175212,
          -84.99020771156316,
          -86.39451739953239,
          -83.78043222313114,
          -85.30234920359574,
          -87.30800284173408,
          -84.17407958559113,
          -86.2929202774177,
          -87.35635462561294,
          -86.02383251985272,
          -86.39720501000224,
          -88.12150506672194,
          -82.5765987499972,
          -88.00224180709385,
          -86.41027997941646,
          -83.37204085183443,
          -86.47321124892828,
          -86.29155867408367,
          -87.32052203659333,
          -85.6767166478436,
          -88.83548608977641,
          -89.8492420396221,
          -89.39431779395743,
          -89.32552244897087,
          -89.3928234550356,
          -89.58546279023633,
          -89.28562968845941,
          -88.86260989448374,
          -89.51832334510752,
          -89.20333999636208,
          -89.19717391791305,
          -89.30222599015154,
          -88.90416041666857,
          -89.69529636816922,
          -88.70629623335691,
          -88.68226284445217,
          -89.30352500187364,
          -89.66391910654022,
          -89.54058578572307,
          -89.8364637392113,
          -89.38110766066542,
          -89.92858559465141,
          -89.8193994458227,
          -89.49715346981084,
          -90.05467271277094,
          -89.21283131613242,
          -89.56538509762545,
          -89.07981808760337,
          -89.3393966500444,
          -88.9420384715018,
          -88.80496512865639,
          -89.99149400658894,
          -89.28110081968964,
          -89.82307671303377,
          -89.6163795471685,
          -89.7465272999069,
          -89.74568790229505,
          -89.11453862013659,
          -90.21204781240577,
          -89.63581111823395,
          -89.13758177093108,
          -90.08659114908345,
          -88.74497617656523,
          -88.86111530613282,
          -89.19438020127973,
          -89.34657725894253,
          -89.60997883597987,
          -89.386939266565,
          -89.45028423482277,
          -89.48559668873952,
          -90.24182327750343,
          -90.95666695345736,
          -88.91420608552187,
          -91.96819955357245,
          -89.0128270695072,
          -90.88499718084459,
          -91.58074015382113
        ]
      ]
    ]
  },
  {
    "vqe2_energy": [
      -108.32944491508037,
      -113.88091954880719,
      -99.27698210027528
    ],
    "vqe2_vector": [
      [
        1,
        1,
        0,
        1,
        0,
        1,
        0,
        0
      ],
      [
        1,
        0,
        1,
        0,
        1,
        1,
        0,
        1
      ],
      [
        1,
        1,
        0,
        1,
        0,
        0,
        0,
        1
      ]
    ],
    "vqe2_min_error": [
      6.314863369552059,
      1.5138541890022839,
      14.14358635721139
    ],
    "vqe2_params": [
      [
        3.503113248115632,
        4.844759171622176,
        5.303726884966604,
        3.2934399514859627,
        4.47906408254308,
        3.6503009421251993,
        6.127614360623463,
        2.363919653647251,
        -0.5484404094988299,
        2.3170585109553024,
        5.289079494999865,
        1.9883466755159056,
        2.9677369617270206,
        5.137914095090738,
        4.476023520553696,
        3.729100964228432,
        2.875777525672675,
        1.201203909010245,
        2.566826654328519,
        4.635889392801012,
        1.2594549122648446,
        3.2589379457539995,
        2.8526219288842225,
        4.647133142006766,
        3.5553843352177497,
        3.927274541201252,
        3.7771200903055693,
        5.5143757511112765,
        5.975691698056908,
        1.2250040201366128,
        3.8954184916949934,
        1.8044762174686306
      ],
      [
        5.517000973275488,
        5.009949390885258,
        3.318277012121074,
        2.869487128941163,
        2.5040406830840674,
        2.624561821524668,
        6.164395361445216,
        2.4720005307230943,
        1.0511494087926843,
        5.094281682314941,
        1.0662680848501267,
        0.7092118971149874,
        -0.022514672848981773,
        0.0037275462960568717,
        4.001775458590307,
        1.2845100128796845,
        3.1937825940622737,
        4.409972139866114,
        5.646237431316874,
        0.8444019668789543,
        2.852195676244058,
        0.2020803129373453,
        3.3336166348193554,
        5.618342113618478,
        6.054125541531185,
        1.6492361103850517,
        2.4837928284306425,
        4.157554634208044,
        0.7165260839651725,
        4.243714487778576,
        3.8829356968565802,
        5.500129630120477,
        3.2932524422570846,
        1.626859326147952,
        5.245036517732215,
        1.3994941905694596,
        2.6807740520649705,
        3.855381434054302,
        0.6449609855015263,
        4.640033111942668,
        5.808220825349148,
        4.792547493443982,
        0.3652634188581828,
        5.99837684157604,
        2.9708737739411104,
        4.049409736983327,
        1.411128574779281,
        4.403246021733556
      ],
      [
        4.343861255680893,
        5.067621386232293,
        3.367710834802934,
        3.462957883250862,
        1.8707791723314398,
        1.252668432784053,
        1.3795919812182371,
        1.11574596050909,
        0.6430564923829313,
        2.829871691464777,
        2.9731180511912534,
        4.09050657003823,
        6.841440068078478,
        2.652247930558478,
        5.41540702222796,
        5.693830086734147,
        2.7582598996570957,
        3.0904499059813673,
        5.531531484265784,
        3.8666662963071183,
        4.993502101511964,
        3.9245258540615193,
        7.0961445510003065,
        3.329413220210427,
        6.679021033815568,
        3.169207332610387,
        5.545100547768124,
        4.987546279583991,
        4.662733494074263,
        6.10276048367504,
        5.655933311885839,
        3.1826033618944374,
        1.786100687068334,
        3.6789559201827235,
        5.22933843480858,
        5.354891678408898,
        4.308305977663951,
        0.01566800759058881,
        3.6863088738330982,
        1.4311168607214158,
        1.3378435197184007,
        1.6519739123147306,
        5.8654961637702545,
        4.681119360428033,
        0.6785116592818337,
        1.6307085657944451,
        5.718556205156776,
        1.3445667577315958,
        0.09982225012712286,
        0.9551332293344084,
        5.790888877366739,
        1.1588272384157554,
        1.9135051795313598,
        1.3798967178779566,
        0.7926631802551356,
        1.7552278726800994,
        0.5946960982559827,
        1.6291718363401406,
        2.960286842449013,
        3.4414053615558946,
        5.306626805695849,
        0.16367960293144515,
        4.118988951572618,
        2.4349050386552227,
        1.4702957186404744,
        3.0315812970439846,
        6.165047307780571,
        5.32133234039569,
        6.1352883621615995,
        5.897396454394412,
        2.9693472226513795,
        4.1760403209628
      ]
    ],
    "vqe2_time": [
      4.701427221298218,
      6.128695726394653,
      9.142557859420776
    ],
    "solution_vector": [
      0,
      0,
      1,
      0,
      0,
      0,
      1,
      0
    ],
    "solution_min_energy": -115.63141050047099,
    "solution_time": 0.021745681762695312,
    "matrix_size": 8,
    "qubo_matrix": [
      [
        -27.057355929567265,
        3.6009818523675765,
        7.201963704735153,
        1.8004909261837883,
        1.8004899339700993,
        3.6009798679401985,
        7.201959735880397,
        1.8004899339700993
      ],
      [
        3.6009818523675765,
        -50.51373000676695,
        14.403927409470306,
        3.6009818523675765,
        3.6009798679401985,
        7.201959735880397,
        14.403919471760794,
        3.6009798679401985
      ],
      [
        7.201963704735153,
        14.403927409470306,
        -86.6235326040636,
        7.201963704735153,
        7.201959735880397,
        14.403919471760794,
        28.80783894352159,
        7.201959735880397
      ],
      [
        1.8004909261837883,
        3.6009818523675765,
        7.201963704735153,
        -27.057355929567265,
        1.8004899339700993,
        3.6009798679401985,
        7.201959735880397,
        1.8004899339700993
      ],
      [
        1.8004899339700993,
        3.6009798679401985,
        7.201959735880397,
        1.8004899339700993,
        -27.05736896797245,
        3.600986681406535,
        7.20197336281307,
        1.8004933407032675
      ],
      [
        3.6009798679401985,
        7.201959735880397,
        14.403919471760794,
        3.6009798679401985,
        3.600986681406535,
        -50.51375125453836,
        14.40394672562614,
        3.600986681406535
      ],
      [
        7.201959735880397,
        14.403919471760794,
        28.80783894352159,
        7.201959735880397,
        7.20197336281307,
        14.40394672562614,
        -86.62355578345058,
        7.20197336281307
      ],
      [
        1.8004899339700993,
        3.6009798679401985,
        7.201959735880397,
        1.8004899339700993,
        1.8004933407032675,
        3.600986681406535,
        7.20197336281307,
        -27.05736896797245
      ]
    ],
    "ansatze": [
      "twolocal",
      "alternating_ry_rz",
      "random_circuit"
    ],
    "histories_energy": [
      [
        [
          -91.96058615919387,
          -84.88396569845189,
          -91.01744249250454,
          -91.40849486867587,
          -87.76527110817536,
          -89.0552360957266,
          -83.52271707242976,
          -89.88073808036657,
          -92.11619007462164,
          -91.59865939510037,
          -91.1182484440737,
          -92.10940667204727,
          -93.65839162211903,
          -94.73996160286028,
          -92.2886257589131,
          -95.79658209654592,
          -95.56513550384429,
          -94.71634175441858,
          -91.45371206412308,
          -94.57903176131205,
          -95.49889249253856,
          -93.6110943750258,
          -87.51097628317484,
          -94.51223799793529,
          -92.50673522672653,
          -93.42676865373733,
          -94.679332050418,
          -94.8712762861852,
          -94.17241718941028,
          -95.58363700710453,
          -95.28566977817758,
          -94.15119086611652,
          -94.92595956404445,
          -100.46478062417252,
          -100.48423453074561,
          -101.29628643961661,
          -98.42543656563763,
          -97.74604829546058,
          -102.02971262479217,
          -101.43894528079406,
          -101.99554507022675,
          -101.39965306966579,
          -100.89635504801834,
          -101.24555936036833,
          -101.13880331218215,
          -102.83193197645518,
          -104.07832482113383,
          -103.10845235629137,
          -103.16291450513565,
          -103.17174754984146,
          -105.66136690525441,
          -104.86048308971286,
          -104.70293703088583,
          -104.83225013207232,
          -105.01218721498586,
          -104.54744981237526,
          -104.93733102802092,
          -105.5626161777037,
          -105.19740660791126,
          -105.32799669942837,
          -105.12988961658509,
          -105.66609043062368,
          -105.48009500377164,
          -105.28515077569854,
          -105.9483273984159,
          -106.34982720504101,
          -100.41196885510736,
          -105.93643360831356,
          -104.05086139238311,
          -105.76727607983949,
          -106.30370483008141,
          -105.02879081619537,
          -104.10529024350863,
          -104.04664820151356,
          -106.68830336636759,
          -107.311302972247,
          -108.54887446650419,
          -109.66757085099808,
          -108.82806429947128,
          -108.66935403806443
        ]
      ],
      [
        [
          -91.13775145286782,
          -93.35362688413362,
          -91.9408086886471,
          -97.36709656285478,
          -96.1801627740241,
          -95.90936916495359,
          -98.22832839397469,
          -97.98265157903134,
          -98.3282424853744,
          -97.1008628425884,
          -99.08472050392355,
          -98.02715916128219,
          -98.50495614260659,
          -97.90789479593228,
          -94.39668321078386,
          -95.85332667645653,
          -98.17742342053171,
          -97.11173849713678,
          -99.11447209829622,
          -100.73863065494467,
          -100.68605819287876,
          -99.35097377786886,
          -89.04258546374274,
          -100.52718533558944,
          -98.7144178611622,
          -100.62543304070795,
          -100.76947206468482,
          -99.49696313068694,
          -100.81126382112862,
          -99.91351669853701,
          -98.5331412305478,
          -100.29684389740046,
          -100.17886618352316,
          -99.84116659889693,
          -99.7296914173992,
          -100.63727102158373,
          -100.47755962670692,
          -100.84782908839514,
          -100.56380722414588,
          -99.74858590402161,
          -99.28768081122398,
          -100.92212501536355,
          -100.25627731915816,
          -98.89107557071837,
          -100.80053550678201,
          -100.8407151320431,
          -100.07895078899367,
          -100.10407244804736,
          -100.19970893710567,
          -108.10284690844601,
          -105.81534120610547,
          -110.87021923502282,
          -107.23722494904443,
          -109.96524746438911,
          -109.69368167932777,
          -110.28489494568322,
          -105.5656727781025,
          -109.44015647712098,
          -108.91780550770896,
          -110.8382648634468,
          -109.06655159072511,
          -110.54479538681647,
          -110.7649142926824,
          -109.7553595066323,
          -107.17700143260805,
          -111.67277190544081,
          -110.27005562630882,
          -107.95113549215053,
          -111.115675963528,
          -110.68433951402709,
          -108.88940800119025,
          -110.22526867889816,
          -112.40430401026754,
          -110.85509706468517,
          -111.11611784632773,
          -112.33756257077219,
          -111.82353538788651,
          -112.12578147329889,
          -111.52117625283576,
          -112.05115152578172
        ]
      ],
      [
        [
          -77.73911491996078,
          -83.69968005867076,
          -89.81400869151173,
          -87.24492317813426,
          -91.2875144987639,
          -90.8366110454335,
          -94.57334261395222,
          -93.58480394277225,
          -94.03675208079078,
          -93.34367889867644,
          -91.55490235493049,
          -92.85882114893107,
          -95.16272254380496,
          -97.25274414985833,
          -92.43943199152645,
          -96.47020490786213,
          -97.75932437973515,
          -95.44847577002247,
          -92.9148453892087,
          -96.05275710502568,
          -97.52448515107352,
          -97.38183021363632,
          -96.74932945918448,
          -98.01234104770056,
          -97.80111174985842,
          -98.22911967829063,
          -97.07413815042253,
          -97.26646718503885,
          -97.65651795045831,
          -99.30468898898502,
          -98.24973593907568,
          -98.40338821263781,
          -97.40656213994129,
          -98.49774931444381,
          -98.84589888628884,
          -96.3332720898131,
          -98.21739477468941,
          -96.59717451824719,
          -97.38622450165207,
          -97.86074271606293,
          -97.10681415903879,
          -98.04407022754394,
          -98.59021873427949,
          -99.2118307225015,
          -98.50413962244976,
          -98.52686622528834,
          -97.91036664893653,
          -98.5014149481672,
          -97.22512516684131,
          -98.2114490612129,
          -98.9509809462502,
          -95.94583326126458,
          -98.15215420858362,
          -98.32203269668491,
          -98.49402584340834,
          -98.06685419873057,
          -99.44339456857968,
          -96.81095624815944,
          -99.1039702035261,
          -99.00194181203562,
          -97.45391030539115,
          -98.4562910564297,
          -97.94165277466735,
          -99.0681247528752,
          -97.80444785517231,
          -97.58094123311658,
          -97.49630910735924,
          -97.16266597950514,
          -98.5769343906117,
          -98.36487885086706,
          -97.67541414945423,
          -97.56321585369562,
          -98.40344468689305,
          -98.73714441638533,
          -95.37768169790345,
          -92.3210691885445,
          -95.14333691470482,
          -96.81011393882461,
          -97.6604663135979,
          -95.85725434679586
        ]
      ]
    ]
  },
  {
    "vqe2_energy": [
      -116.96319647162527,
      -116.96471804898923,
      -109.57759029877187
    ],
    "vqe2_vector": [
      [
        1,
        1,
        0,
        1,
        0,
        0,
        1,
        0
      ],
      [
        1,
        1,
        0,
        0,
        1,
        0,
        1,
        0
      ],
      [
        1,
        0,
        0,
        1,
        0,
        0,
        1,
        0
      ]
    ],
    "vqe2_min_error": [
      0.005158213056455363,
      0.003857377474281165,
      6.319302687846962
    ],
    "vqe2_params": [
      [
        1.0165524727406592,
        3.343958928615719,
        2.126408815239439,
        2.9247462954981507,
        3.286079143568571,
        3.8244032969358646,
        6.336675529584672,
        3.1349995287807024,
        3.6781717223246866,
        -0.028172098767904934,
        0.3015583436077978,
        3.5759006666270503,
        3.834292674020357,
        0.14421049748060863,
        2.6158877400772114,
        3.372449337309683,
        4.652958395174325,
        6.620370793137422,
        4.1246821116150345,
        3.4914864215263064,
        5.759145369814169,
        4.04011603814838,
        2.2156932088709236,
        5.348830595793174,
        0.7922381992932386,
        5.741419821113196,
        2.4615833388220003,
        0.35126589521302837,
        5.238625268135544,
        1.576492874211341,
        3.919789147707647,
        4.24566844741638
      ],
      [
        4.811965381185612,
        3.2126123847069388,
        6.04152429156425,
        2.4710289177240417,
        3.5229844170930407,
        1.755430775268534,
        6.129292600837528,
        3.3225000284179083,
        0.27040349863093427,
        6.207651402530202,
        6.021424190261161,
        2.8668559858607576,
        5.550567986886932,
        1.5227954754762927,
        3.1452985295847506,
        0.020347161980826957,
        1.2578092047769784,
        1.4266423749132697,
        6.547731309556572,
        4.09366502670935,
        2.4357518329028225,
        3.5392389470554084,
        5.620674758077544,
        1.4215345540755013,
        3.3135330167183823,
        5.9500834450571185,
        3.106446025304387,
        0.8157956116693863,
        5.032231291098314,
        2.636487949864042,
        2.519833034872908,
        5.42889647117694,
        1.7456838923592282,
        5.539349658383861,
        1.162083066281887,
        2.588348591043399,
        0.11566628665439091,
        0.6839747305163358,
        4.325216466783464,
        0.024427227792138573,
        2.5765222484131125,
        6.16236677734003,
        2.8025276985221073,
        3.776378235043768,
        4.069760318769393,
        0.39514202578089314,
        3.4513849317495016,
        3.0216410607576716
      ],
      [
        5.689743297157295,
        5.323208781963973,
        4.960059497894202,
        0.15780073141015932,
        3.094653760155837,
        6.603489184102107,
        1.392419786227526,
        1.6398427135238076,
        6.3436518357846925,
        0.27361445634793674,
        1.4649759357965197,
        2.5324933242744683,
        4.26876483675562,
        0.005792457332573463,
        2.4642044323850003,
        0.3731345088071698,
        2.986830633087344,
        5.173652210041472,
        3.973729171157669,
        4.193708907770323,
        1.0976439380361551,
        3.900817430094012,
        4.594459578011043,
        2.2918417350649047,
        4.972129149617898,
        2.629427842261973,
        5.8562149401962635,
        4.583363307120844,
        3.8817356128151768,
        2.5920855287059315,
        1.3395947457806092,
        0.003082558444942589,
        1.7964035541932266,
        2.5412395612069023,
        1.233534514163075,
        1.9177853442342188,
        4.60622901954742,
        6.193679718425253,
        3.142475828677991,
        4.909232717720459,
        0.803801472495033,
        5.198260699124121,
        1.8137403751675913,
        0.3525826270771753,
        1.5201440359482488,
        4.485325769322313,
        7.2110277693421985,
        2.8866324699870196,
        5.384639289462367,
        5.5128304413108795,
        6.406504688793876,
        3.638957929699179,
        5.340172608376683,
        4.852277205337975,
        2.323400075715444,
        4.302856865485811,
        3.0387338511655275,
        0.6013262527125708,
        4.489364153860023,
        5.218130800881828,
        4.926983386409569,
        4.904540288640779,
        4.109674747003319,
        3.3560190066299347,
        3.3617743781387643,
        3.6944986842286074,
        2.7480611325769835,
        6.986911191333806,
        2.1258704606873238,
        0.9472434472886497,
        5.8872920608695685,
        0.8056270924193483
      ]
    ],
    "vqe2_time": [
      4.440465211868286,
      5.372115850448608,
      7.030138731002808
    ],
    "solution_vector": [
      0,
      0,
      0,
      0,
      1,
      1,
      1,
      1
    ],
    "solution_min_energy": -116.96922999371884,
    "solution_time": 0.021268367767333984,
    "matrix_size": 8,
    "qubo_matrix": [
      [
        -27.367599167788686,
        3.6422775413956154,
        7.284555082791231,
        1.8211387706978077,
        1.8211377784841185,
        3.642275556968237,
        7.284551113936474,
        1.8211377784841185
      ],
      [
        3.6422775413956154,
        -51.09292079418176,
        14.569110165582462,
        3.6422775413956154,
        3.642275556968237,
        7.284551113936474,
        14.569102227872948,
        3.642275556968237
      ],
      [
        7.284555082791231,
        14.569110165582462,
        -87.61673142278106,
        7.284555082791231,
        7.284551113936474,
        14.569102227872948,
        29.138204455745896,
        7.284551113936474
      ],
      [
        1.8211387706978077,
        3.6422775413956154,
        7.284555082791231,
        -27.367599167788686,
        1.8211377784841185,
        3.642275556968237,
        7.284551113936474,
        1.8211377784841185
      ],
      [
        1.8211377784841185,
        3.642275556968237,
        7.284551113936474,
        1.8211377784841185,
        -27.36914204573586,
        3.6422823704345735,
        7.284564740869147,
        1.8211411852172867
      ],
      [
        3.642275556968237,
        7.284551113936474,
        14.569102227872948,
        3.642275556968237,
        3.6422823704345735,
        -51.09600172103714,
        14.569129481738294,
        3.6422823704345735
      ],
      [
        7.284551113936474,
        14.569102227872948,
        29.138204455745896,
        7.284551113936474,
        7.284564740869147,
        14.569129481738294,
        -87.622873960336,
        7.284564740869147
      ],
      [
        1.8211377784841185,
        3.642275556968237,
        7.284551113936474,
        1.8211377784841185,
        1.8211411852172867,
        3.6422823704345735,
        7.284564740869147,
        -27.36914204573586
      ]
    ],
    "ansatze": [
      "twolocal",
      "alternating_ry_rz",
      "random_circuit"
    ],
    "histories_energy": [
      [
        [
          -100.41128301803248,
          -102.23808695613359,
          -102.41282466139792,
          -102.59860145152487,
          -103.59762508653289,
          -102.81033066920185,
          -102.7570973662255,
          -102.08124309792356,
          -102.70169705476675,
          -103.13829958880774,
          -103.53708882943253,
          -102.93217242927498,
          -104.1115647127336,
          -104.7838649954812,
          -104.0270303476201,
          -103.22533760965504,
          -104.44534575581127,
          -104.5594733320848,
          -107.18748734971803,
          -107.08594032533868,
          -107.94353174391165,
          -106.94788467755826,
          -104.09562602922756,
          -108.164896915884,
          -106.97890455877605,
          -107.53045076476027,
          -108.5730542262676,
          -109.01710636543713,
          -108.14383517459561,
          -107.64875744335413,
          -109.93885261707321,
          -108.73807405755657,
          -108.26194730045378,
          -109.26087032230481,
          -108.13665573777475,
          -108.02421904674571,
          -108.05520413809559,
          -104.20201591720755,
          -107.09836624950573,
          -108.07154827160622,
          -107.95837069470943,
          -107.81834830810024,
          -108.39261687489312,
          -106.89955880176832,
          -108.87381735358917,
          -109.21351036814092,
          -110.2342533116894,
          -105.05446004035058,
          -110.37674038166871,
          -110.10991404627958,
          -110.12848878390119,
          -109.81537317282633,
          -110.00618957340608,
          -110.14107261971118,
          -110.64056207320273,
          -105.61884587398163,
          -110.09441751573402,
          -110.84504019267965,
          -111.17600791414456,
          -111.1350964752479,
          -111.2919139300281,
          -111.37661962206859,
          -112.4172213449302,
          -107.92443804056286,
          -112.25738002292697,
          -111.0341276845457,
          -112.3473532204799,
          -109.90747302451338,
          -110.6206569703403,
          -106.91031574217871,
          -111.86804604723247,
          -112.96635359349513,
          -112.3990216088046,
          -111.73330393111667,
          -112.5241866485628,
          -107.3030807775881,
          -111.89253500507853,
          -113.0420491406759,
          -113.36264515732016,
          -112.08260032111426
        ]
      ],
      [
        [
          -93.80087766645471,
          -93.68419220999468,
          -94.2362317777027,
          -92.4152400606715,
          -94.43113345479118,
          -96.63890150497976,
          -98.9160964949888,
          -98.03442927212765,
          -98.41084944524961,
          -96.77182855666206,
          -97.5990449306474,
          -100.51949583210344,
          -99.08666069227557,
          -98.02191930329252,
          -98.24305160098504,
          -99.98395166778937,
          -99.77609806568726,
          -98.57647107506861,
          -98.61417127468876,
          -101.13832433032438,
          -98.9533368505739,
          -99.78117049611902,
          -99.39525952992386,
          -100.59143761562395,
          -99.80110715363266,
          -100.29476874560858,
          -99.68390851477038,
          -100.50247958282276,
          -100.18599471101197,
          -99.44697648365059,
          -100.04215817742089,
          -98.89393970178402,
          -100.56189842484483,
          -99.89151512528156,
          -99.13027054576729,
          -100.22292522895683,
          -100.70585346303834,
          -100.4104755756039,
          -100.2105866971779,
          -100.19708306431721,
          -99.84819385288111,
          -100.52569172019136,
          -99.35752272545902,
          -99.94435608181526,
