[
  {
    "vqe2_energy": [
      -115.39341986982589,
      -115.30072183125213,
      -115.39771532690513
    ],
    "vqe2_vector": [
      [
        1,
        1,
        1,
        1,
        0,
        0,
        0,
        1
      ],
      [
        0,
        0,
        0,
        0,
        1,
        1,
        1,
        0
      ],
      [
        1,
        0,
        1,
        0,
        1,
        1,
        0,
        1
      ]
    ],
    "vqe2_min_error": [
      1.5218899277822162,
      1.6009995308812752,
      1.5182241338787428
    ],
    "vqe2_params": [
      [
        6.039381509180331,
        3.3415195901084322,
        -0.20714967676025584,
        5.477578214209907,
        3.4091178248602914,
        6.1336041967761235,
        6.615648061452468,
        6.002988423849463,
        4.16876011155543,
        2.809265988936606,
        1.5538413564619908,
        2.534287196388408,
        2.3752211587462164,
        1.9636588142139242,
        1.0765138909406016,
        1.497438873601069,
        3.959956054548135,
        3.4090271462409034,
        5.894904192690371,
        1.4642834340417126,
        0.9827105811556618,
        3.368584280915556,
        3.2856684780108143,
        4.370374352440392,
        4.474767567369472,
        5.1708207553375285,
        1.3830078629403022,
        3.3548117451408053,
        3.949903356672553,
        6.281302114554671,
        1.648429455842116,
        4.030658771976897
      ],
      [
        5.228736960239919,
        6.150353044003946,
        1.5397292300320107,
        5.230782455084953,
        3.475079363689772,
        1.093578207688552,
        2.1423399319046474,
        1.6917508279218205,
        4.655730007694777,
        0.02911302042300329,
        5.354397502977216,
        1.9076727232619732,
        4.049954577504101,
        3.0659615752535343,
        1.6613528278497647,
        1.9161025893495722,
        4.837555228722365,
        3.1568377614124064,
        4.085429301110751,
        0.10800362790864895,
        5.644400979480692,
        2.490909066677775,
        0.8733077355891031,
        6.113440644156614,
        5.768134338704647,
        0.45639728001255553,
        6.093938127416459,
        0.1869457553947452,
        4.446395492320492,
        2.352303345783101,
        0.49783989978279264,
        4.884926280942457,
        2.432724281686729,
        2.4343682508239666,
        4.315145072200027,
        4.961501676525418,
        5.842455978270197,
        4.431616855384374,
        4.216765528210998,
        3.049542218420685,
        1.127841981992651,
        5.056107458253963,
        2.337341916248151,
        5.860733882843723,
        1.344447357557446,
        3.222083538250189,
        2.5672390833458,
        -0.01685277209325251
      ],
      [
        2.897504156900739,
        3.0298161804861117,
        0.9305109930382718,
        0.7574328893382463,
        3.1090718095931584,
        3.4506311926489652,
        4.811698917118486,
        4.489625993577104,
        5.097919339152433,
        2.3612004489347673,
        2.883631474272794,
        0.6315008970157444,
        4.810009960010991,
        4.745623456052165,
        0.2914412372459811,
        3.054203413534671,
        1.3454724652132561,
        0.11326740758531237,
        1.4751624597253785,
        1.0231368000266212,
        0.8580037980802426,
        0.19191702174862652,
        2.1526392354774755,
        1.0462371153107508,
        1.4354873954992033,
        5.969424207790117,
        1.4229431399701689,
        5.034731462571681,
        2.7870497091056223,
        4.158980163814133,
        6.149034021308261,
        1.3489561848539582,
        1.017931279462881,
        4.622272859628011,
        2.485325690893617,
        3.434818750356361,
        5.297696500004445,
        4.763245524898153,
        3.618329308578751,
        2.4665215245105374,
        2.5077205093382324,
        3.42074836915545,
        5.568303437885683,
        3.8035157228251344,
        3.732779018857489,
        1.621685226127735,
        4.2448967707223195,
        0.08842161214143587,
        2.1636951749092876,
        0.2050836564979916,
        4.054769699710782,
        0.8638334786095183,
        5.850622452358466,
        3.9568774452910698,
        1.4783040579977762,
        1.56402054034393,
        1.0283313324752748,
        5.8896322284725615,
        2.754921953860422,
        1.1176576450788374,
        2.9948267001244058,
        4.7378247626779935,
        2.8244333269519637,
        4.13798152270641,
        5.7384970189962985,
        2.636697865900013,
        1.416927881038089,
        0.7464657141576504,
        2.4429225054405412,
        1.3146993178100186,
        2.600708764894915,
        0.47611060042732606
      ]
    ],
    "vqe2_time": [
      3.70001482963562,
      4.964339971542358,
      6.602979421615601
    ],
    "solution_vector": [
      0,
      0,
      0,
      0,
      1,
      1,
      1,
      1
    ],
    "solution_min_energy": -117.1767205780081,
    "solution_time": 0.023694753646850586,
    "matrix_size": 8,
    "qubo_matrix": [
      [
        -27.41666025047418,
        3.64883494546614,
        7.29766989093228,
        1.82441747273307,
        1.8244165661663556,
        3.6488331323327112,
        7.2976662646654225,
        1.8244165661663556
      ],
      [
        3.64883494546614,
        -51.184485555482226,
        14.59533978186456,
        3.64883494546614,
        3.6488331323327112,
        7.2976662646654225,
        14.595332529330845,
        3.6488331323327112
      ],
      [
        7.29766989093228,
        14.59533978186456,
        -87.77363132909989,
        7.29766989093228,
        7.2976662646654225,
        14.595332529330845,
        29.19066505866169,
        7.2976662646654225
      ],
      [
        1.82441747273307,
        3.64883494546614,
        7.29766989093228,
        -27.41666025047418,
        1.8244165661663556,
        3.6488331323327112,
        7.2976662646654225,
        1.8244165661663556
      ],
      [
        1.8244165661663556,
        3.6488331323327112,
        7.2976662646654225,
        1.8244165661663556,
        -27.418181397746043,
        3.6488832358557226,
        7.297766471711445,
        1.8244416179278613
      ],
      [
        3.6488331323327112,
        7.2976662646654225,
        14.595332529330845,
        3.6488331323327112,
        3.6488832358557226,
        -51.18747955963636,
        14.59553294342289,
        3.6488832358557226
      ],
      [
        7.2976662646654225,
        14.595332529330845,
        29.19066505866169,
        7.2976662646654225,
        7.297766471711445,
        14.59553294342289,
        -87.77942617584984,
        7.297766471711445
      ],
      [
        1.8244165661663556,
        3.6488331323327112,
        7.2976662646654225,
        1.8244165661663556,
        1.8244416179278613,
        3.6488832358557226,
        7.297766471711445,
        -27.418181397746043
      ]
    ],
    "ansatze": [
      "twolocal",
      "alternating_ry_rz",
      "random_circuit"
    ],
    "histories_energy": [
      [
        [
          -104.82698829949925,
          -107.57883049027272,
          -105.91611869247504,
          -95.76415042863937,
          -107.48379338795743,
          -107.30003187950273,
          -105.45014929388856,
          -108.53395609851697,
          -109.8798939156975,
          -108.79377961026738,
          -108.44668455801305,
          -109.21402594387476,
          -109.05880672352444,
          -108.36549289318471,
          -108.2775567432497,
          -109.22529342866537,
          -109.26611703768019,
          -108.88641516190276,
          -97.31365962601501,
          -107.39870670391988,
          -107.70501554398025,
          -109.418733759834,
          -103.41510531294531,
          -108.17141473070376,
          -109.46640098895489,
          -108.32882297393503,
          -108.4738030073718,
          -108.94277023722634,
          -109.42506924610424,
          -107.94687128005772,
          -108.16619502920943,
          -108.65252190253385,
          -109.09693621199983,
          -111.21494795456255,
          -111.0203652093763,
          -109.8390149693857,
          -110.86220031142537,
          -111.24070564918458,
          -106.82936121693214,
          -110.8783640579152,
          -111.8250115594728,
          -110.40529375403685,
          -111.26254496879997,
          -111.88320458153652,
          -111.75870073985597,
          -111.81987657849032,
          -113.18602956411316,
          -112.45859294871389,
          -112.87892086554726,
          -112.39287052923248,
          -112.6595465044613,
          -112.49729786872624,
          -112.75821672765439,
          -113.01217678817385,
          -113.25764234754163,
          -112.91189002023765,
          -112.06771000547334,
          -112.71290682011437,
          -112.6019490153318,
          -112.50497760947907,
          -112.52685087878277,
          -112.98133068217703,
          -112.28619720312989,
          -112.44769051183451,
          -112.9850797767056,
          -112.99353037125505,
          -111.51204183555446,
          -112.62142687095536,
          -112.6846687334039,
          -110.64038573066516,
          -111.7515645382364,
          -112.24738572404969,
          -113.97551793453661,
          -114.11427831529487,
          -113.84612450719675,
          -114.05708900261233,
          -114.19970089039938,
          -114.39196710722628,
          -114.64821038615764,
          -113.68078993922998
        ]
      ],
      [
        [
          -101.27436011724842,
          -99.67930107027067,
          -102.57059663280438,
          -102.4293375626335,
          -102.4372627541315,
          -105.02513454978958,
          -99.34547561837661,
          -104.21887721264564,
          -103.16834600651113,
          -103.13759538892508,
          -98.45650937514374,
          -104.05673471388867,
          -102.11336404192934,
          -102.62024140659675,
          -94.67676523938006,
          -105.12926551031158,
          -107.19674299247322,
          -106.31620763400164,
          -105.68524543159765,
          -102.39835140225175,
          -106.10428153968009,
          -105.38838095874127,
          -104.3643889151811,
          -106.73049858231468,
          -105.70592320768915,
          -106.18095468310672,
          -106.26752470470363,
          -106.37980264385054,
          -105.98039824373434,
          -105.93536700196927,
          -105.79728161338106,
          -105.39490267830396,
          -105.22915717918045,
          -106.31854028237191,
          -106.09407362148804,
          -106.83179539150687,
          -106.13330414792225,
          -105.7014698993194,
          -106.38484133574664,
          -106.25705534478473,
          -105.98340349895128,
          -106.66778282434171,
          -105.4954384524599,
          -106.51543405999347,
          -106.43995152047461,
          -105.43476093794312,
          -105.35232935470951,
          -106.70514648814337,
          -106.813962247726,
          -109.47178911335104,
          -103.80335732409031,
          -108.51111475461245,
          -100.89258882346127,
          -109.94449453047305,
          -104.2467210566167,
          -108.94608966070196,
          -111.52066891911886,
          -109.96990198972856,
          -110.1845417660862,
          -110.6174019524908,
          -110.8124143512539,
          -109.23203385551888,
          -109.57602315366344,
          -109.69414796061002,
          -112.06023275341742,
          -109.69121506126295,
          -108.9270537975284,
          -111.94856627873749,
          -112.18892758354812,
          -111.82886442280412,
          -112.23755099798207,
          -112.5216195217217,
          -112.28772720955861,
          -112.01003081639894,
          -106.85766750941717,
          -112.38737777436683,
          -112.39989615702635,
          -112.68328072615677,
          -112.80529178503787,
          -112.27403821260263
        ]
      ],
      [
        [
          -104.75138780402881,
          -102.23383313438154,
          -105.9301824428299,
          -104.62209170991052,
          -103.9946226296415,
          -104.91821862175975,
          -100.46007067290093,
          -101.76902546547333,
          -106.99413317523646,
          -105.50296175321739,
          -106.88629953565973,
          -104.80300914099199,
          -102.1208501047858,
          -105.23547286082301,
          -104.97704958614251,
          -102.64490072710814,
          -101.80444035400876,
          -106.86876970627111,
          -102.4927506305786,
          -105.89233283335025,
          -106.39098858866974,
          -106.2392322791287,
          -102.18712827553543,
          -109.24384682849544,
          -109.47516408420908,
          -109.88752432112427,
          -109.77760212927083,
          -110.24276946688316,
          -109.53547508391514,
          -109.52961935780003,
          -108.57919037433581,
          -109.46030380109521,
          -110.21098881528631,
          -109.9158384707623,
          -109.75441404931043,
          -109.36202209476527,
          -109.61535340415571,
          -109.56677197032408,
          -110.42466425254176,
          -110.12011541331898,
          -110.0008388457234,
          -109.74251705101729,
          -109.42069915159384,
          -110.36113037700804,
          -109.58654878525985,
          -110.1503569977215,
          -109.83508512278394,
          -110.00308123514966,
          -109.64062860798306,
          -109.74800270937149,
          -109.7439692101269,
          -109.96745488363234,
          -109.30970754277578,
          -109.6762524022487,
          -109.12154512910945,
          -109.25801269192498,
          -109.65211866411248,
          -109.56928686069236,
          -109.0683500381812,
          -109.95762181250052,
          -109.84685838398183,
          -109.87858353323566,
          -109.5445994642896,
          -109.92107890738154,
          -109.65370017309007,
          -110.11271200653684,
          -110.02618402883796,
          -109.33448093060402,
          -109.39560679446923,
          -110.55417966997717,
          -109.85196224355349,
          -110.31840501294917,
          -109.62021176726594,
          -106.74515845933672,
          -109.415771681013,
          -104.08075786748252,
          -109.58134020750535,
          -106.17005215729078,
          -109.3905018357973,
          -110.05550161408256
        ]
      ]
    ]
  },
  {
    "vqe2_energy": [
      -134.28629194675233,
      -136.47948216589185,
      -134.2864455101912
    ],
    "vqe2_vector": [
      [
        1,
        1,
        0,
        0,
        1,
        1,
        0,
        1
      ],
      [
        1,
        0,
        0,
        1,
        0,
        1,
        1,
        0
      ],
      [
        0,
        0,
        1,
        0,
        0,
        1,
        0,
        1
      ]
    ],
    "vqe2_min_error": [
      1.607521320243166,
      0.00055594240024881,
      1.6074088032679512
    ],
    "vqe2_params": [
      [
        0.9544800543747525,
        1.689693513506323,
        6.025885829099247,
        0.26229055141784197,
        2.964903812988391,
        1.0454917917917983,
        2.745918361541781,
        4.404777170587661,
        4.277908026181926,
        6.940654867784008,
        3.9063419672962865,
        1.6851026755302922,
        6.9910002186896625,
        -0.01045602549247223,
        1.3502056829872635,
        2.9139491582652433,
        4.146684650091179,
        5.041700650146354,
        3.368178587197898,
        3.1092339395387514,
        4.145889437403719,
        5.205723722266524,
        5.881668939740271,
        4.941090437880066,
        4.180978575290595,
        0.7886464410731719,
        6.05790754389937,
        1.8348053821618104,
        1.7881232223517773,
        -0.1835588774852103,
        4.12787047429938,
        2.701574185783925
      ],
      [
        1.3809702799911456,
        5.767158357502647,
        2.366831175633092,
        4.981935238913767,
        5.055975889818815,
        2.0153386144207186,
        2.598639171904452,
        0.4332646358004797,
        2.1766999493946564,
        3.099422308255427,
        3.8812941388112403,
        3.159702147796711,
        2.2636389179539878,
        0.2879482527064119,
        2.7518656637564995,
        4.048840481991718,
        5.121665488215119,
        5.925866858133419,
        0.31258378473860593,
        3.875334799565814,
        1.4084211620535174,
        2.581551717836546,
        5.264809609048233,
        6.1851267556047835,
        1.4756045333910695,
        3.9085620276918402,
        5.046228487181189,
        4.117033092475192,
        3.8033306717095496,
        5.553142915688591,
        4.120995175248644,
        5.047295869364809,
        2.9839908923220535,
        1.4059060667739631,
        6.026706028265148,
        1.8575399877352448,
        0.9051399600371602,
        1.4114451413105955,
        5.062188074359112,
        2.1464302653881164,
        5.736054995853544,
        6.111147643048703,
        1.8680154425689806,
        3.2864054414757486,
        5.02599588032726,
        3.0344710660366907,
        1.1285427562240953,
        0.029768525177557563
      ],
      [
        4.132501332840718,
        6.852387139225769,
        4.562257055882597,
        0.6315664211440222,
        2.6073587899066433,
        3.822792913179582,
        3.8227474187770185,
        3.320862081457772,
        1.0857431819141339,
        2.4364319206461893,
        1.883938073346458,
        1.7890486038449929,
        4.2708073871569985,
        3.784308352000973,
        3.4873585655770936,
        1.8816726305120097,
        0.5803454563794213,
        3.9843472984119526,
        3.4383961733247914,
        1.552296775787343,
        0.285976671614257,
        0.7665323057007193,
        4.266499453922074,
        4.788357118485346,
        3.429756245976356,
        4.027028168540527,
        4.435025962768028,
        6.683946303270976,
        4.7465078121546584,
        3.063428220307993,
        5.424308099529948,
        5.437390285946682,
        0.7324036916489919,
        5.13016728628713,
        6.1643604539055845,
        2.604716261104239,
        5.103217259119905,
        3.025217621559666,
        5.476392294258563,
        5.9345148484717605,
        5.87526771148511,
        4.2582143666444505,
        2.041614622702823,
        4.602734121321717,
        2.4524375242183307,
        1.6558958996267188,
        0.6253727364375553,
        5.8741565985154836,
        4.350337664398501,
        2.8257927429088707,
        4.754395075974276,
        4.120724125870885,
        1.6340421030588757,
        0.42062615856214985,
        2.9808873806724443,
        4.977925562677887,
        6.1566745825618305,
        2.171664946317182,
        2.3285542650636994,
        5.846884169571964,
        0.3113490627145139,
        1.3147997587334366,
        0.7301765655659227,
        5.745300518327134,
        3.2663297639319957,
        2.654177380983171,
        4.673835350370241,
        1.853343728661356,
        1.4829798715123568,
        4.513145001519739,
        2.7668902664879163,
        3.725742136631407
      ]
    ],
    "vqe2_time": [
      3.4725399017333984,
      4.451425552368164,
      7.568640947341919
    ],
    "solution_vector": [
      1,
      1,
      1,
      0,
      0,
      0,
      0,
      1
    ],
    "solution_min_energy": -136.48024091741908,
    "solution_time": 0.021251678466796875,
    "matrix_size": 8,
    "qubo_matrix": [
      [
        -31.926417012252756,
        4.247539256438101,
        8.495078512876201,
        2.1237696282190504,
        2.123768721652336,
        4.247537443304672,
        8.495074886609345,
        2.123768721652336
      ],
      [
        4.247539256438101,
        -59.60529476806741,
        16.990157025752403,
        4.247539256438101,
        4.247537443304672,
        8.495074886609345,
        16.99014977321869,
        4.247537443304672
      ],
      [
        8.495078512876201,
        16.990157025752403,
        -102.22043251038242,
        8.495078512876201,
        8.495074886609345,
        16.99014977321869,
        33.98029954643738,
        8.495074886609345
      ],
      [
        2.1237696282190504,
        4.247539256438101,
        8.495078512876201,
        -31.926417012252756,
        2.123768721652336,
        4.247537443304672,
        8.495074886609345,
        2.123768721652336
      ],
      [
        2.123768721652336,
        4.247537443304672,
        8.495074886609345,
        2.123768721652336,
        -31.92640831998263,
        4.247587546827684,
        8.495175093655368,
        2.123793773413842
      ],
      [
        4.247537443304672,
        8.495074886609345,
        16.99014977321869,
        4.247537443304672,
        4.247587546827684,
        -59.605229093137574,
        16.990350187310735,
        4.247587546827684
      ],
      [
        8.495074886609345,
        16.99014977321869,
        33.98029954643738,
        8.495074886609345,
        8.495175093655368,
        16.990350187310735,
        -102.22010799896441,
        8.495175093655368
      ],
      [
        2.123768721652336,
        4.247537443304672,
        8.495074886609345,
        2.123768721652336,
        2.123793773413842,
        4.247587546827684,
        8.495175093655368,
        -31.92640831998263
      ]
    ],
    "ansatze": [
      "twolocal",
      "alternating_ry_rz",
      "random_circuit"
    ],
    "histories_energy": [
      [
        [
          -119.45618322187184,
          -117.96595571261736,
          -117.93145298105024,
          -119.7472978742128,
          -116.73429587977996,
          -119.51034330703146,
          -118.89692025844192,
          -123.51011328128945,
          -120.09373704527152,
          -123.56446457399825,
          -123.97007175771755,
          -123.81603331190519,
          -124.3728939165227,
          -122.85998955315083,
          -123.59199346802042,
          -123.1394878943718,
          -123.43685792587391,
          -122.00065649921305,
          -123.31413597817267,
          -123.37381143667204,
          -122.87315511794804,
          -124.9860703721527,
          -118.99526431922756,
          -124.97679632675596,
          -123.8502924347101,
          -124.79817999781726,
          -124.4722755101735,
          -124.49531633439945,
          -124.07856881582497,
          -124.81385839439443,
          -123.81888052564351,
          -124.76021391497909,
          -124.66822443020173,
          -125.35809138089688,
          -123.62316557285762,
          -124.5811107257702,
          -125.30848755276548,
          -122.91050121664432,
          -124.50978051271622,
          -125.53066772146761,
          -126.53511366756402,
          -123.68882756119943,
          -125.98492162315694,
          -125.2044447641208,
          -125.3178919931217,
          -126.18555519047923,
          -125.80347403785878,
          -126.90816281045232,
          -126.71371910419847,
          -126.04941404875936,
          -126.19743742497717,
          -127.41044025667584,
          -129.25360499285028,
          -126.04001546810875,
          -128.26794210448165,
          -128.5599989703714,
          -128.61782323753533,
          -128.10938122953343,
          -128.99427089759513,
          -128.31663042272663,
          -128.90059492946003,
          -129.0357668563028,
          -128.35646346836174,
          -128.85518817606157,
          -126.69312256370955,
          -128.46196337188908,
          -129.12394486176865,
          -130.130260407438,
          -130.1111019915579,
          -128.8790004577833,
          -129.64041259485685,
          -129.76482630943323,
          -128.16757971893944,
          -127.23360038640045,
          -129.29222826375315,
          -129.17419972366292,
          -129.01434895614528,
          -129.64384259808455,
          -129.28894386497024,
          -130.52043492798953
        ]
      ],
      [
        [
          -115.20545212267453,
          -117.7372346447226,
          -116.891281288147,
          -116.11169731926927,
          -117.62381369103174,
          -118.351810126045,
          -118.582832347536,
          -119.61669245679555,
          -118.34955031331114,
          -118.5551985648648,
          -122.17636410688104,
          -123.11622673914451,
          -121.81450430963925,
          -121.8747248118594,
          -114.76264272510593,
          -121.29056314275753,
          -120.89065159285254,
          -123.34620310696923,
          -119.5233193722988,
          -122.45031505096429,
          -122.22837449958469,
          -122.96061208152211,
          -122.85568410944256,
          -123.57249032020613,
          -124.84266145156556,
          -123.60304948136455,
          -123.19689073984323,
          -124.1252905711151,
          -123.29597999754556,
          -123.26821975435547,
          -123.59974793130817,
          -124.12187422829903,
          -124.17193215376534,
          -123.1050500470227,
          -123.44160475616182,
          -124.05580696661214,
          -123.73218307742488,
          -122.85704167587102,
          -124.51439037170131,
          -124.20556856647521,
          -123.4735569653793,
          -125.65349988589986,
          -122.72749633985528,
          -123.3536506421374,
          -123.48664272305344,
          -124.04880156333103,
          -123.95704913672327,
          -124.51743464656991,
          -123.68432580029398,
          -118.55197318621144,
          -124.66491174730496,
          -121.36764778710014,
          -118.29885753200173,
          -127.10133728042132,
          -125.84818047030001,
          -128.1191112368658,
          -124.24099779273138,
          -126.83955179524861,
          -127.0330844149175,
          -127.88513493768919,
          -126.75986963975197,
          -117.77938265061267,
          -127.90353425530733,
          -128.1468466192028,
          -128.15093414390884,
          -127.83889427965018,
          -126.76483357090925,
          -122.16882531302456,
          -128.1434557751203,
          -127.97653270661033,
          -119.52232335023113,
          -130.7531615509267,
          -130.04601950212088,
          -130.75454505932214,
          -130.9193554895099,
          -129.71579965809946,
          -130.99235722895864,
          -130.24110091638025,
          -131.19658192151707,
          -130.14560893928342
        ]
      ],
      [
        [
          -107.51534690631867,
          -114.32694808240682,
          -118.11171026211309,
          -118.58713973604992,
          -118.27836587119444,
          -118.54053473655051,
          -118.77633179421039,
          -119.26382084712142,
          -117.6812290832444,
          -118.19939012757418,
          -116.18053004148405,
          -120.9332541564911,
          -120.79132885296009,
          -118.9502163787222,
          -122.6479256116402,
          -117.45463669377352,
          -122.77631384269213,
          -122.47375652809728,
          -122.69030609579707,
          -118.43695301682945,
          -123.80335746898787,
          -121.91512410315642,
          -120.98844043172056,
          -122.18513332214529,
          -122.42885444692689,
          -123.26213496566051,
          -123.20990806470903,
          -123.12694811284129,
          -124.12334137110135,
          -122.70748140242051,
          -123.26650787753253,
          -122.27524425411012,
          -122.84636400167545,
          -123.0160475681412,
          -122.04037858120766,
          -122.89797239621464,
          -123.23835512612403,
          -122.4290663653525,
          -123.65804669831698,
          -122.79827671565828,
          -123.09306508259048,
          -123.02476599640951,
          -122.93372402570155,
          -122.7709860132695,
          -124.33526001343428,
          -122.76775766477918,
          -122.82857966147972,
          -123.03788911696567,
          -122.93691317410502,
          -122.3586153117802,
          -121.5685137333445,
          -122.609038115553,
          -123.35560049028786,
          -122.19613183764532,
          -122.98932596742021,
          -123.22407046253137,
          -123.040072627191,
          -122.57380459247278,
          -122.86357412117574,
          -122.24343226939286,
          -123.57441987309669,
          -122.5666129323661,
          -123.39909783444779,
          -122.03209164609758,
          -122.4542724990519,
          -124.00068302372402,
          -123.4903272042315,
          -122.71526009733887,
          -122.25005094190554,
          -122.43915356627865,
          -123.46640421997135,
          -122.43944334000062,
          -122.94083162042811,
          -122.96553564681923,
          -121.28266012586414,
          -118.73352242961137,
          -123.09665088557536,
          -117.24786630001304,
          -124.21999468122198,
          -121.92176104631852
        ]
      ]
    ]
  },
  {
    "vqe2_energy": [
      -135.59822886232809,
      -137.8089192924968,
      -135.74154353407636
    ],
    "vqe2_vector": [
      [
        0,
        1,
        0,
        0,
        1,
        0,
        1,
        0
      ],
      [
        1,
        0,
        1,
        1,
        1,
        0,
        0,
        1
      ],
      [
        0,
        1,
        0,
        0,
        1,
        1,
        1,
        0
      ]
    ],
    "vqe2_min_error": [
      1.6097406079433663,
      0.005660623383441088,
      1.5057512870923162
    ],
    "vqe2_params": [
      [
        3.4929503003272804,
        0.018993127575355657,
        4.643311100248904,
        1.8383526691989736,
        2.8715017554234974,
        5.804603772181621,
        1.9481382078225913,
        1.1169620766744117,
        3.8517826383483826,
        4.723501201894979,
        6.320641717781874,
        3.870962564743656,
        3.337606886545152,
        -0.05232149890535535,
        0.890954590086088,
        0.5627876484456745,
        4.034854801214743,
        2.998087002481564,
        4.670308750483214,
        6.285364252425627,
        3.9607649494731016,
        0.4724702551662244,
        0.17673844580067194,
        1.160333763094454,
        1.5185790670717543,
        5.275614898385817,
        3.325884141771637,
        6.109195768881074,
        5.255326729323409,
        4.461920543413375,
        2.232176204062858,
        1.639700252081159
      ],
      [
        6.9684692511530795,
        5.634457180185328,
        6.303699707287514,
        2.9853095390950153,
        3.833836987122203,
        3.0916103506592205,
        1.637302782721996,
        3.3421680329050307,
        3.8885863625516124,
        0.1330650287965368,
        3.0983604402837024,
        2.113638075272842,
        0.030132727946462025,
        -0.32910818578176954,
        1.473584665525956,
        5.370941186940813,
        6.560742043165261,
        6.457684671582123,
        3.09822026568339,
        2.219451127027622,
        6.181998704920311,
        6.8935916342997645,
        1.8036198880945822,
        0.27938382824060787,
        1.5247704538812452,
        1.5334396310100846,
        1.0489148939733834,
        1.0268551119706826,
        5.387983735286748,
        4.0685632775053815,
        1.3779731250294323,
        5.8694125750938575,
        2.824444011982516,
        3.766049626339791,
        0.47309660543615384,
        1.1211068339712829,
        6.186291131589036,
        4.936751984897166,
        2.5611628450839876,
        1.4662903870803161,
        6.035374470876706,
        0.35659228053460507,
        3.4166637326469487,
        2.714692346204172,
        1.279862067207809,
        4.988778652547539,
        2.0512149935758255,
        4.4741326053204755
      ],
      [
        0.7561117852457842,
        4.723048640531897,
        1.8637210966412199,
        1.9197074058022323,
        4.6986426642401335,
        3.3238409209935447,
        0.9095142030019029,
        5.486048350071089,
        2.5824648078628325,
        6.198566425805497,
        4.017124478765239,
        0.43311740516886693,
        5.761705612264298,
        6.209157943675298,
        1.0049694912554719,
        5.646003644195853,
        0.3053531894415314,
        0.49497072095060957,
        1.510434516987965,
        0.522728347725948,
        5.4285272685759525,
        6.695925603794402,
        3.183224081902436,
        0.037849288689639056,
        3.524038731536434,
        3.3467057203993864,
        3.58542086328921,
        2.29626587591225,
        4.112714353186802,
        1.45925704005623,
        5.1360569803791565,
        5.7202312023188915,
        5.674842766839988,
        2.4969236402801602,
        0.19375166367633245,
        1.9674550364123509,
        5.839431974439255,
        2.201675810841552,
        5.189449904451104,
        1.2982692703943883,
        5.987565077716243,
        3.145910457257506,
        3.728306864256467,
        3.4280132508068744,
        1.458127319359677,
        1.4342909939876631,
        1.0222967821201652,
        1.6644607751886835,
        1.4547993124706446,
        5.905632026773984,
        1.6623209834333212,
        2.752170731892733,
        2.9844970092350693,
        4.3344559847608,
        5.239887277240915,
        5.469198011352709,
        0.8153777810534635,
        1.9193460803674112,
        3.3440399709643422,
        0.405137341976136,
        1.5567484021858096,
        5.995704684843198,
        5.1959277874327645,
        0.5162598481775595,
        1.617146373101908,
        4.457693605738557,
        3.2484435260956968,
        5.076256197835772,
        4.635018670056226,
        4.548026928928609,
        3.9054362085891854,
        1.1294474380448043
      ]
    ],
    "vqe2_time": [
      5.788241386413574,
      4.565558671951294,
      6.751446962356567
    ],
    "solution_vector": [
      0,
      0,
      0,
      0,
      1,
      1,
      1,
      1
    ],
    "solution_min_energy": -137.81672057800813,
    "solution_time": 0.021292686462402344,
    "matrix_size": 8,
    "qubo_matrix": [
      [
        -32.23666025047418,
        4.2888349454661405,
        8.577669890932281,
        2.1444174727330703,
        2.1444165661663557,
        4.288833132332711,
        8.577666264665423,
        2.1444165661663557
      ],
      [
        4.2888349454661405,
        -60.18448555548222,
        17.155339781864562,
        4.2888349454661405,
        4.288833132332711,
        8.577666264665423,
        17.155332529330845,
        4.288833132332711
      ],
      [
        8.577669890932281,
        17.155339781864562,
        -103.21363132909988,
        8.577669890932281,
        8.577666264665423,
        17.155332529330845,
        34.31066505866169,
        8.577666264665423
      ],
      [
        2.1444174727330703,
        4.2888349454661405,
        8.577669890932281,
        -32.23666025047418,
        2.1444165661663557,
        4.288833132332711,
        8.577666264665423,
        2.1444165661663557
      ],
      [
        2.1444165661663557,
        4.288833132332711,
        8.577666264665423,
        2.1444165661663557,
        -32.23818139774604,
        4.288883235855723,
        8.577766471711445,
        2.1444416179278614
      ],
      [
        4.288833132332711,
        8.577666264665423,
        17.155332529330845,
        4.288833132332711,
        4.288883235855723,
        -60.18747955963636,
        17.15553294342289,
        4.288883235855723
      ],
      [
        8.577666264665423,
        17.155332529330845,
        34.31066505866169,
        8.577666264665423,
        8.577766471711445,
        17.15553294342289,
        -103.21942617584982,
        8.577766471711445
      ],
      [
        2.1444165661663557,
        4.288833132332711,
        8.577666264665423,
        2.1444165661663557,
        2.1444416179278614,
        4.288883235855723,
        8.577766471711445,
        -32.23818139774604
      ]
    ],
    "ansatze": [
      "twolocal",
      "alternating_ry_rz",
      "random_circuit"
    ],
    "histories_energy": [
      [
        [
          -104.03612356449895,
          -104.63844301604261,
          -105.02751347491092,
          -107.61509142953528,
          -109.08112722688426,
          -110.81522351573327,
          -111.40106697665846,
          -109.34220351017888,
          -110.42712119314993,
          -112.20521659186025,
          -113.18310016472854,
          -111.93152469429626,
          -114.04469756152538,
          -112.96569603728784,
          -113.62158518370606,
          -113.68861447521489,
          -112.7360163868632,
          -113.76585343789763,
          -112.01115280167164,
          -113.07526400999609,
          -113.50028551476066,
          -111.48228003597123,
          -113.98597372460426,
          -110.9291625482469,
          -113.84034668190793,
          -113.63043333349673,
          -112.61357315673573,
          -111.57854383109385,
          -113.73109190878806,
          -114.01473717815628,
          -113.51384606250483,
          -114.42486085890526,
          -114.10867535757104,
          -117.09759648263774,
          -115.69559309797907,
          -111.66061707590887,
          -118.85465185920226,
          -120.4425206024055,
          -121.67745140902306,
          -120.04716545532858,
          -119.37601418012761,
          -118.46218661054739,
          -116.59479034811442,
          -122.38590931405469,
          -126.56107950185613,
          -126.33409771630545,
          -126.94397701185702,
          -128.02224937392887,
          -124.61594304051586,
          -128.07819126964807,
          -127.31485892273115,
          -128.09483498360999,
          -127.65913432311801,
          -127.74986844431203,
          -128.7780431786344,
          -129.11411043745215,
          -127.93598042960141,
          -129.1025045393169,
          -128.27565083471146,
          -128.63443369336545,
          -128.860486259963,
          -129.47535638353443,
          -129.27289169749457,
          -129.49890956843873,
          -129.37946112665932,
          -129.76060146513657,
          -128.00296501312943,
          -127.9611915585776,
          -130.01018651734415,
          -132.19369059727293,
          -133.02457610590278,
          -133.6524353254317,
          -131.61153111207048,
          -132.65957364315184,
          -131.28320517892647,
          -133.69323641973412,
          -132.8571962681271,
          -134.02968462975446,
          -132.69989147734051,
          -133.3837488526641
        ]
      ],
      [
        [
          -114.21148089154732,
          -115.22396170382954,
          -114.55096517810955,
          -114.04981114991297,
          -115.3535842756723,
          -114.87738308306619,
          -117.8401410193291,
          -118.30769568564108,
          -119.1800472394058,
          -116.83225524362334,
          -113.08198876854584,
          -115.47869811977064,
          -115.39630203699633,
          -117.99248637990704,
          -118.2654609128374,
          -121.98583976075201,
          -122.44878003528684,
          -119.58807113662681,
          -124.41018710301813,
          -123.827592068124,
          -126.4586579553525,
          -127.06392223893518,
          -129.15569271581657,
          -130.23094226059038,
          -129.9047929778839,
          -129.7707594481739,
          -129.51573114747538,
          -129.77386625051832,
          -129.6775485713458,
          -128.80145739188097,
          -129.69022561611126,
