[
  {
    "vqe2_energy": [
      -94.81389613643825,
      -94.87947332570536,
      -96.3520376297756
    ],
    "vqe2_vector": [
      [
        1,
        0,
        1,
        1,
        0,
        0,
        0,
        1
      ],
      [
        0,
        0,
        1,
        1,
        1,
        1,
        0,
        1
      ],
      [
        1,
        1,
        0,
        0,
        1,
        0,
        1,
        0
      ]
    ],
    "vqe2_min_error": [
      1.6009131955172728,
      1.5328563409629292,
      0.004610074478128556
    ],
    "vqe2_params": [
      [
        2.7155116313230914,
        5.490028767027194,
        6.154854578312518,
        7.091476251712806,
        1.4476342889003586,
        3.120723092131501,
        3.592115594568628,
        5.428374139598395,
        1.2067799722707828,
        3.450471557451129,
        7.121470994570955,
        5.801415700520533,
        5.988006523094071,
        2.19831612144152,
        1.78688935917029,
        5.4082980223719925,
        6.033284555755943,
        0.8985012475414312,
        0.2963863467816744,
        0.7500061317209306,
        5.821451697771322,
        6.455302220643228,
        4.482196587397443,
        2.3720564360837586,
        3.3507376302603817,
        1.9019650448997623,
        1.1433113081865203,
        3.916719469569879,
        1.0784133600291927,
        2.9631049086340027,
        5.387985118202917,
        0.9649815130430383
      ],
      [
        5.172929151172754,
        6.525833045539363,
        2.117915746859642,
        3.935184186372991,
        2.281258805549032,
        2.30755636946866,
        5.629252175645793,
        6.337846906190942,
        0.2593918940435975,
        3.003619494503065,
        0.6323140100263276,
        4.024546603533549,
        5.082659217868627,
        0.11650476349918965,
        -0.23547000243684824,
        5.943296079750271,
        1.705878072709643,
        2.917867616350844,
        7.231266938781863,
        3.248191011594541,
        4.122210458925568,
        6.746651714269195,
        0.893911886441467,
        5.465132606637142,
        2.44526505995109,
        6.713625552260515,
        1.5021701233271012,
        3.751594051112557,
        4.600898030719981,
        6.182624891900475,
        3.583144855715585,
        0.11854713505867065,
        0.7405937374149947,
        4.942844347872782,
        1.0124354319162945,
        4.854973090333172,
        2.8982496023903854,
        3.4589909293642704,
        2.813963904192457,
        2.801803873852555,
        5.691157940308864,
        1.8848132953454868,
        3.0230163238998013,
        2.7442882222731644,
        4.312516079156322,
        5.117519993745422,
        0.6493071546023862,
        3.103013173385876
      ],
      [
        7.251264678173394,
        4.013048342039266,
        5.649639656319469,
        3.2998550113207634,
        0.1454317702615895,
        5.398018299499428,
        2.137425995906306,
        4.1638684451100385,
        3.7176081499781803,
        0.9903339111423896,
        0.023368631564963903,
        1.834793440705131,
        5.870413329364725,
        5.486292490375593,
        0.5549088472010868,
        5.7834195864378275,
        3.2485432029211525,
        3.2163980508204615,
        6.009343155459516,
        1.5510974166034581,
        7.007061681559807,
        6.057429154054151,
        1.1937367258636788,
        1.7105907585750728,
        4.788494912325676,
        2.0277500530673915,
        2.5287399459946327,
        5.906738870361993,
        5.324819987771832,
        5.055939809879738,
        0.4177507432663357,
        3.7659526288074536,
        3.511736782837884,
        5.551331601018172,
        4.720119275679354,
        4.449716274401106,
        4.933556879610664,
        0.5205152658937579,
        1.4012855977875724,
        1.783081875967064,
        3.7111609148129343,
        3.7038791155834883,
        5.203116919569105,
        0.009123731730431324,
        0.8048695820623915,
        5.136873426216291,
        0.09037349888203021,
        5.217725239971877,
        0.28903565823577526,
        3.606789747497933,
        3.738688279960048,
        1.6499915669726208,
        6.269120961244434,
        4.210400147795993,
        3.1076324099624877,
        4.989240327775844,
        0.19748697903176587,
        5.691369677060575,
        1.2718351183827934,
        3.4237122809901197,
        1.5350240409803066,
        1.6498569916644286,
        6.134657756547616,
        3.8512875124816057,
        6.244545686669981,
        4.313127654210416,
        1.6621544268317359,
        5.938892453200586,
        2.931197098721709,
        4.923708611663734,
        4.246204179897859,
        1.9674482199934162
      ]
    ],
    "vqe2_time": [
      5.055571794509888,
      4.579228639602661,
      6.817108869552612
    ],
    "solution_vector": [
      0,
      0,
      0,
      0,
      1,
      1,
      1,
      1
    ],
    "solution_min_energy": -96.35647973525589,
    "solution_time": 0.022835254669189453,
    "matrix_size": 8,
    "qubo_matrix": [
      [
        -22.55403365673841,
        3.003137242853259,
        6.006274485706518,
        1.5015686214266295,
        1.5015684401132865,
        3.003136880226573,
        6.006273760453146,
        1.5015684401132865
      ],
      [
        3.003137242853259,
        -42.10493007062356,
        12.012548971413036,
        3.003137242853259,
        3.003136880226573,
        6.006273760453146,
        12.012547520906292,
        3.003136880226573
      ],
      [
        6.006274485706518,
        12.012548971413036,
        -72.19731116983408,
        6.006274485706518,
        6.006273760453146,
        12.012547520906292,
        24.025095041812584,
        6.006273760453146
      ],
      [
        1.5015686214266295,
        3.003137242853259,
        6.006274485706518,
        -22.55403365673841,
        1.5015684401132865,
        3.003136880226573,
        6.006273760453146,
        1.5015684401132865
      ],
      [
        1.5015684401132865,
        3.003136880226573,
        6.006273760453146,
        1.5015684401132865,
        -22.5555741201661,
        3.0031469009311755,
        6.006293801862351,
        1.5015734504655878
      ],
      [
        3.003136880226573,
        6.006273760453146,
        12.012547520906292,
        3.003136880226573,
        3.0031469009311755,
        -42.10800133940103,
        12.012587603724702,
        3.0031469009311755
      ],
      [
        6.006273760453146,
        12.012547520906292,
        24.025095041812584,
        6.006273760453146,
        6.006293801862351,
        12.012587603724702,
        -72.20341507507734,
        6.006293801862351
      ],
      [
        1.5015684401132865,
        3.003136880226573,
        6.006273760453146,
        1.5015684401132865,
        1.5015734504655878,
        3.0031469009311755,
        6.006293801862351,
        -22.5555741201661
      ]
    ],
    "ansatze": [
      "twolocal",
      "alternating_ry_rz",
      "random_circuit"
    ],
    "histories_energy": [
      [
        [
          -80.56392393142295,
          -79.40429105006518,
          -79.74663169085065,
          -80.11365782008035,
          -81.05678207280745,
          -81.91267580113487,
          -81.4722094841156,
          -80.22330562884342,
          -81.44563329141141,
          -79.96739752005061,
          -76.59617136646256,
          -80.56162068737308,
          -81.05609389638956,
          -81.00538441095021,
          -80.57827238947458,
          -81.71588651442241,
          -81.77935239540113,
          -82.51009997007334,
          -80.21296900283383,
          -80.86801600033317,
          -81.6925933040921,
          -83.0031871872006,
          -84.21534662234698,
          -82.48976175371116,
          -82.6212799208288,
          -83.81986751151986,
          -83.72044819502182,
          -82.67424403783005,
          -85.07107563290002,
          -83.96240651744414,
          -84.26041596934645,
          -83.9925784437446,
          -83.86189883119158,
          -87.71974545730713,
          -86.1290476373438,
          -83.89913220088557,
          -86.21619242470211,
          -88.76578012364621,
          -85.83063082170973,
          -88.03057959016633,
          -91.3310925876074,
          -91.7178525098352,
          -91.59344253824713,
          -92.07431757911515,
          -91.67967106744364,
          -91.43490063301434,
          -91.25132934836765,
          -89.7981613625985,
          -92.41881660452897,
          -92.38641153452713,
          -93.13846462691549,
          -87.72018358414584,
          -93.12567914737758,
          -92.9739670661305,
          -93.16184936665671,
          -93.09118243658436,
          -93.21090160082473,
          -93.38913032240998,
          -92.85690664879631,
          -87.74966989185572,
          -93.20009105332622,
          -92.78874608822866,
          -93.22406019757511,
          -93.34475451553139,
          -93.23899764001028,
          -93.11793175468824,
          -92.11030980793727,
          -93.39133730062451,
          -91.91447210135208,
          -91.73176423668279,
          -92.45461598131497,
          -92.76728693975463,
          -93.41469489467397,
          -91.99149052002909,
          -93.78716581896359,
          -89.59815485663285,
          -93.56827960968172,
          -93.12535155326046,
          -93.2882371315103,
          -87.64333195241136
        ]
      ],
      [
        [
          -77.67497242276421,
          -77.4798932159105,
          -75.85497460098156,
          -80.64748926211068,
          -78.88820343956709,
          -77.80094090804592,
          -83.89540928107206,
          -84.84343757961791,
          -85.71575931148374,
          -85.13348098575113,
          -83.51933682992788,
          -80.6716269737301,
          -85.85915776398879,
          -84.90806599375968,
          -80.22544747397902,
          -83.39376948266661,
          -85.33698486414066,
          -85.40305715100277,
          -83.30522017991576,
          -83.57634256883114,
          -85.42443796574892,
          -86.08319898683195,
          -86.13015855386467,
          -83.58656182783693,
          -86.58586754117265,
          -86.06997286055059,
          -86.00607126079159,
          -85.51670883681473,
          -85.84532278899098,
          -85.88421449930942,
          -86.52051521374817,
          -86.14498439618232,
          -86.57232757921575,
          -85.97477740211484,
          -86.7015838231794,
          -86.31765059281119,
          -86.64623480446879,
          -86.06455082700406,
          -85.98330009373498,
          -86.12064166414717,
          -86.79741323736104,
          -86.1931206578768,
          -85.59737772745183,
          -86.08022290590293,
          -85.765952316521,
          -86.28036974308523,
          -85.46738268479629,
          -85.442610892774,
          -86.3240203371934,
          -82.6056593452715,
          -85.81661464731296,
          -84.84624902582556,
          -87.89577320741371,
          -88.72867188158722,
          -89.45940700777162,
          -88.29690422958888,
          -88.3666597376989,
          -85.13017840840327,
          -88.96479056731779,
          -89.82901269563231,
          -89.16987432526537,
          -79.8836978141551,
          -90.37257051697749,
          -89.67513817024978,
          -90.45293189652449,
          -91.15378366016145,
          -90.551595129236,
          -91.80292140512864,
          -90.61209409763053,
          -92.20209272652954,
          -92.6243204458446,
          -91.85592835217841,
          -87.63043403777907,
          -92.03631539472248,
          -91.9409980329376,
          -92.44999582374996,
          -92.28012935324507,
          -92.74648597231463,
          -92.62634273780463,
          -92.85115124596418
        ]
      ],
      [
        [
          -78.45612216921278,
          -79.19588633841964,
          -79.08271682779711,
          -83.31046441372055,
          -82.65167854915637,
          -81.29979251493825,
          -83.09138959493335,
          -78.52567653289313,
          -83.38850806099174,
          -81.07730913964625,
          -82.80986783534544,
          -82.81086179966313,
          -83.46147487240094,
          -81.85782964517965,
          -81.09995992277483,
          -83.42881736947425,
          -82.47435603308081,
          -81.74862930449429,
          -81.39874264261957,
          -83.596424758375,
          -80.6962576438791,
          -83.99792013341997,
          -85.4535193975948,
          -83.5105616498142,
          -84.74581856633544,
          -85.50329953424391,
          -84.87643197951424,
          -85.12105986448104,
          -85.17951063870495,
          -85.76625129174965,
          -86.00544317248989,
          -85.7812826119816,
          -85.50250053771535,
          -85.65961393325853,
          -85.40037969358814,
          -84.88305038664708,
          -85.88590226693098,
          -85.26443069372556,
          -84.98268906450028,
          -86.21455387490958,
          -86.2907679939749,
          -85.5744925544477,
          -84.61248657623085,
          -85.2260485647819,
          -84.88889290771634,
          -85.3695786427181,
          -85.0323640701074,
          -86.09432833712864,
          -85.82614434563637,
          -85.30626087450396,
          -85.45532055677657,
          -85.33144968933121,
          -85.19391256534925,
          -84.788994696131,
          -85.4578607175483,
          -85.37131604390633,
          -84.80000494690478,
          -85.66822851473073,
          -86.14048768521597,
          -85.63154440750668,
          -85.61999644373934,
          -86.20442653762532,
          -85.29025378153702,
          -85.57023869709172,
          -85.97020508677296,
          -85.76328874172661,
          -85.8678246873465,
          -85.62737784218045,
          -85.09345963185429,
          -85.99533490791188,
          -85.52084279217229,
          -85.75177428236898,
          -85.47404724750557,
          -85.20716283338072,
          -83.75641823827334,
          -86.1666332428384,
          -82.57189772447856,
          -85.50720095974577,
          -85.58505071558488,
          -85.46605421384861
        ]
      ]
    ]
  },
  {
    "vqe2_energy": [
      -115.65877578224351,
      -108.55504477561871,
      -115.65875019013203
    ],
    "vqe2_vector": [
      [
        0,
        1,
        1,
        0,
        1,
        0,
        0,
        1
      ],
      [
        0,
        1,
        1,
        1,
        1,
        1,
        0,
        0
      ],
      [
        1,
        1,
        0,
        1,
        0,
        0,
        1,
        0
      ]
    ],
    "vqe2_min_error": [
      2.2127259224902218e-05,
      6.141952427149278,
      1.1102230246251565e-14
    ],
    "vqe2_params": [
      [
        5.005282135288005,
        3.211761946169406,
        -0.16790120291270477,
        2.2133209603444537,
        5.993887316163872,
        -0.30526364045246696,
        2.958523467177226,
        1.1640240051096735,
        5.223394949801636,
        4.989143402797196,
        6.533533850256679,
        7.3238588799229065,
        5.066041073702877,
        3.333574787272082,
        1.6002685597177961,
        5.153288024607078,
        1.7129703887429548,
        3.2083618470707376,
        0.12258014592189534,
        6.6486863696901635,
        0.5986727119418301,
        3.7013011605528976,
        0.1646410278721064,
        6.033109386988058,
        1.1113552366915367,
        5.314141263367672,
        4.956270076756195,
        5.164849726328616,
        3.1468436619716735,
        6.160183688385744,
        2.323901554401347,
        1.8114899011451424
      ],
      [
        6.397522942101729,
        3.507695092855132,
        2.9748289694311896,
        4.372471543799037,
        1.96660744366478,
        1.4357258261921773,
        1.921421138129155,
        1.6582626095089656,
        1.3347336652522883,
        5.502447644813221,
        4.323780949246779,
        1.215592426575325,
        5.401051982422371,
        4.61363899994979,
        4.55751935088043,
        1.8643755091002447,
        1.8413988807510269,
        2.331781706162629,
        1.2284366657871826,
        2.256989455400602,
        3.7880678991846715,
        5.137954836615691,
        3.9823624916191216,
        1.0118371060057043,
        3.847670746226439,
        1.8841139623970147,
        3.7443822874730204,
        1.765362342696017,
        4.319409297698971,
        2.1509543423747037,
        4.6410770968292825,
        4.432834557492681,
        5.60244089124998,
        2.6842623640829015,
        2.891204533058823,
        3.709332661693201,
        3.619705939498782,
        6.1155940613304,
        0.6755039675658476,
        5.448366281211951,
        0.2068324086878642,
        3.0398951247747266,
        5.130882774847754,
        5.248436045298788,
        5.579180637090731,
        0.8462039131732451,
        2.907868912653274,
        1.9033501752198707
      ],
      [
        3.8036764674019854,
        4.020898398604711,
        3.9756084874026305,
        0.5360482419923721,
        3.0205967512904985,
        6.742987634465726,
        1.1806917540034825,
        4.961892731469758,
        3.2726586034784826,
        4.114173783518669,
        2.9690221663567264,
        0.696528036816528,
        1.1063389732101123,
        5.695675165527946,
        4.066543143557845,
        2.168482827168404,
        0.41772327126785935,
        2.107626906151019,
        3.753114200809907,
        4.268849991168814,
        2.22429815425992,
        2.7526788428005973,
        5.671174338826693,
        2.127151681011032,
        2.584305810186562,
        6.845486288062725,
        1.8748330039610093,
        3.3085320745713025,
        4.381330988186633,
        1.4286589880080423,
        2.368128747623391,
        6.398947202997323,
        2.1835549261609084,
        3.2453550579457304,
        2.5223277092789678,
        1.2988605294195674,
        4.886366715579409,
        5.534688719472468,
        0.9438707620969384,
        4.003275945048926,
        2.20134997554192,
        4.17405442780669,
        0.9114462193017661,
        1.9761911038108229,
        1.3017667629046261,
        1.153921302405927,
        1.8672785189200687,
        3.4957216359039656,
        5.549230160588509,
        2.9682060088606237,
        1.3938289880196426,
        5.494152071563296,
        5.952109158299265,
        3.219405620892827,
        5.129422504135949,
        4.300377258028424,
        6.1972089094354725,
        2.321094748067415,
        4.704906664839783,
        5.509845235005703,
        1.595403133400263,
        4.427313839610715,
        6.276912656039134,
        6.2816643953995746,
        1.8209583011925545,
        5.940894827665171,
        4.731538830743282,
        2.8892431599370294,
        1.3823122523243692,
        5.135092860417935,
        6.210608100961868,
        5.9173037171619525
      ]
    ],
    "vqe2_time": [
      4.25150728225708,
      4.131845235824585,
      6.657577037811279
    ],
    "solution_vector": [
      1,
      1,
      0,
      1,
      0,
      0,
      1,
      0
    ],
    "solution_min_energy": -115.65875019013204,
    "solution_time": 0.021697282791137695,
    "matrix_size": 8,
    "qubo_matrix": [
      [
        -27.063790418516987,
        3.6018415538252206,
        7.203683107650441,
        1.8009207769126103,
        1.8009205955992673,
        3.6018411911985346,
        7.203682382397069,
        1.8009205955992673
      ],
      [
        3.6018415538252206,
        -50.52573928320876,
        14.407366215300883,
        3.6018415538252206,
        3.6018411911985346,
        7.203682382397069,
        14.407364764794139,
        3.6018411911985346
      ],
      [
        7.203683107650441,
        14.407366215300883,
        -86.64411235111663,
        7.203683107650441,
        7.203682382397069,
        14.407364764794139,
        28.814729529588277,
        7.203682382397069
      ],
      [
        1.8009207769126103,
        3.6018415538252206,
        7.203683107650441,
        -27.063790418516987,
        1.8009205955992673,
        3.6018411911985346,
        7.203682382397069,
        1.8009205955992673
      ],
      [
        1.8009205955992673,
        3.6018411911985346,
        7.203682382397069,
        1.8009205955992673,
        -27.063801042402694,
        3.601851211903137,
        7.203702423806274,
        1.8009256059515686
      ],
      [
        3.6018411911985346,
        7.203682382397069,
        14.407364764794139,
        3.6018411911985346,
        3.601851211903137,
        -50.52575087290225,
        14.407404847612549,
        3.601851211903137
      ],
      [
        7.203682382397069,
        14.407364764794139,
        28.814729529588277,
        7.203682382397069,
        7.203702423806274,
        14.407404847612549,
        -86.64409689819196,
        7.203702423806274
      ],
      [
        1.8009205955992673,
        3.6018411911985346,
        7.203682382397069,
        1.8009205955992673,
        1.8009256059515686,
        3.601851211903137,
        7.203702423806274,
        -27.063801042402694
      ]
    ],
    "ansatze": [
      "twolocal",
      "alternating_ry_rz",
      "random_circuit"
    ],
    "histories_energy": [
      [
        [
          -100.98022891055837,
          -102.0537132572461,
          -106.27563796085445,
          -102.53299954858207,
          -103.34526203125961,
          -106.11766950651521,
          -97.97640255241524,
          -102.86363386309965,
          -105.75980566645518,
          -106.27246766967757,
          -105.96259723899962,
          -104.61201115374706,
          -106.6935213805686,
          -105.6291367843532,
          -100.62756921556708,
          -105.07852248828524,
          -104.92744130540862,
          -105.27826045427716,
          -106.85195444145467,
          -106.64903978920992,
          -107.20023330705514,
          -106.88794020536375,
          -105.9617248572418,
          -105.21997398635139,
          -107.92400266858962,
          -107.05817798007303,
          -105.84506390258862,
          -107.56398754607511,
          -106.23759023953825,
          -106.78743332337845,
          -107.76981501591884,
          -106.92043736614289,
          -106.11080293294853,
          -109.6446667787046,
          -107.76509832038404,
          -109.84670700924208,
          -105.20302107404612,
          -107.0682479470679,
          -108.81657180917898,
          -108.94346167900585,
          -110.08531835760361,
          -109.40870798661079,
          -108.58883253888067,
          -109.78221209520704,
          -108.94023085260643,
          -109.33715746616801,
          -110.06491754702998,
          -110.3976501339778,
          -109.21044239664985,
          -108.84252956122424,
          -109.66649743073312,
          -109.62565366275005,
          -106.01021015110572,
          -106.89326987982503,
          -112.32123730811217,
          -112.39784216891549,
          -112.13603758255937,
          -112.40990202007406,
          -112.28661078766342,
          -112.3439238316317,
          -112.43669026087993,
          -112.41623608569427,
          -112.22935291842876,
          -112.84300740794274,
          -112.50615330685811,
          -112.43947112865821,
          -112.3395103517127,
          -111.67490551001971,
          -103.8345549792973,
          -112.42423136693664,
          -109.6814272407658,
          -111.84654222013776,
          -113.0936373474709,
          -113.22448388677365,
          -111.6930463952192,
          -112.95028791820404,
          -112.37876405423023,
          -113.65330496026137,
          -112.15005091971652,
          -113.31607961657008
        ]
      ],
      [
        [
          -99.55373026267328,
          -96.67355757729985,
          -98.38506052862289,
          -90.60037235786804,
          -97.75538158596109,
          -102.1506485103273,
          -98.75768565344148,
          -98.61813991352916,
          -100.4432282758788,
          -100.5146583725331,
          -99.61102429247063,
          -101.06120706539011,
          -99.82670154938532,
          -103.49399342859923,
          -105.69693311896329,
          -105.33712893480835,
          -105.61517315768693,
          -104.89535504476163,
          -98.58702558856896,
          -104.78649966969304,
          -105.35495341521921,
          -104.90964097460142,
          -105.28737737904979,
          -103.55828323806824,
          -105.69839082070702,
          -106.29864149545516,
          -106.51025535306383,
          -105.47139394308725,
          -105.55093292297758,
          -105.72506928808737,
          -106.1707986157243,
          -105.3045174859736,
          -104.9772417324826,
          -105.6961770440679,
          -106.21943881907464,
          -105.45499058507349,
          -105.62430594149609,
          -105.28879596227796,
          -106.491857641873,
          -106.16307687614551,
          -106.51742602113977,
          -105.51435854600076,
          -105.59595522638315,
          -105.41936287707524,
          -106.1911379255788,
          -105.07386217892451,
          -105.75970519450888,
          -105.57549928872396,
          -106.15768221197739,
          -106.77978866450152,
          -105.98570758803092,
          -107.03405674356871,
          -106.50617702597093,
          -105.41270689595214,
          -104.87114797476274,
          -102.15850968767363,
          -105.48659630716591,
          -96.71542129473049,
          -106.24153323112797,
          -106.10202776600885,
          -105.94512570149918,
          -105.81431575802274,
          -105.49478006962606,
          -101.17058118931722,
          -106.98631156587317,
          -105.74923572648318,
          -106.54092043490884,
          -105.35406019726074,
          -108.01769246416238,
          -105.81132185229205,
          -108.19429173269157,
          -108.60577896344543,
          -107.76172954922058,
          -108.30028581773954,
          -107.24201186753568,
          -106.81690730377271,
          -107.9359848542814,
          -106.74192394185758,
          -108.1655995168618,
          -106.81407247254572
        ]
      ],
      [
        [
          -97.83444131204935,
          -95.81029211987962,
          -98.2066164628281,
          -93.514870696308,
          -96.85344229173195,
          -97.21359629905845,
          -99.5150697223378,
          -98.80142769663523,
          -102.37384141791782,
          -98.74195765687034,
          -92.45597002361706,
          -105.10877289291304,
          -103.53644778703273,
          -103.71556927779989,
          -104.60284271635159,
          -104.60765251581162,
          -99.13753458215392,
          -103.3188340793415,
          -105.21602687405317,
          -104.31495091156384,
          -103.6016431439285,
          -104.17928822277568,
          -103.12450538780851,
          -105.35398205037616,
          -105.81977162293624,
          -105.36820516192512,
          -105.85862448572806,
          -105.04898192317654,
          -105.64839583931209,
          -105.07516080226745,
          -105.88518513735615,
          -106.13703285494736,
          -106.19173353249198,
          -105.48525981950294,
          -105.80559213788378,
          -106.86258300776862,
          -105.04703062790988,
          -105.689412228991,
          -105.96528249891333,
          -106.27305441622713,
          -105.05765237250864,
          -105.80014724713348,
          -105.66435767653007,
          -106.58244399120655,
          -106.43490998341262,
          -106.33297373964427,
          -106.02526186035128,
          -105.82904950478107,
          -105.50749554132014,
          -106.50301254534008,
          -105.3980461560097,
          -105.47731164997106,
          -105.61821539631173,
          -106.44091651479901,
          -105.71020448886576,
          -104.57862791848194,
          -106.07984412272035,
          -106.60295538223565,
          -105.4702524305841,
          -106.0907322133393,
          -106.16127632375344,
          -106.51968067823886,
          -106.67004016739028,
          -106.80038233238918,
          -105.78040437666053,
          -105.91213595711204,
          -106.07205950925596,
          -105.86756990222183,
          -105.05169407049713,
          -104.88506306689035,
          -106.49283919130708,
          -105.76067126144119,
          -106.91922123842708,
          -99.2786721419619,
          -106.73315340526834,
          -104.99420335231386,
          -105.37233043970838,
          -104.06729788098453,
          -105.56853697577404,
          -106.40044799699452
        ]
      ]
    ]
  },
  {
    "vqe2_energy": [
      -115.11996285987661,
      -109.60624120702899,
      -115.2209751568214
    ],
    "vqe2_vector": [
      [
        0,
        1,
        0,
        0,
        1,
        0,
        1,
        0
      ],
      [
        0,
        0,
        0,
        0,
        1,
        0,
        1,
        1
      ],
      [
        1,
        1,
        0,
        1,
        0,
        0,
        1,
        1
      ]
    ],
    "vqe2_min_error": [
      1.6039088352278186,
      6.316633239692193,
      1.5175709409823157
    ],
    "vqe2_params": [
      [
        4.418504661198432,
        6.272079371278674,
        2.9571884648157454,
        3.5128676514491386,
        0.748224983674747,
        5.861432423353438,
        3.723608312128754,
        5.966862239671762,
        2.815744016309826,
        2.4616154364619045,
        1.370777824234005,
        5.169824584451407,
        2.8146742757785463,
        3.191649961365587,
        3.1589086633764243,
        0.9389699394532456,
        5.37425757219765,
        3.263409877577166,
        2.800084930387446,
        6.980091924426832,
        0.38428398951149123,
        6.6952933290577725,
        0.2258984808868464,
        5.474107143655793,
        4.644168060856513,
        2.0032571808665516,
        4.880836110366118,
        1.6372962189009883,
        4.262168331225608,
        2.4013605480189373,
        2.3532965722951484,
        3.6848652033756237
      ],
      [
        5.92550684707901,
        3.1268384468689745,
        5.190263460639069,
        1.8081344000259902,
        2.5924814797527733,
        3.2975215922091756,
        1.4498710643365116,
        2.96303091789779,
        2.0157086507139916,
        3.5699937444231433,
        3.3576271681630923,
        4.953410868713578,
        4.1731674447217895,
        6.319806846532269,
        3.02814495129777,
        2.9279510324617033,
        4.057906447954388,
        3.7813713214978706,
        2.9601213185782576,
        2.063793983480739,
        5.846620538676947,
        3.0753914384049885,
        4.780017835518706,
        4.395404503840784,
        1.560304477231202,
        5.906992903909794,
        2.884874800266624,
        1.413199118160552,
        6.048241760993632,
        0.6293376153917701,
        2.979750229559896,
        1.3462137827019711,
        2.270802006334282,
        1.998314109805507,
        5.503189308419279,
        1.6160959792528617,
        4.565806663638173,
        1.4101397987864344,
        1.8877916149423493,
        4.86236830737633,
        2.5884184086625197,
        2.4270186250629715,
        0.34594191197834645,
        4.9570821619013365,
        4.148168364585533,
        4.412307610909224,
        5.494389781194203,
        5.646319911312209
      ],
      [
        4.237993648171808,
        1.5188628919530387,
        2.1546579925213836,
        2.6081907618235354,
        3.8790715410339063,
        3.9811995840430914,
        1.3014298234635795,
        2.2914266093420834,
        1.5553097851246678,
        2.036160783905162,
        2.810861924452842,
        6.00759403393312,
        1.3129149872016845,
        1.1314831178556781,
        1.26578201514141,
        2.491817856466952,
        4.90790579324589,
        4.657672676987965,
        5.374822694502325,
        2.534263638785189,
        3.5656476090547295,
        3.8090457571240197,
        4.113642121149308,
        4.571920610187236,
        4.058408053439504,
        3.450502205961439,
        6.0334435323736715,
        5.919447846277441,
        4.669427839635721,
        1.7418760675498706,
        5.391203940069516,
        1.4364190097586826,
        4.871293984813587,
        4.5927696205353365,
        4.316627333227515,
        6.146819520837952,
        5.664337924630106,
        2.737830524841505,
        2.523925726804098,
        5.74142722511323,
        3.036086530683478,
        1.7533020893416833,
        3.5550134477899236,
        1.3773316825961541,
        1.805349112037812,
        4.272554119007972,
        1.3823011199719917,
        1.5454771327064332,
        4.9408495392152805,
        0.7420885476667306,
        3.9707693469131122,
        2.1967594891523228,
        0.013546717422173796,
        3.4002065562718835,
        2.959776883578937,
        7.054447512756478,
        1.2198733592789384,
        1.8528659096436484,
        3.287098414934774,
        5.3851055415057125,
        2.272954494869398,
        6.161268853704376,
        3.8809347051756506,
        2.733656144914528,
        5.412808362600848,
        3.2140902487266287,
        2.5438965574218457,
        5.864426725750418,
        1.4338849662757376,
        5.850517897627484,
        5.955083365778927,
        3.0645147338121412
      ]
    ],
    "vqe2_time": [
      3.6289820671081543,
      5.946677207946777,
      7.603943586349487
    ],
    "solution_vector": [
      0,
      0,
      0,
      0,
      1,
      1,
      1,
      1
    ],
    "solution_min_energy": -116.9964797352559,
    "solution_time": 0.02102184295654297,
    "matrix_size": 8,
    "qubo_matrix": [
      [
        -27.374033656738412,
        3.643137242853259,
        7.286274485706518,
        1.8215686214266296,
        1.8215684401132868,
        3.6431368802265736,
        7.286273760453147,
        1.8215684401132868
      ],
      [
        3.643137242853259,
        -51.10493007062356,
        14.572548971413037,
        3.643137242853259,
        3.6431368802265736,
        7.286273760453147,
        14.572547520906294,
        3.6431368802265736
      ],
      [
        7.286274485706518,
        14.572548971413037,
        -87.63731116983409,
        7.286274485706518,
        7.286273760453147,
        14.572547520906294,
        29.14509504181259,
        7.286273760453147
      ],
      [
        1.8215686214266296,
        3.643137242853259,
        7.286274485706518,
        -27.374033656738412,
        1.8215684401132868,
        3.6431368802265736,
        7.286273760453147,
        1.8215684401132868
      ],
      [
        1.8215684401132868,
        3.6431368802265736,
        7.286273760453147,
        1.8215684401132868,
        -27.375574120166103,
        3.6431469009311757,
        7.286293801862351,
        1.8215734504655878
      ],
      [
        3.6431368802265736,
        7.286273760453147,
        14.572547520906294,
        3.6431368802265736,
        3.6431469009311757,
        -51.108001339401035,
        14.572587603724703,
        3.6431469009311757
      ],
      [
        7.286273760453147,
        14.572547520906294,
        29.14509504181259,
        7.286273760453147,
        7.286293801862351,
        14.572587603724703,
        -87.64341507507737,
        7.286293801862351
      ],
      [
        1.8215684401132868,
        3.6431368802265736,
        7.286273760453147,
        1.8215684401132868,
        1.8215734504655878,
        3.6431469009311757,
        7.286293801862351,
        -27.375574120166103
      ]
    ],
    "ansatze": [
      "twolocal",
      "alternating_ry_rz",
      "random_circuit"
    ],
    "histories_energy": [
      [
        [
          -104.38365933921497,
          -105.35160925421204,
          -105.78064363148002,
          -103.02954307771657,
          -107.11217844521987,
          -108.24311936439184,
          -105.08881866901521,
          -108.27484223491697,
          -106.57426766327363,
          -108.52923433616637,
          -109.20397550616099,
          -108.77735694764894,
          -108.78548528067289,
          -109.05145433565919,
          -109.51771062420318,
          -109.65872537821178,
          -108.90043843878884,
          -106.07662979378543,
          -103.39731334879606,
          -111.74314930940359,
          -112.09760999484355,
          -111.6018453941984,
          -112.82526939371007,
          -111.74473874744433,
          -112.72456863828297,
          -112.52659350259175,
          -112.72898044462038,
          -112.99861526391277,
          -113.05220753889583,
          -112.29076996147103,
          -112.97807673802023,
          -112.47104979304487,
          -112.78418360578362,
          -110.17881465066036,
          -112.28791925767595,
          -112.07609694341016,
          -110.77562464126984,
          -112.22294357107663,
          -112.81610019657002,
          -114.01916162625426,
          -112.13626025705486,
          -113.6778584827196,
          -113.49493652485351,
          -113.43758925835415,
          -113.66018571571516,
          -114.10217430666985,
          -113.40697040517327,
          -114.47851424744398,
          -112.80428687819389,
          -111.54648262774079,
          -114.37611917336015,
          -109.61787185853242,
          -114.76005364380126,
          -113.09529479118002,
          -114.61910514245477,
          -114.42778578152777,
          -113.99784966175605,
          -112.74242046812118,
          -114.35838640640243,
          -113.92520937085565,
          -114.24473428682207,
          -114.30474825061916,
          -114.3724735038867,
          -113.12532218680197,
          -114.19228794003038,
          -113.27337095561305,
          -113.87842065276841,
          -112.44067894417017,
          -113.48501584734058,
          -114.06783640535461,
          -114.44125670214929,
          -114.26081693795419,
          -114.76625787705251,
          -114.29909217681684,
          -113.87965052554046,
          -114.20558755792364,
          -113.93025019739356,
          -114.1934389756141,
          -114.27053797720525,
          -114.13230943722158
        ]
      ],
      [
        [
          -100.78123593833861,
          -101.13476889719492,
          -100.34490507693891,
          -104.18770692342254,
          -104.59173648544993,
          -103.99987768072418,
          -108.88802863659757,
          -108.34481625785808,
          -107.78151773854344,
          -107.10461109036662,
          -103.38450189488381,
          -108.52706720182323,
          -107.51392257600034,
          -109.82034641157452,
          -111.04138468760156,
          -111.3509252381199,
          -110.60155490578292,
          -110.79956586900256,
          -97.47014389721966,
          -110.84959264106662,
          -110.56077344388873,
          -110.94246592035563,
          -105.75608685581801,
          -110.83159776967923,
          -110.55275669122922,
          -110.53362977100876,
          -109.97331938990665,
          -110.31438966427963,
          -111.2728003908502,
          -110.98114838265084,
          -110.69866702980616,
          -110.63672050110881,
          -110.8701591310095,
          -110.97145218523598,
          -110.43700851199256,
          -110.97264048250693,
          -110.70326644762028,
          -110.16737436151263,
          -111.21299805069307,
