[
  {
    "vqe2_energy": [
      -206.01454474992508,
      -179.7793816393383,
      -156.8779498901128
    ],
    "vqe2_vector": [
      [
        0,
        0,
        0,
        0,
        0,
        0,
        0,
        0,
        1,
        0,
        1,
        0,
        0,
        1,
        0,
        0
      ],
      [
        1,
        1,
        0,
        0,
        1,
        0,
        0,
        0,
        0,
        0,
        0,
        0,
        0,
        0,
        0,
        1
      ],
      [
        0,
        0,
        0,
        0,
        1,
        1,
        0,
        1,
        0,
        0,
        0,
        0,
        0,
        0,
        0,
        0
      ]
    ],
    "vqe2_min_error": [
      1.5977976300386998,
      14.12894116046578,
      25.067738342405832
    ],
    "vqe2_params": [
      [
        2.4468467007022503,
        0.9268774785644684,
        1.2653074824866641,
        6.711589660760652,
        1.7519543250279752,
        5.919907188148752,
        7.850865594046468,
        4.39469354601082,
        6.340131719455199,
        0.8088788641544772,
        6.373706678217134,
        4.740997260102536,
        6.008143862143105,
        3.675880927120259,
        -0.04297930842930874,
        6.731437822467541,
        3.5437716217162043,
        0.17851944794924926,
        6.590168429178709,
        2.703147636864921,
        6.209561413512327,
        1.785569738324563,
        3.527669885801763,
        0.6451696889160666,
        0.6770383196725483,
        -0.3130024023978413,
        1.341108324392906,
        2.723337313367333,
        5.59560438733937,
        5.928581970749654,
        6.785998194460249,
        5.562031281130691,
        2.879582179267528,
        6.4499550723643635,
        1.0830701869433017,
        0.19445675297796453,
        4.62645424912136,
        2.9341361274907998,
        4.386493469298839,
        0.1328632490651062,
        -0.2308194513272704,
        -0.6564336339215177,
        6.504330853350276,
        4.877798087109082,
        1.30402592733373,
        2.6994059389909726,
        6.417752452929241,
        5.291760779902323,
        3.7466540853010026,
        4.156695338476969,
        1.1114890313294377,
        5.214949180711167,
        7.237959201611184,
        6.272058385046619,
        3.0779711443634508,
        0.9077888695585894,
        0.5948546009308328,
        2.5109142334447356,
        2.3075301300566973,
        2.6050991352079937,
        0.27384417777584363,
        1.8890129402417426,
        3.6410856476115825,
        2.5169268326126875
      ],
      [
        3.226516249449267,
        1.5047934589937235,
        5.677493607901031,
        2.6154637190046954,
        2.5215305463228432,
        7.086699611147867,
        6.1279346563632915,
        3.4820301713285913,
        3.924703522675196,
        2.354548892175718,
        1.9681130487404006,
        1.5562377931128488,
        2.3090916271252024,
        7.09285540387477,
        6.22515483898134,
        4.131537084536302,
        5.849680296646699,
        2.3762087208791853,
        1.3865355796726375,
        4.32641764275919,
        0.7663332250644456,
        1.8853939951213945,
        7.2210523759943115,
        5.699669189978862,
        3.1131942587592785,
        0.49384520336443055,
        0.5062002881522669,
        3.2542012672083085,
        2.4592572630399947,
        1.1754475428957836,
        3.2458721822641006,
        1.796774994282968,
        6.006967724856665,
        5.683567084621881,
        5.561072764708112,
        5.999942103891287,
        1.2127854358393286,
        2.292816737980353,
        6.929506745501261,
        1.7958196075511241,
        0.7493766557189301,
        3.015773127236794,
        3.1598091039679104,
        6.992772741500244,
        1.7559813683044079,
        2.2485928221905205,
        4.6319278809966615,
        2.8243457110072407,
        0.5282608537943412,
        3.2034662173459,
        1.9862118869796253,
        1.6379144561395609,
        4.000193668027098,
        3.2881029859413613,
        3.33601371840432,
        3.519811711550322,
        0.17829767043713746,
        4.555085175816577,
        5.9156725281996545,
        0.9176444901726973,
        5.281639524618347,
        2.1571974237056994,
        4.85828284553226,
        2.6047504512592945,
        2.7392754962470858,
        3.6119515066571717,
        4.23947322051041,
        3.1169718913328666,
        5.844187362954644,
        2.128444535030176,
        4.3670565160599315,
        2.5235768409474044,
        0.39727895434140315,
        5.111575193169255,
        1.0730441857467883,
        0.9621504071549066,
        4.598485139410127,
        5.682282463192865,
        2.531563822353768,
        3.551646047813842,
        0.30035305804772827,
        3.131579539068186,
        1.0022952182783083,
        1.2525934157350718,
        2.299573258868462,
        3.365015886144786,
        0.0097093333149723,
        2.344402509738945,
        1.0719700001770072,
        5.698595199897903,
        0.045707754394093,
        5.4059671126830855,
        5.282179875160641,
        3.912973219864211,
        4.4629407926981655,
        5.720184929870024
      ],
      [
        4.253887264102373,
        1.1751716113897925,
        5.157914103802375,
        6.593422007213841,
        2.7896256429803232,
        6.112515979185987,
        6.201934422467938,
        5.897757470658423,
        1.8402806998403798,
        4.276297245045581,
        6.5609454647590715,
        5.655624411021209,
        4.389468881382153,
        6.775641745023578,
        0.22561621314335883,
        2.202173872045874,
        3.073198512298559,
        0.8943311414008235,
        0.8557644384534913,
        6.337303162072196,
        6.1008506589892075,
        2.6328720599430646,
        3.1011612802400874,
        1.979947791006367,
        1.9794831410051228,
        1.0622809115013405,
        6.05324714900659,
        1.9688161442942103,
        4.438106481035024,
        6.339084246729507,
        5.529613747299905,
        3.918874613486811,
        2.621653664282566,
        4.455585096693839,
        0.28180266794695424,
        0.2819784013410291,
        3.3300411282772093,
        3.475557888837046,
        4.3098152787495145,
        3.7389107833529476,
        4.612356663498583,
        1.7880766023223975,
        4.669786231419605,
        6.060860909630011,
        1.62519216434363,
        6.036925477050512,
        2.926762531753666,
        5.524300649634346,
        1.6567619197558294,
        2.094380858106204,
        3.682869192568519,
        0.9954689538814332,
        3.3882581050034077,
        3.9289623210960434,
        0.7595805676899691,
        3.833295276798253,
        5.932691713232261,
        4.638200466805207,
        5.751388174077007,
        4.146768744279184,
        5.127621539952101,
        1.0639176022411037,
        1.2308842419815629,
        3.270018745763987,
        2.999311938654243,
        0.8200437754271077,
        6.142887114629785,
        3.3491091036014344,
        5.337145137047282,
        2.640832280120535,
        4.382428318275384,
        3.9345188709434376,
        3.7686643422744375,
        1.6115745831872479,
        6.06801926681631,
        5.295913760654185,
        0.043828534813198886,
        6.221143802899042,
        4.593735827030725,
        2.6959479782340514,
        4.279249573503455,
        3.6296228329855493,
        2.809967923001218,
        5.1571739195914095,
        5.6291943853497175,
        2.1548515348523876,
        1.486572627012238,
        3.3558602199291254,
        2.294925386348343,
        4.174688505082307,
        2.9387745232580853,
        4.148897085580511,
        4.206668826495131,
        5.069330470848978,
        3.9005453250505835,
        2.685159529160325,
        3.625269440353364,
        6.101785926654062,
        0.8690167363219727,
        2.8840978052324333,
        4.303797719464018,
        3.20402703940129,
        0.654751211031658,
        3.946449083268543,
        0.6870883565177721,
        0.47768463151906354,
        2.7617859854460574,
        4.999205677218235,
        3.609292356045584,
        5.335801809180031,
        3.2444494903970384,
        2.7284330151214418,
        2.6138978587392345,
        1.534090685432547,
        3.4992937333326544,
        5.7837699145844885,
        3.6773070144418503,
        3.788454665862928,
        2.0452629296567584,
        4.697918773707023,
        6.084121022316076,
        4.519095043866722,
        6.102681804704285,
        1.065350611596567,
        1.463259725430955,
        1.4607471609699143,
        0.4440592141544759,
        0.10500768081594668,
        4.457034687679988,
        2.7830250342376157,
        2.9549064657151476,
        3.416505990216111,
        5.146838623727072,
        5.672550212325443,
        1.860664885468612,
        5.869207664362129,
        2.484054877703206,
        1.051801953370724,
        5.53381532390001,
        0.8658456915882126,
        4.7856388931805265,
        2.911356419613467,
        0.21187865857469534,
        3.4344724819930113
      ]
    ],
    "vqe2_time": [
      205.46641278266907,
      306.52482414245605,
      330.24981355667114
    ],
    "solution_vector": [
      1,
      0,
      0,
      1,
      1,
      0,
      1,
      1,
      0,
      0,
      0,
      0,
      0,
      0,
      0,
      0
    ],
    "solution_min_energy": -209.35968889738388,
    "solution_time": 0.023610830307006836,
    "matrix_size": 16,
    "qubo_matrix": [
      [
        -49.004802700547415,
        6.524570460964606,
        13.049140921929212,
        3.262285230482303,
        3.2622847343754584,
        6.524569468750917,
        13.049138937501834,
        3.2622847343754584,
        3.262284780979675,
        6.52456956195935,
        13.0491391239187,
        3.262284780979675,
        3.262284850514323,
        6.524569701028646,
        13.049139402057293,
        3.262284850514323
      ],
      [
        6.524570460964606,
        -91.48503494013023,
        26.098281843858423,
        6.524570460964606,
        6.524569468750917,
        13.049138937501834,
        26.098277875003667,
        6.524569468750917,
        6.52456956195935,
        13.0491391239187,
        26.0982782478374,
        6.52456956195935,
        6.524569701028646,
        13.049139402057293,
        26.098278804114585,
        6.524569701028646
      ],
      [
        13.049140921929212,
        26.098281843858423,
        -156.87178803640202,
        13.049140921929212,
        13.049138937501834,
        26.098277875003667,
        52.196555750007334,
        13.049138937501834,
        13.0491391239187,
        26.0982782478374,
        52.1965564956748,
        13.0491391239187,
        13.049139402057293,
        26.098278804114585,
        52.19655760822917,
        13.049139402057293
      ],
      [
        3.262285230482303,
        6.524570460964606,
        13.049140921929212,
        -49.004802700547415,
        3.2622847343754584,
        6.524569468750917,
        13.049138937501834,
        3.2622847343754584,
        3.262284780979675,
        6.52456956195935,
        13.0491391239187,
        3.262284780979675,
        3.262284850514323,
        6.524569701028646,
        13.049139402057293,
        3.262284850514323
      ],
      [
        3.2622847343754584,
        6.524569468750917,
        13.049138937501834,
        3.2622847343754584,
        -49.00634678575433,
        6.524572875484086,
        13.049145750968172,
        3.262286437742043,
        3.2622851158295143,
        6.524570231659029,
        13.049140463318057,
        3.2622851158295143,
        3.262284864538382,
        6.524569729076764,
        13.049139458153528,
        3.262284864538382
      ],
      [
        6.524569468750917,
        13.049138937501834,
        26.098277875003667,
        6.524569468750917,
        6.524572875484086,
        -91.48812069602458,
        26.098291501936345,
        6.524572875484086,
        6.524570231659029,
        13.049140463318057,
        26.098280926636114,
        6.524570231659029,
        6.524569729076764,
        13.049139458153528,
        26.098278916307056,
        6.524569729076764
      ],
      [
        13.049138937501834,
        26.098277875003667,
        52.196555750007334,
        13.049138937501834,
        13.049145750968172,
        26.098291501936345,
        -156.8779498901128,
        13.049145750968172,
        13.049140463318057,
        26.098280926636114,
        52.19656185327223,
        13.049140463318057,
        13.049139458153528,
        26.098278916307056,
        52.19655783261411,
        13.049139458153528
      ],
      [
        3.2622847343754584,
        6.524569468750917,
        13.049138937501834,
        3.2622847343754584,
        3.262286437742043,
        6.524572875484086,
        13.049145750968172,
        -49.00634678575433,
        3.2622851158295143,
        6.524570231659029,
        13.049140463318057,
        3.2622851158295143,
        3.262284864538382,
        6.524569729076764,
        13.049139458153528,
        3.262284864538382
      ],
      [
        3.262284780979675,
        6.52456956195935,
        13.0491391239187,
        3.262284780979675,
        3.2622851158295143,
        6.524570231659029,
        13.049140463318057,
        3.2622851158295143,
        -49.00437172145155,
        6.52456978703326,
        13.04913957406652,
        3.26228489351663,
        3.262284850947218,
        6.524569701894436,
        13.049139403788873,
        3.262284850947218
      ],
      [
        6.52456956195935,
        13.0491391239187,
        26.0982782478374,
        6.52456956195935,
        6.524570231659029,
        13.049140463318057,
        26.098280926636114,
        6.524570231659029,
        6.52456978703326,
        -91.48417365586984,
        26.09827914813304,
        6.52456978703326,
        6.524569701894436,
        13.049139403788873,
        26.098278807577746,
        6.524569701894436
      ],
      [
        13.0491391239187,
        26.0982782478374,
        52.1965564956748,
        13.0491391239187,
        13.049140463318057,
        26.098280926636114,
        52.19656185327223,
        13.049140463318057,
        13.04913957406652,
        26.09827914813304,
        -156.87006816360662,
        13.04913957406652,
        13.049139403788873,
        26.098278807577746,
        52.19655761515549,
        13.049139403788873
      ],
      [
        3.262284780979675,
        6.52456956195935,
        13.0491391239187,
        3.262284780979675,
        3.2622851158295143,
        6.524570231659029,
        13.049140463318057,
        3.2622851158295143,
        3.26228489351663,
        6.52456978703326,
        13.04913957406652,
        -49.00437172145155,
        3.262284850947218,
        6.524569701894436,
        13.049139403788873,
        3.262284850947218
      ],
      [
        3.262284850514323,
        6.524569701028646,
        13.049139402057293,
        3.262284850514323,
        3.262284864538382,
        6.524569729076764,
        13.049139458153528,
        3.262284864538382,
        3.262284850947218,
        6.524569701894436,
        13.049139403788873,
        3.262284850947218,
        -49.00432537325096,
        6.524569714557575,
        13.04913942911515,
        3.2622848572787877
      ],
      [
        6.524569701028646,
        13.049139402057293,
        26.098278804114585,
        6.524569701028646,
        6.524569729076764,
        13.049139458153528,
        26.098278916307056,
        6.524569729076764,
        6.524569701894436,
        13.049139403788873,
        26.098278807577746,
        6.524569701894436,
        6.524569714557575,
        -91.48408103194433,
        26.0982788582303,
        6.524569714557575
      ],
      [
        13.049139402057293,
        26.098278804114585,
        52.19655760822917,
        13.049139402057293,
        13.049139458153528,
        26.098278916307056,
        52.19655783261411,
        13.049139458153528,
        13.049139403788873,
        26.098278807577746,
        52.19655761515549,
        13.049139403788873,
        13.04913942911515,
        26.0982788582303,
        -156.86988320565837,
        13.04913942911515
      ],
      [
        3.262284850514323,
        6.524569701028646,
        13.049139402057293,
        3.262284850514323,
        3.262284864538382,
        6.524569729076764,
        13.049139458153528,
        3.262284864538382,
        3.262284850947218,
        6.524569701894436,
        13.049139403788873,
        3.262284850947218,
        3.2622848572787877,
        6.524569714557575,
        13.04913942911515,
        -49.00432537325096
      ]
    ],
    "ansatze": [
      "twolocal",
      "alternating_ry_rz",
      "random_circuit"
    ],
    "histories_energy": [
      [
        [
          182.60081362892524,
          147.46883209666416,
          145.85371680948836,
          115.82011130400078,
          112.60803383075861,
          111.15155010978428,
          138.32300474865465,
          74.14905893954881,
          64.45222317950221,
          55.95020996733706,
          170.63085765343965,
          50.4015340456168,
          60.150290052077715,
          9.372717723485424,
          4.16278781480133,
          23.05678623486353,
          -9.562715569898263,
          0.01758126193656473,
          16.066835564872704,
          0.3121894261995912,
          -11.495117295757629,
          -7.055066718096049,
          -20.031633277145062,
          1.453274140717193,
          4.436254108474003,
          -10.7825854887774,
          -14.78746712910533,
          -6.627137587873559,
          5.43109052041717,
          -7.1228685807634795,
          -20.929198320034672,
          -28.931222170650766,
          -25.660769541502063,
          -11.032283980449662,
          -52.40664605252911,
          -46.81953020908283,
          -27.53955377241043,
          -42.71761871482955,
          -44.00929640993209,
          -58.676438536268485,
          -54.468827437381464,
          -56.10192366266633,
          12.225804467414106,
          -63.79466154623425,
          -78.59231347165607,
          -81.77127712550673,
          -112.29500186157209,
          -127.13566926451594,
          -137.33837936377265,
          -131.46197487835315,
          -135.87946587807514,
          -136.6939995367305,
          -135.48000709629514,
          -143.44929991154746,
          -144.25844977035706,
          -135.58331008629267,
          -135.69994726322582,
          -143.79618710359188,
          -136.67397687022566,
          -134.800102056159,
          -138.90335472196455,
          -134.65094388258254,
          -133.48892866898098,
          -135.86724334547358,
          -142.6158782196431,
          -166.06065957838697,
          -166.57288460301865,
          -158.46143971702438,
          -166.43461601645606,
          -161.28414191022952,
          -170.22605221333697,
          -165.66261015521098,
          -171.3415744240535,
          -164.96828711847454,
          -167.01724084769435,
          -164.53523121382617,
          -161.4545176861303,
          -175.4252832340217,
          -164.8289212010112,
          -160.42590922763458,
          -170.36066374826555,
          -174.87669685909594,
          -169.80562495775038,
          -177.0370169080998,
          -181.37836144041273,
          -178.51497740906308,
          -183.85606031697233,
          -183.5008606731689,
          -180.3216540377638,
          -179.6011569173479,
          -177.25764591431118,
          -179.40201300088694,
          -183.53504235161168,
          -177.8509073847988,
          -177.95345326374775,
          -186.17078203085237,
          -184.18058946648813,
          -186.41802464705836,
          -183.84457434177526,
          -189.20603591958135,
          -187.87891225657577,
          -183.2300974790446,
          -179.7773842613385,
          -190.88269433060407,
          -189.89126213896336,
          -191.28701644804386,
          -190.1796176859603,
          -186.12839375542433,
          -185.64459337443054,
          -186.2147588945611,
          -191.56860190859697,
          -187.83648855439932,
          -187.7505238259235,
          -190.74230170001712,
          -189.6158852091295,
          -191.06151557889632,
          -192.81027247177045,
          -193.75607885594738,
          -192.8714560848736,
          -191.7018783897666,
          -191.92042940255894,
          -192.75051242318287,
          -192.40231045960442,
          -192.6511551167455,
          -192.81007779864905,
          -192.83845836235372,
          -192.40456091916266,
          -192.1490102988656,
          -193.86577665746893,
          -195.33409346760607,
          -174.4637764253375,
          -189.2129678638975,
          -185.57903563491,
          -194.02545591095145,
          -188.096494220992,
          -191.62548635547088,
          -193.44962106862968,
          -194.16302373892813,
          -191.927577153168,
          -194.97754513088734,
          -189.82698555449727,
          -192.82109967463668,
          -195.17468891750067,
          -193.77983722788656,
          -189.1209023149893,
          -186.83856579460368,
          -181.1728502509877,
          -192.07057621923477,
          -194.90205074089542,
          -193.79570710393074,
          -192.6363613730599,
          -194.02796309339485,
          -196.63789558621417,
          -194.7780685686225,
          -195.4569185781416,
          -194.81444968149805,
          -195.20234918170198,
          -195.621248314533,
          -197.55934093681017,
          -196.17517731728012
        ]
      ],
      [
        [
          202.07156849151966,
          216.60703870607318,
          218.95905953290236,
          151.05391563239053,
          118.39706083308985,
          136.90668944330258,
          22.465048361066813,
          -14.300550183460551,
          -22.177302307846297,
          -9.642891860407332,
          23.718194702950065,
          -49.67975980774567,
          -64.0127888817176,
          -90.29903323932773,
          -114.43804356357151,
          -131.74068488442998,
          -125.03220439291576,
          -128.83136028587884,
          -81.67385738594497,
          -129.34383540519167,
          -129.4768301051052,
          -129.9629733989503,
          -104.74019189584483,
          -135.5042940968185,
          -135.49369711432934,
          -132.07035723411423,
          -61.871889795649295,
          -116.87875696640423,
          -129.8445768253627,
          -118.9973191289314,
          -154.94551997101144,
          -160.90840277934834,
          -162.69611891605444,
          -158.3679281219935,
          -167.24997208215294,
          -169.77945204614065,
          -171.838321234807,
          -171.43556110967054,
          -174.25482560149337,
          -174.83867033816523,
          -174.94063914228596,
          -174.13424592946677,
          -174.28732725352646,
          -171.42417162776428,
          -176.42798048187373,
          -178.20133734085556,
          -159.2949118246226,
          -177.04513782694852,
          -172.77551633232133,
          -175.37492237233883,
          -175.96741488399806,
          -173.84261206105413,
          -172.90834695364168,
          -174.96135280704254,
          -175.54330128319134,
          -171.85307195216745,
          -175.789772375216,
          -173.75586642251534,
          -172.1767051242236,
          -173.42976617820315,
          -177.94142164182685,
          -174.7430993002915,
          -176.80564132942914,
          -179.34190889559562,
          -173.52259101286575,
          -171.27848483332002,
          -174.90223747073276,
          -176.76721134039622,
          -175.07118842068573,
          -178.3483006834441,
          -177.43147952830984,
          -172.67628247538056,
          -178.32807353044257,
          -176.39352531859618,
          -173.98040362330468,
          -175.60244165577055,
          -176.99726531282954,
          -176.15346541762273,
          -170.47273148865463,
          -171.71229533774465,
          -170.58113976841997,
          -174.13911902691524,
          -174.69720738574418,
          -179.0463105131036,
          -173.64199126489945,
          -175.7712352724381,
          -176.61309857202747,
          -177.97999827609016,
          -176.58736202039674,
          -176.98451779249203,
          -175.38889671203523,
          -177.0312937659604,
          -174.36072640507388,
          -174.85274021879792,
          -175.92551004892448,
          -176.00475388196537,
          -175.57877327453676,
          -168.46893603685692,
          -173.17414446505123,
          -173.01697513984035,
          -176.81956436276033,
          -180.09993722359866,
          -177.94412781970922,
          -177.77646443342735,
          -178.60277240599675,
          -172.52124149295696,
          -179.42186619771093,
          -163.53943691476803,
          -176.6601781805112,
          -173.90190473028517,
          -177.63276445011326,
          -179.29096193846883,
          -168.73072047004393,
          -173.52034456387042,
          -178.57195173203328,
          -174.64323233910318,
          -179.25356097004484,
          -167.99210428965432,
          -179.91980202574038,
          -175.48461285901058,
          -179.69637199887353,
          -178.88515744406527,
          -176.42562486927213,
          -178.30373961616715,
          -177.02623654725483,
          -176.64059341502283,
          -177.07091703620222,
          -168.75130778644774,
          -175.74059653254983,
          -179.84469481476222,
          -179.72178636423206,
          -175.9662703175833,
          -176.09808305323065,
          -177.75246897620383,
          -177.78460761189598,
          -172.32917375564293,
          -177.11411305535768,
          -174.13671483611367,
          -177.9779463015788,
          -159.7032755353365,
          -176.95854039370326,
          -175.85973700924922,
          -178.6169869990024,
          -176.93553598424097,
          -178.90459638387645,
          -178.64501592636935,
          -177.4388707733557,
          -173.958779643474,
          -178.89384253618465,
          -173.64614858293854,
          -177.01901124166025,
          -179.559737235937,
          -175.9755479587982,
          -179.07207015110686,
          -175.9621453858245,
          -175.31788910125675,
          -176.78369107014757,
          -178.60752763232588,
          -177.91707353013726,
          -175.6766539803171
        ]
      ],
      [
        [
          -61.76060969788182,
          -86.422562396742,
          -75.63405693725966,
          -93.20623415513168,
          -96.27368400159105,
          -80.67664827610648,
          -42.25286219402422,
          -88.06089053723433,
          -112.06122772244005,
          -104.55602861286324,
          -83.55218862877265,
          -120.83290721954901,
          -117.47062604529742,
          -111.71819022987906,
          -125.38499059004401,
          -119.7297675902336,
          -128.01193347393476,
          -129.37067960500238,
          -126.16728585721826,
          -108.83599837097108,
          -129.38424314702482,
          -87.1287945408883,
          -103.96516227554363,
          -117.95188394322425,
          -129.33997080870606,
          -100.21061968283627,
          -143.4130395314114,
          -128.47304821004266,
          -143.99823104702492,
          -144.32105050350208,
          -156.50742820372986,
          -160.43072065822838,
          -157.57492829093567,
          -149.89743080091077,
          -157.1034089840385,
          -155.02944564428023,
          -159.61691800166727,
          -157.696431835092,
          -152.83510886143762,
          -151.878230252221,
          -148.03543590021852,
          -160.99025284837023,
          -142.65776290064932,
          -156.09092901035015,
          -154.56390187200824,
          -151.6145958104333,
          -140.22356097607917,
          -161.88053947865936,
          -158.7202339583466,
          -157.55396701079485,
          -158.70806650932792,
          -155.62745537931863,
          -158.03775346902998,
          -155.95649702715903,
          -158.47272398118074,
          -160.00985167344166,
          -157.56422465311982,
          -155.0773229209804,
          -156.37351585919436,
          -160.01553171993913,
          -158.15505172730406,
          -156.75583668901763,
          -157.84138729648086,
          -157.83021968921466,
          -159.1681531242559,
          -154.15742055416783,
          -156.84269515333085,
          -160.4804244296311,
          -157.2651389772387,
          -154.1887793366878,
          -158.32504513944633,
          -156.33241692644583,
          -155.15414500985744,
          -158.65070138396635,
          -160.60181905977024,
          -161.5212799025218,
          -156.9253641416418,
          -159.7499313741495,
          -154.52811611454416,
          -157.4088387277506,
          -154.6135945596712,
          -158.17256842350022,
          -159.24297937532856,
          -153.6179875722316,
          -156.07770021795704,
          -157.41081491294025,
          -154.94406322547565,
          -159.03152194204483,
          -155.03970073178647,
          -158.7194528157869,
          -154.38994545716017,
          -157.60118520742589,
          -155.12356232604353,
          -159.9491740380235,
          -157.56040276733185,
          -158.64453109459734,
          -156.31902661589893,
          -158.00162238090013,
          -152.73992169240466,
          -160.45827862184143,
          -157.49591073710297,
          -161.8350030722733,
          -156.9278682007348,
          -159.22194612418554,
          -160.37032241939139,
          -158.0953583893331,
          -156.64703273363907,
          -155.14846400734328,
          -153.33377551062205,
          -157.42108382238868,
          -159.86448289773037,
          -158.76866564430418,
          -160.85122671487662,
          -157.13539364779297,
          -159.27196936804498,
          -160.7313306278271,
          -157.99306713724536,
          -158.0302217907822,
          -158.1990535127049,
          -155.11007078505003,
          -160.37780674625247,
          -159.79898592350605,
          -152.55364464349918,
          -155.75538168714277,
          -156.03976840726477,
          -160.07402493014655,
          -157.78647849274353,
          -157.86330729987802,
          -159.44612797181227,
          -156.43788237819265,
          -158.7678776461663,
          -156.04884838710652,
          -153.8652678989727,
          -158.20091704324338,
          -159.3307184370185,
          -156.1720550037372,
          -159.48004431049145,
          -158.70603727005516,
          -158.72888125940858,
          -155.5697425942101,
          -158.02452212983758,
          -159.90951238523385,
          -159.76419405777344,
          -156.78586571816822,
          -159.88931430509695,
          -123.65406193334708,
          -163.0803309620167,
          -142.7299151449535,
          -161.01979262412428,
          -158.77425789497204,
          -154.12383695338877,
          -166.73552302382265,
          -164.14602031885795,
          -159.95328517333894,
          -162.17351470703886,
          -147.37239511998024,
          -157.0208727818897,
          -161.4315740519532,
          -167.3613732425251,
          -163.57755543024015
        ]
      ]
    ]
  },
  {
    "vqe2_energy": [
      -125.72058409758716,
      -123.72994567084167,
      -107.98485959361116
    ],
    "vqe2_vector": [
      [
        0,
        1,
        0,
        1,
        0,
        0,
        0,
        1,
        0,
        1,
        0,
        0,
        0,
        1,
        0,
        0
      ],
      [
        1,
        0,
        0,
        0,
        1,
        0,
        0,
        0,
        1,
        0,
        0,
        0,
        0,
        0,
        1,
        0
      ],
      [
        0,
        0,
        0,
        1,
        0,
        0,
        0,
        0,
        0,
        0,
        0,
        0,
        1,
        1,
        0,
        1
      ]
    ],
    "vqe2_min_error": [
      1.1103015928881632e-05,
      1.5833939834036026,
      14.107265425831372
    ],
    "vqe2_params": [
      [
        5.524430561485516,
        6.095169955452951,
        0.6660017583871786,
        1.9641394027696073,
        0.9993896488098627,
        3.1598409592022167,
        4.704911161305734,
        4.172026777826093,
        1.4289062806641832,
        3.467118065123545,
        2.5150869355216,
        6.009853621731134,
        2.107132930424386,
        0.7775916771821392,
        2.5059367372200585,
        1.533009635354128,
        0.49942218011638784,
        6.461644539978241,
        2.0580157353989414,
        2.9871574725593293,
        5.451750134239066,
        4.759510933401283,
        0.25792286870878034,
        1.142264027604668,
        5.179955438832659,
        3.802817790375363,
        0.4677610137685422,
        5.378519141540207,
        1.630402180615788,
        0.9851640221408603,
        4.874092736063607,
        3.5037945039870295,
        0.1818434192184839,
        -0.06809602896377129,
        2.841326567253677,
        0.6021429620281797,
        -0.07707657271897418,
        2.9582340771994198,
        2.588459689199007,
        1.9990152807233683,
        2.3634202243512736,
        2.5079125305811307,
        2.239519101464916,
        0.33015154730367824,
        5.65220290708288,
        5.208382936114335,
        1.3287658146882426,
        3.921553629165594,
        5.158036324794385,
        5.496906491200546,
        3.1685682846021073,
        3.5501295197658465,
        2.7633048762249683,
        0.8623604310147049,
        1.1700711997061286,
        1.6336454644077665,
        4.14433764131337,
        3.6428686334055542,
        1.6272890628371193,
        4.223644227645242,
        6.090340521262499,
        2.626587226479687,
        6.214846278296098,
        1.2028805565817633
      ],
      [
        3.5491261466055763,
        4.067116329833819,
        2.906334488184402,
        4.400693212796545,
        2.6898219757607738,
        4.461245314213434,
        5.8313011196728555,
        2.7506034808802795,
        3.03069329392025,
        4.8928345685370305,
        0.691108633655786,
        2.506064207022362,
        6.107451925438231,
        5.318907853803862,
        3.2532066435548512,
        6.591621182426293,
        2.33961196637893,
        2.8561894619257697,
        6.119198902353748,
        4.378485198847006,
        6.969558884673291,
        4.795288682103582,
        6.369739923249286,
        3.9756908518697087,
        2.945689039618073,
        5.053003205283574,
        4.1758024508688605,
        6.353313747129407,
        6.461703587129706,
        0.391868216472255,
        6.038855035576052,
        5.9513791745917874,
        0.11920407290109004,
        2.5862377406118684,
        4.19058422823048,
        5.168715000609643,
        4.398753588211418,
        4.630824731250107,
        6.469217141261402,
        1.063681654644409,
        0.2731797514375359,
        4.3828457078524785,
        3.233740913254002,
        7.236086711667588,
        6.074639265481543,
        0.036573085726827104,
        3.023043062601026,
        3.3536390127776126,
        4.96844474867043,
        1.600180786600537,
        1.4318657836770223,
        4.159814800371098,
        6.039501862514086,
        1.4891837720066756,
        2.510688601161556,
        6.06710670791036,
        1.668096050993968,
        2.6864057958597707,
        0.5288105302475685,
        2.9926068638990366,
        4.909673043989963,
        5.650542133905702,
        5.440807768916484,
        3.364401088344179,
        3.965138079412845,
        5.134068943847717,
        4.370308530242218,
        4.1999598873445585,
        4.010125528387825,
        3.801184849499227,
        5.087181156098789,
        3.7601887031176298,
        0.5255816680099012,
        5.347640854242223,
        5.701844069501062,
        4.2818427276754765,
        6.284510831898331,
        4.834240199080647,
        5.903678806365469,
        0.7032061137308027,
        2.12813591321379,
        6.0345215036351245,
        0.5692374384361538,
        4.500550893414073,
        5.615858333757698,
        3.9492639158930642,
        3.9364974860650856,
        0.13863152225282022,
        3.741463326567095,
        2.590315557438502,
        4.110396992937912,
        0.924736616544685,
        1.3481862260688697,
        4.926273398608965,
        4.5034450654135165,
        1.2298643716665902
      ],
      [
        3.9423200502801263,
        2.745111391974374,
        3.030758625055197,
        3.817623231741366,
        4.423457667523317,
        0.26337899947393445,
        6.152710960544331,
        6.560881048496566,
        0.43543772863069136,
        7.26935747060003,
        0.36516265592400354,
        3.1836108450680323,
        2.9063303099062705,
        0.6710685353726005,
        6.269309650594436,
        3.1205422187144767,
        1.1801864650305993,
        5.74256044316069,
        0.8697211150292756,
        4.258063157647921,
        3.725988216882577,
        0.164027030377436,
        6.9554710509954365,
        0.49535220859465096,
        5.4631318256349495,
        5.154771071938061,
        6.880181569403905,
        3.510102563622347,
        2.6815004462944256,
        5.333481376759346,
        0.7188841168283147,
        3.0061080540485055,
        6.173946119790058,
        5.969946522761448,
        1.3512069607356085,
        1.1857467906521522,
        3.91567872714293,
        2.3627811234545515,
        3.1657028450059035,
        6.182882292301059,
        6.625118673843067,
        0.17047901111513591,
        5.513332322968969,
        0.6284801537632602,
        2.2563190302395855,
        3.031549517682065,
        6.307993561890588,
        3.3437584180583313,
        2.1498527741349567,
        2.011256763646316,
        5.155773200617958,
        0.5792766624605676,
        3.6391068257809707,
        5.208540988283206,
        2.338310616780823,
        4.700104433488282,
        3.167596435318053,
        3.68401247587522,
        3.2909745535482244,
        0.5109612339842217,
        5.158950748138437,
        5.415440840378528,
        1.9862396805875653,
        0.53273506069761,
        0.28583628437117764,
        1.2797650095294466,
        4.102162876019392,
        3.9236601926431978,
        0.7590235969979651,
        5.043398623919948,
        3.175435037632479,
        4.466770394396772,
        0.9178662824781298,
        5.769541119824066,
        1.628173327073994,
        5.254691324563471,
        1.4943385256171735,
        2.250832176656235,
        6.1853910277561726,
        2.6926913559125016,
        1.5711127270157397,
        5.814435650150182,
        0.665740028758778,
        0.39478604783197135,
        0.6737538357915475,
        0.45693684162883147,
        3.6651050198185686,
        6.211152373372704,
        0.9257170384543204,
        5.107043814658348,
        2.3323365579568063,
        5.424501101376069,
        0.921414861647566,
        4.952805564747288,
        3.8110140128316012,
        4.122492210601241,
        2.604596671815774,
        3.5117853079359698,
        1.5199763593985711,
        6.024934668709007,
        3.5261765686661763,
        3.4866917390700976,
        1.1033137055486815,
        1.917048764898151,
