[
  {
    "vqe2_energy": [
      -135.53105088627345,
      -137.59857895217107,
      -118.11831325840693
    ],
    "vqe2_vector": [
      [
        0,
        1,
        1,
        0,
        0,
        1,
        0,
        1
      ],
      [
        0,
        1,
        1,
        1,
        1,
        0,
        0,
        0
      ],
      [
        1,
        1,
        0,
        0,
        0,
        1,
        0,
        0
      ]
    ],
    "vqe2_min_error": [
      1.5102032818148814,
      0.0077400633287427745,
      14.163960321703362
    ],
    "vqe2_params": [
      [
        2.9944098752978063,
        0.31036255710167227,
        3.4818921861873857,
        0.7905633849021271,
        3.1931788752666375,
        2.4568420581337,
        6.343399006701982,
        6.029172094992537,
        0.8127366427313025,
        0.5298525184366714,
        1.4262453644533293,
        4.231588192161763,
        4.605093353630241,
        3.113696341862648,
        1.3957950087761561,
        4.413907122942709,
        0.3761183264696685,
        5.923194113063637,
        1.1979763473433531,
        0.34619011505164266,
        2.7598859796402935,
        0.45456972054971284,
        2.555738320927871,
        -0.00883026119279283,
        4.393042950008449,
        2.112825681538701,
        3.0250008536166435,
        4.831076437616126,
        1.5311415164635522,
        2.4038088970383464,
        0.48724520299916224,
        3.287654739364128
      ],
      [
        3.0596274748391092,
        1.4340550997804942,
        4.880361093209915,
        4.276768575589138,
        5.491875680927325,
        2.140183493449779,
        5.741048053403314,
        5.454427074703137,
        4.07651212617331,
        1.4573753111189824,
        4.375548853762012,
        3.329586827328935,
        1.3234331331192433,
        5.728591601662831,
        2.54362855985243,
        2.9698694599382396,
        5.666829424075503,
        1.6344398171385732,
        4.534834152922644,
        2.7516526689417975,
        3.923882983593138,
        4.162215491061008,
        0.49663175677426824,
        3.202973593376693,
        -0.43713241417566556,
        3.808299084330631,
        3.36335645939353,
        2.7888582317101793,
        3.906794397575739,
        5.444127651968331,
        0.968595867400498,
        0.38471422568117514,
        4.520341279917692,
        1.224656700906369,
        5.2518245180048355,
        5.049942128161477,
        0.4553362202511153,
        0.1941447956162015,
        3.713305818469681,
        1.386413982200235,
        3.0290414247899036,
        -0.02137793299471293,
        3.121198408800122,
        0.20900908613232183,
        3.202414809181379,
        2.518623270668951,
        0.22286122373745543,
        4.882245266328472
      ],
      [
        6.23292767626929,
        2.652244289089007,
        3.629050885247342,
        5.188853590287461,
        2.534628741653772,
        1.2127237589071347,
        5.7040551980008365,
        1.818494213063186,
        2.7549269603214217,
        1.8632426365049664,
        4.166514887247242,
        6.239661126687664,
        5.322863720407632,
        4.0479611364620744,
        1.608752456860249,
        2.3509064202192556,
        5.568949159954919,
        1.1344087991014402,
        3.55706365804562,
        1.1284678121118932,
        0.1584747466784941,
        5.138003314334168,
        5.021677887404374,
        1.5207184381457897,
        1.5441361192004697,
        0.9979483955276733,
        4.6766480312076855,
        5.33990702711486,
        6.1453825743689245,
        2.139008994456669,
        4.1034051612723585,
        3.8639020401047275,
        2.9910747859117537,
        3.8025937611848217,
        1.0470358008426996,
        3.4505994577198478,
        3.6704690534118494,
        5.004949323582069,
        0.7456755999875867,
        4.118419007020142,
        2.5837531758837455,
        1.4894400637421046,
        1.9038644696634144,
        5.908771813476989,
        5.748872610515054,
        1.8876961771858471,
        0.29251842379547055,
        1.8143517816625638,
        5.079610417877923,
        1.0512280380393297,
        1.656507590392862,
        3.3754068405037105,
        3.3639327071263985,
        3.2738016623873114,
        5.154971541357235,
        0.5563680353326631,
        3.0063606416864035,
        4.7235058819557745,
        4.035432638877297,
        1.6940399503447938,
        3.36396095175813,
        1.155097798646345,
        0.17626753133347697,
        2.7532938425079054,
        3.494682111891909,
        2.3056713813917384,
        4.891428687818789,
        3.010769709982913,
        0.06339319702600582,
        0.9722085673297374,
        3.6483302971621807,
        2.848515222023469
      ]
    ],
    "vqe2_time": [
      2.804548978805542,
      6.3138580322265625,
      11.626368045806885
    ],
    "solution_vector": [
      0,
      0,
      0,
      0,
      1,
      1,
      1,
      1
    ],
    "solution_min_energy": -137.60922999371877,
    "solution_time": 0.024055957794189453,
    "matrix_size": 8,
    "qubo_matrix": [
      [
        -32.18759916778868,
        4.282277541395615,
        8.56455508279123,
        2.1411387706978076,
        2.1411377784841186,
        4.282275556968237,
        8.564551113936474,
        2.1411377784841186
      ],
      [
        4.282277541395615,
        -60.09292079418175,
        17.12911016558246,
        4.282277541395615,
        4.282275556968237,
        8.564551113936474,
        17.12910222787295,
        4.282275556968237
      ],
      [
        8.56455508279123,
        17.12911016558246,
        -103.05673142278104,
        8.56455508279123,
        8.564551113936474,
        17.12910222787295,
        34.2582044557459,
        8.564551113936474
      ],
      [
        2.1411387706978076,
        4.282277541395615,
        8.56455508279123,
        -32.18759916778868,
        2.1411377784841186,
        4.282275556968237,
        8.564551113936474,
        2.1411377784841186
      ],
      [
        2.1411377784841186,
        4.282275556968237,
        8.564551113936474,
        2.1411377784841186,
        -32.189142045735856,
        4.282282370434574,
        8.564564740869148,
        2.141141185217287
      ],
      [
        4.282275556968237,
        8.564551113936474,
        17.12910222787295,
        4.282275556968237,
        4.282282370434574,
        -60.09600172103714,
        17.129129481738296,
        4.282282370434574
      ],
      [
        8.564551113936474,
        17.12910222787295,
        34.2582044557459,
        8.564551113936474,
        8.564564740869148,
        17.129129481738296,
        -103.06287396033598,
        8.564564740869148
      ],
      [
        2.1411377784841186,
        4.282275556968237,
        8.564551113936474,
        2.1411377784841186,
        2.141141185217287,
        4.282282370434574,
        8.564564740869148,
        -32.189142045735856
      ]
    ],
    "ansatze": [
      "twolocal",
      "alternating_ry_rz",
      "random_circuit"
    ],
    "histories_energy": [
      [
        [
          -127.5353983344327,
          -125.97934420805696,
          -113.5189815379502,
          -123.27145621885231,
          -126.39756743822151,
          -127.81418615220332,
          -126.58684388166435,
          -127.57555397217541,
          -127.31649516725142,
          -126.86927736044784,
          -126.9920886809708,
          -128.66857788206443,
          -128.75165568620017,
          -129.59105884060816,
          -127.71914793007997,
          -128.34053937204334,
          -128.37774412411676,
          -128.61780977667522,
          -117.97017964459343,
          -125.67526477311554,
          -126.99461676738889,
          -127.88820240419446,
          -126.53798037857115,
          -127.70832827905171,
          -127.42354289835474,
          -129.2650545410696,
          -128.6697554375601,
          -128.58126723449396,
          -129.15291291825514,
          -127.78903777152482,
          -128.33040791736698,
          -127.736541008292,
          -128.0195635793219,
          -125.21088597307491,
          -127.22506931410012,
          -122.77775092025037,
          -127.25215715250125,
          -126.98151526099964,
          -129.70227989398745,
          -129.79348126061643,
          -130.36140066186715,
          -129.73049004571476,
          -130.55197485210368,
          -132.05726157453586,
          -132.08437342393523,
          -131.6862117641154,
          -129.53682582390715,
          -129.5478278586632,
          -132.16941136235806,
          -132.87484223744679,
          -132.31050759537618,
          -132.13832010434942,
          -131.5586311982446,
          -131.99951201819195,
          -132.51322467279246,
          -133.06880303014242,
          -132.7586642204123,
          -132.23438263335672,
          -133.03176286113785,
          -132.25453230900143,
          -133.0640314552212,
          -132.1937498086354,
          -132.6139768434,
          -132.37259605251083,
          -132.7048444150686,
          -132.56291619600017,
          -132.92168078330172,
          -133.0568503747395,
          -132.81682180862023,
          -132.0160021965694,
          -132.73767744674086,
          -132.57824046612527,
          -132.14883978554047,
          -133.37997900671988,
          -131.6403467199167,
          -132.80018400572632,
          -134.11082917081688,
          -133.55267647328833,
          -133.50598878438916,
          -132.62665882009946
        ]
      ],
      [
        [
          -114.35070327416776,
          -113.13857227441576,
          -115.0871828192887,
          -111.88339808049004,
          -110.96327963916913,
          -113.80352003889777,
          -105.52412239479997,
          -114.58329082127199,
          -114.73771192142537,
          -114.62934921869305,
          -114.05822261001387,
          -114.32156998717838,
          -115.5902552457744,
          -115.31019905330844,
          -109.75410662117353,
          -107.52389311792693,
          -115.93090449172574,
          -113.96517935313219,
          -115.34088036984106,
          -115.69153413050813,
          -112.2800229366154,
          -118.9652339365497,
          -125.16442389170948,
          -120.59561929135103,
          -123.3024451778203,
          -123.72866783781953,
          -122.81942110462684,
          -124.49824318268844,
          -125.42835095267222,
          -124.52621578345908,
          -124.69445693846207,
          -123.8863124638373,
          -123.7674970192608,
          -123.87521776340114,
          -123.13764603881319,
          -124.38974080807554,
          -124.09854121796387,
          -123.33006924192954,
          -124.20833900040729,
          -124.65188677943772,
          -123.55883426307688,
          -122.73808444078966,
          -123.44851517124123,
          -123.00624942778356,
          -124.79088701812204,
          -124.00713230962609,
          -124.85367509206569,
          -124.40363692909003,
          -122.60369514893745,
          -123.85488737387874,
          -124.80312056900267,
          -125.10911030241822,
          -121.82879896430622,
          -125.64562756610931,
          -125.5693298010825,
          -125.56806560390174,
          -120.83396303701413,
          -125.5584024979934,
          -125.76820472018099,
          -128.87362587117778,
          -125.82394864497762,
          -128.47094377235115,
          -128.57982998686512,
          -129.34761551164405,
          -129.38242190879052,
          -124.44595051777863,
          -130.32969613710804,
          -129.1192658547442,
          -129.75549785913762,
          -129.40416628281173,
          -130.93447093887428,
          -124.03096812540355,
          -130.6177178501525,
          -127.4069214992344,
          -131.03890921885736,
          -130.1367997991072,
          -131.59275555395854,
          -131.0846711695895,
          -130.3048881139824,
          -130.27816638320743
        ]
      ],
      [
        [
          -112.88308757155791,
          -116.3773560007238,
          -114.56660826801915,
          -113.86866435937547,
          -116.53795326747314,
          -118.7954049057661,
          -116.78671915051815,
          -116.27043517369344,
          -118.69436074162243,
          -116.81155260662324,
          -113.01559360941764,
          -117.88017014367506,
          -116.15143141075855,
          -117.3757691410586,
          -118.173615083441,
          -113.65387789089887,
          -115.22297112346939,
          -117.98233814214956,
          -119.76135684778015,
          -116.60203542560015,
          -120.93705956389903,
          -120.38954572703142,
          -121.11206219439897,
          -117.82419502225284,
          -117.84056796176618,
          -119.448145885246,
          -120.30502445219037,
          -119.68311941564833,
          -118.88346575555705,
          -118.29913313331495,
          -119.48371021432051,
          -119.63021836420344,
          -119.48020147809987,
          -119.24402711407897,
          -120.20628267491944,
          -120.46873760355872,
          -119.40149961997145,
          -118.79696731986078,
          -120.56756369127243,
          -120.25674437695557,
          -119.07607022434793,
          -119.83811394729618,
          -120.26247415935867,
          -120.3082688563914,
          -119.46017182759445,
          -119.14741855310109,
          -119.28858379381013,
          -119.78020352283973,
          -119.22358262376565,
          -119.58284355641881,
          -120.3552231280933,
          -119.07834433131288,
          -119.310821212814,
          -120.27474216579586,
          -120.29161222141016,
          -118.91165072551861,
          -119.11189299980055,
          -119.24461853337002,
          -120.57260410978068,
          -119.53595426955883,
          -119.61353677826038,
          -119.80516612401995,
          -119.38135590265578,
          -119.18484075486447,
          -119.17334849428225,
          -118.10974328682511,
          -119.80985206077958,
          -119.89851057718805,
          -120.54645955288133,
          -118.91691308348878,
          -118.50957450729656,
          -120.03801167281102,
          -120.67014907792336,
          -119.01868593809509,
          -119.37442863139378,
          -117.7920616845332,
          -121.09423968430957,
          -120.28137693338908,
          -119.18822935841025,
          -119.74124230940423
        ]
      ]
    ]
  },
  {
    "vqe2_energy": [
      -95.15317077347085,
      -93.640049401661,
      -81.89518747589952
    ],
    "vqe2_vector": [
      [
        0,
        1,
        1,
        1,
        1,
        0,
        0,
        0
      ],
      [
        0,
        1,
        0,
        1,
        0,
        0,
        1,
        0
      ],
      [
        0,
        0,
        1,
        1,
        1,
        0,
        1,
        1
      ]
    ],
    "vqe2_min_error": [
      4.439020802049498e-05,
      1.590239112919234,
      13.933345093227112
    ],
    "vqe2_params": [
      [
        3.0205119553313655,
        1.105419267222484,
        3.1560904164068986,
        6.593883750262563,
        6.729434847444456,
        0.8686086138725221,
        3.006473730148913,
        1.8655584432122103,
        2.2213279105662522,
        3.082409649774592,
        1.0982833025422198,
        3.4159357588101726,
        1.1660020246556344,
        5.551997626956068,
        1.8761726381277049,
        3.692549274480062,
        4.333190386302445,
        0.9969286484208152,
        1.523556568059624,
        2.6230386561898458,
        4.010268909798983,
        3.6261018275167123,
        1.605267508745375,
        5.731837799895568,
        3.617471363674437,
        5.112981958509895,
        4.457037238014756,
        2.728600976432495,
        5.72323185415332,
        1.8953503828343725,
        4.130653095046153,
        2.295922565851738
      ],
      [
        0.4482174249362157,
        0.4278646597536459,
        5.394870788699152,
        3.173401426487036,
        6.072266267455271,
        5.265751177849755,
        3.11083804004591,
        5.535035764895655,
        4.836698713507931,
        5.345875854244218,
        3.7853540479253422,
        2.035435686248472,
        4.061115198793518,
        5.706592200364979,
        2.562323225549013,
        6.227085966090928,
        3.5210613695044986,
        2.2672886617822354,
        4.257038228617738,
        0.6603150845663323,
        5.458757621054233,
        1.0464381266183012,
        2.6917606356261543,
        5.652923790077275,
        3.9935896589261555,
        5.364214434848846,
        1.5350592659451867,
        2.151573439890921,
        3.1221056001259466,
        1.6880199640579006,
        2.7827529798376935,
        0.4728190992726583,
        5.571022575937071,
        0.8255669158951168,
        4.65062977724899,
        2.8612065045736226,
        5.360915060793497,
        4.074855792500139,
        4.473755202882665,
        4.667606758577958,
        1.3348973631905359,
        0.9883957665297612,
        5.026785582814519,
        0.21408035550393478,
        0.6383270608567275,
        1.5820165968399988,
        2.850592725325522,
        0.46611456041179866
      ],
      [
        2.3030691889374824,
        1.1522730537592567,
        5.093007768067791,
        5.118689192021199,
        6.503935485417681,
        7.090534067313417,
        2.157311903153749,
        4.076878360022741,
        2.0836661304428215,
        1.260754226549037,
        5.288249803601686,
        1.6028435870401452,
        5.852512379178536,
        5.304882645420639,
        2.039157219262611,
        2.86194896240071,
        3.1600667393543964,
        2.623627202650097,
        1.3858930113055383,
        1.8656060900512892,
        4.918648961254277,
        4.466931563540567,
        4.621244904558931,
        3.1505563289549725,
        1.8067493150121345,
        1.532756930937536,
        5.983707840711022,
        3.684585136835247,
        4.398151517304872,
        0.848717440183331,
        3.7087483431546535,
        0.5000144330075261,
        1.5288876847903425,
        1.3641376387605935,
        6.2230237305891425,
        0.8969782009156231,
        2.2494359094591094,
        2.8103214188063834,
        0.8033347181947142,
        6.065594955398116,
        5.438067228770284,
        2.0064653089306606,
        0.3091719377069463,
        2.6432195547576702,
        5.2440845597124675,
        5.5174022556269895,
        3.4834159639914777,
        2.2717217390175377,
        1.8360560938214041,
        1.0309010446405706,
        1.6618760864765103,
        3.8435849906769093,
        2.7870649481458187,
        3.882293125972645,
        2.472317517282596,
        0.7692709098961934,
        7.222934903616624,
        3.389465347219442,
        0.03274226258543266,
        6.183167286379931,
        4.77902425686274,
        0.3482580495000926,
        1.0119175688442221,
        4.2866864392839075,
        5.15669522312437,
        2.866119759138131,
        5.892150658749963,
        0.6525661260177893,
        2.7225793106174163,
        6.084770510433341,
        0.17256366868510514,
        3.72386371794741
      ]
    ],
    "vqe2_time": [
      5.6457297801971436,
      3.6008832454681396,
      9.67975664138794
    ],
    "solution_vector": [
      0,
      1,
      1,
      0,
      1,
      0,
      0,
      1
    ],
    "solution_min_energy": -95.15321301218005,
    "solution_time": 0.021756887435913086,
    "matrix_size": 8,
    "qubo_matrix": [
      [
        -22.275355364925243,
        2.9660643701277665,
        5.932128740255533,
        1.4830321850638832,
        1.4830222629269918,
        2.9660445258539836,
        5.932089051707967,
        1.4830222629269918
      ],
      [
        2.9660643701277665,
        -41.58464635972272,
        11.864257480511066,
        2.9660643701277665,
        2.9660445258539836,
        5.932089051707967,
        11.864178103415934,
        2.9660445258539836
      ],
      [
        5.932128740255533,
        11.864257480511066,
        -71.30503523893438,
        5.932128740255533,
        5.932089051707967,
        11.864178103415934,
        23.72835620683187,
        5.932089051707967
      ],
      [
        1.4830321850638832,
        2.9660643701277665,
        5.932128740255533,
        -22.275355364925243,
        1.4830222629269918,
        2.9660445258539836,
        5.932089051707967,
        1.4830222629269918
      ],
      [
        1.4830222629269918,
        2.9660445258539836,
        5.932089051707967,
        1.4830222629269918,
        -22.27534667265512,
        2.966112660517349,
        5.932225321034698,
        1.4830563302586746
      ],
      [
        2.9660445258539836,
        5.932089051707967,
        11.864178103415934,
        2.9660445258539836,
        2.966112660517349,
        -41.58458068479289,
        11.864450642069396,
        2.966112660517349
      ],
      [
        5.932089051707967,
        11.864178103415934,
        23.72835620683187,
        5.932089051707967,
        5.932225321034698,
        11.864450642069396,
        -71.30471072751638,
        5.932225321034698
      ],
      [
        1.4830222629269918,
        2.9660445258539836,
        5.932089051707967,
        1.4830222629269918,
        1.4830563302586746,
        2.966112660517349,
        5.932225321034698,
        -22.27534667265512
      ]
    ],
    "ansatze": [
      "twolocal",
      "alternating_ry_rz",
      "random_circuit"
    ],
    "histories_energy": [
      [
        [
          -86.40467798937614,
          -81.9506804998919,
          -83.14219416469862,
          -83.22672730319809,
          -86.9214098513205,
          -86.93667385534734,
          -80.81566542855975,
          -86.6581141799939,
          -86.38099183443313,
          -86.36750322435606,
          -81.83554414944561,
          -86.40499135025182,
          -86.95282229189567,
          -85.69518767931783,
          -88.25272786008462,
          -87.85992708564208,
          -88.00604952392675,
          -87.14776847402791,
          -79.99890283902542,
          -87.65925016610872,
          -87.41089733067028,
          -87.91124323700642,
          -84.83264441749537,
          -87.27335250186802,
          -87.43148045746362,
          -88.23645025714889,
          -88.23333765335988,
          -88.03377152268246,
          -87.5824744541543,
          -88.09557186386905,
          -87.6791925754508,
          -87.86978763856084,
          -87.55431300528659,
          -87.70583846751265,
          -86.25242680716241,
          -81.02469568789294,
          -87.55972239654642,
          -87.66647879807843,
          -87.47880817370911,
          -87.31103235552392,
          -85.57298773480991,
          -87.77618601211725,
          -88.11507599843566,
          -87.54848993595292,
          -87.90587408529909,
          -87.28456210919384,
          -88.60941601516859,
          -88.42353353208644,
          -87.35772465358089,
          -88.23793113797815,
          -86.37671434329035,
          -88.60604686564169,
          -86.77555482027904,
          -88.27890115045248,
          -87.6817009643823,
          -88.5064829087834,
          -88.62233887162625,
          -88.19063286503659,
          -88.35456254531032,
          -89.0787729081696,
          -89.43305911837606,
          -87.98262671806137,
          -88.63574167164201,
          -88.98469921812315,
          -87.82136755582704,
          -88.79948991617461,
          -88.44790108050529,
          -88.5580146937819,
          -88.74066206399209,
          -88.63009199989659,
          -87.95351136430884,
          -88.30132972739936,
          -88.27134675355332,
          -88.68548345972907,
          -89.22956550480886,
          -88.6073179977905,
          -88.59008404620374,
          -87.88993847531702,
          -88.09984961496812,
          -88.1244734782034
        ]
      ],
      [
        [
          -89.48946602529776,
          -88.77577000947423,
          -84.31020532762894,
          -88.92502737701571,
          -87.93220586235998,
          -88.99031166324157,
          -88.14142310743595,
          -89.35584564448018,
          -88.71422358609674,
          -89.23251709016573,
          -78.39898606462732,
          -89.12935310898774,
          -88.6488443587017,
          -88.71577876949354,
          -86.26264834704752,
          -90.19192851365376,
          -90.2534152126102,
          -89.56025647721737,
          -87.58012033049955,
          -87.82515201059425,
          -89.46421003521617,
          -90.12992944956108,
          -80.54588896790075,
          -89.1728403095315,
          -90.43256970666162,
          -90.35041116421304,
          -90.12886016469837,
          -89.60652029270865,
          -90.25678915822611,
          -90.73365589785739,
          -89.41133880951924,
          -90.13979277992152,
          -89.39717092258539,
          -89.66481618431638,
          -89.99879452255882,
          -90.36889111950438,
          -89.627792435705,
          -89.75563393120805,
          -90.36611760153282,
          -90.36763240570603,
          -90.43384595604111,
          -89.9487288475202,
          -90.30901704224749,
          -89.92148004542663,
          -90.56113055787111,
          -90.65697772930677,
          -90.2537032583735,
          -89.43270656425241,
          -89.30898740798474,
          -84.04925621644095,
          -89.66736361652019,
          -88.02689762321711,
          -89.2532915470587,
          -90.98391913766332,
          -90.24816396517926,
          -84.8080622907317,
          -87.84406604175369,
          -80.12474117024121,
          -89.82900389472688,
          -88.7038350520001,
          -90.40854786094296,
          -90.2409525184872,
          -89.97982664043055,
          -90.595696870919,
          -90.23628957065836,
          -89.89680725524303,
          -90.48584729078756,
          -90.8271224871989,
          -89.25213418617602,
          -90.27024149158156,
          -90.21664383883112,
          -90.09821861153902,
          -89.8783974842514,
          -90.13849654672441,
          -90.46217480361739,
          -90.31528094496474,
          -90.56682063117456,
          -90.03538741273753,
          -89.82951893315283,
          -89.24941443444271
        ]
      ],
      [
        [
          -73.7273477509512,
          -74.4103551413719,
          -73.96564552791274,
          -74.16741102055984,
          -73.59950404668162,
          -76.29770959975005,
          -78.44274430070506,
          -72.6685209139878,
          -79.33315315363774,
          -79.64495971144889,
          -78.79715617693206,
          -78.56857976373607,
          -79.01684859745136,
          -79.12663345944709,
          -69.96639784563192,
          -76.15431833507299,
          -75.11450740288097,
          -80.61042097200004,
          -82.90844918479235,
          -83.62347726728738,
          -84.38893054799608,
          -84.40779192990468,
          -79.60249481259588,
          -82.13771266813731,
          -82.75672033320176,
          -83.76854589131092,
          -83.74199381790152,
          -83.89853952550969,
          -84.18476030755323,
          -84.12903535131838,
          -83.34923495610029,
          -83.8650990732134,
          -83.54109177004476,
          -84.09393221686643,
          -83.27776357830159,
          -83.69853986527875,
          -83.72956485008827,
          -83.52029767508824,
          -84.44845139383374,
          -83.97775716283597,
          -84.16126219208162,
          -83.52174631909428,
          -83.68368408019555,
          -83.81442019147798,
          -84.63280999779721,
          -84.2830435878265,
          -82.95904161884593,
          -84.1676305627399,
          -84.37256327996923,
          -83.48388170836398,
          -83.77829950337495,
          -83.85451780746133,
          -83.88071473508664,
          -84.072130720871,
          -83.64319546358985,
          -83.24363599103573,
          -84.0560480176456,
          -84.65055492581226,
          -83.64848805355062,
          -84.27562447880018,
          -84.0962091113728,
          -82.8776983867054,
          -83.46300299753236,
          -83.53590683883509,
          -83.23164180554252,
          -83.76887318888357,
          -83.96484659066763,
          -84.59130962054752,
          -83.11805291043467,
          -84.05717507483968,
          -84.57559950519354,
          -84.53910209296485,
          -83.98349392500936,
          -76.6296734974605,
          -82.2271961188347,
          -77.66728853247838,
          -84.51247982011516,
          -77.58119091981825,
          -84.05890370352022,
          -83.31469939714573
        ]
      ]
    ]
  },
  {
    "vqe2_energy": [
      -96.48612766538102,
      -96.48481952394127,
      -96.48193930425033
    ],
    "vqe2_vector": [
      [
        1,
        1,
        0,
        0,
        1,
        0,
        1,
        0
      ],
      [
        0,
        0,
        1,
        0,
        0,
        0,
        1,
        0
      ],
      [
        1,
        0,
        1,
        1,
        0,
        1,
        0,
        0
      ]
    ],
    "vqe2_min_error": [
      0.003520123789557683,
      0.0048758579486607445,
      0.007860865610720413
    ],
    "vqe2_params": [
      [
        5.762942541679126,
        0.08569797126374865,
        3.7423321919520096,
        3.4870398562281792,
        2.9031978205965685,
        1.20681607931549,
        3.3170578865460842,
        1.4684656907335654,
        3.737098869853905,
        3.383949264027868,
        1.3013143736936152,
        2.545679081466446,
        2.6250857727089296,
        6.0926308386293195,
        0.8568495212757582,
        0.18454059869577025,
        5.275587047199319,
        3.2922526932658536,
        2.8419980624864136,
        1.1775362776852352,
        3.220236703731577,
        4.761628135664886,
        5.984752770243707,
        4.9637757081349205,
        7.19551292346406,
        1.0821926764136272,
        0.2862720313202762,
        5.83441744403238,
        4.568351043041829,
        2.8484672176866943,
        6.512817038463788,
        1.5471106939054096
      ],
      [
        3.3764808277894027,
        0.20903444065396584,
        2.824638655709406,
        6.14206002758922,
        5.41041446373362,
        0.3211817948274652,
        2.570023808698696,
        5.321643080832875,
        3.596358216057108,
        5.740701958189149,
        3.5539771122320905,
        4.81005812195285,
        3.439331261186505,
        2.1571211399479635,
        1.8256555030369275,
        3.7187384261687884,
        6.271807005388776,
        2.4482000698263437,
        4.790606923900539,
        3.898042362747907,
        3.7408952549704515,
        3.580454064544125,
        4.56354250113957,
        4.889036087712007,
        1.7891577107523242,
        3.61133273239834,
        4.172943879740076,
        3.2294792884514854,
        4.557426130195106,
        4.497157022722668,
        5.834036349694265,
        3.8345394254069487,
        0.9795214994251784,
        1.7115620833232983,
        5.543385703157298,
        4.761059740802945,
        5.670479171899702,
        3.396235701427181,
        4.192284870876718,
        4.377174129406477,
        5.803512160107472,
        2.41909172713223,
        1.1999812477382237,
        1.504552756464165,
        1.7011399692982103,
        1.3863584831426976,
        1.6545779667618554,
        1.5045376477744055
      ],
      [
        2.8582059937648925,
        3.1057444981483044,
        3.214588779234304,
        6.248428133619881,
        3.6757421564533495,
        1.4514870788518128,
        5.778581742342195,
        5.314222326252817,
        3.2469544647925512,
        6.992182209176287,
        1.2079205533905688,
        6.147826425280379,
        2.4539967336701536,
        1.6808282768330183,
        4.8969989342661355,
        2.4037655122536776,
        3.3115035808017064,
        6.100645929300299,
        1.822244639699662,
        1.1651880515596436,
        4.408241103107857,
        3.335939331888735,
        4.19420615310722,
        6.033351901894012,
        3.0504876935604437,
        3.9669916265165064,
        5.753644541202319,
        1.1206494815227663,
        3.34222993890726,
        4.232958418158817,
        4.142649613603437,
        3.6556281006254396,
        0.5117145971563326,
        1.9695951887464975,
        5.734176226622622,
        3.669062087124744,
        5.715697724218407,
        0.7742038367598418,
        6.523796617551036,
        4.580578394739674,
        6.249029391030098,
        2.933682498402547,
        1.6054853219530982,
        3.4915486062280845,
        6.143374449278538,
        4.637346210007942,
        4.5573471485745225,
        0.5475483632193496,
        0.6644095628029234,
        3.5176902025180334,
        3.227013627766401,
        5.603112217654895,
        1.3240673824706504,
        5.630790374598358,
        5.0766866504603705,
        4.13228099237794,
        0.17715345905654348,
        1.9811857314729493,
        5.781545764811179,
        3.0551267924585934,
        1.2461004678849394,
        2.706898948027284,
        5.756963569136456,
        1.4083232950584272,
        2.694219624447347,
        1.1245083704426517,
        1.8836520630938014,
        5.356139469165832,
        3.745843032722622,
        3.7221410288078576,
        3.9935357229771964,
        3.3589898160371656
      ]
    ],
    "vqe2_time": [
      5.829595565795898,
      4.464721202850342,
      5.340770483016968
    ],
    "solution_vector": [
      0,
      0,
      0,
      0,
      1,
      1,
      1,
      1
    ],
    "solution_min_energy": -96.48952421607738,
    "solution_time": 0.021416664123535156,
    "matrix_size": 8,
    "qubo_matrix": [
      [
        -22.585598603146664,
        3.0073600591558045,
        6.014720118311609,
        1.5036800295779023,
        1.5036701074410108,
        3.0073402148820216,
        6.014680429764043,
        1.5036701074410108
      ],
      [
        3.0073600591558045,
        -42.16383714713753,
        12.029440236623218,
        3.0073600591558045,
        3.0073402148820216,
        6.014680429764043,
        12.029360859528087,
        3.0073402148820216
      ],
      [
        6.014720118311609,
        12.029440236623218,
        -72.29823405765184,
        6.014720118311609,
        6.014680429764043,
        12.029360859528087,
        24.058721719056173,
        6.014680429764043
      ],
      [
        1.5036800295779023,
        3.0073600591558045,
        6.014720118311609,
        -22.585598603146664,
        1.5036701074410108,
        3.0073402148820216,
        6.014680429764043,
        1.5036701074410108
      ],
      [
        1.5036701074410108,
        3.0073402148820216,
        6.014680429764043,
        1.5036701074410108,
        -22.587119750418523,
        3.007408349545387,
        6.014816699090774,
        1.5037041747726936
      ],
      [
        3.0073402148820216,
        6.014680429764043,
        12.029360859528087,
        3.0073402148820216,
        3.007408349545387,
        -42.16683115129166,
        12.029633398181549,
        3.007408349545387
      ],
      [
        6.014680429764043,
        12.029360859528087,
        24.058721719056173,
        6.014680429764043,
        6.014816699090774,
        12.029633398181549,
        -72.30402890440178,
        6.014816699090774
      ],
      [
        1.5036701074410108,
        3.0073402148820216,
        6.014680429764043,
        1.5036701074410108,
        1.5037041747726936,
        3.007408349545387,
        6.014816699090774,
        -22.587119750418523
      ]
    ],
    "ansatze": [
      "twolocal",
      "alternating_ry_rz",
      "random_circuit"
    ],
    "histories_energy": [
      [
        [
          -82.14082170418231,
          -84.01444728162875,
          -84.45643197146151,
          -81.7363597565422,
          -83.6469637263246,
          -82.14163053212371,
          -81.41932354524006,
          -84.39833793702662,
          -85.96331725976819,
          -86.86401928581026,
          -84.46902655321033,
          -86.95392309454519,
          -86.459386858296,
          -86.70399597954167,
          -87.49838518925225,
          -84.80356570332472,
          -87.49430781667907,
          -86.61639879600537,
          -84.64583887878581,
          -86.58468430324163,
          -87.22736387512988,
          -85.83866397752462,
          -87.91129885272639,
          -88.32326455639779,
          -88.09989624882421,
          -88.45893011149693,
          -88.05879223157655,
          -88.40274814753342,
          -88.6318090525266,
          -88.59609316950943,
          -88.34817587529885,
          -88.86938023781548,
          -88.37881500893606,
          -88.80189833120026,
          -88.83254982234916,
          -85.06818239034082,
          -88.09128386555612,
          -88.93990483957688,
          -89.63669262729502,
          -88.03820401207538,
          -89.74938424030647,
          -87.30660094829219,
          -89.97972040983815,
          -87.04519820348936,
          -89.61054304711385,
          -89.34765927414065,
          -89.76585115976638,
          -89.22905116557013,
          -89.64577723595897,
          -89.50635554992101,
          -88.43715469311306,
          -88.47685223317848,
          -90.50297301610904,
          -90.8681155827281,
          -91.62021465166735,
          -86.85703862019997,
          -90.74483631771751,
          -89.27684435266087,
          -91.29379244055306,
          -91.58689203281222,
          -91.53275884996756,
          -91.39016435243998,
          -91.69464962178438,
          -92.15099614060007,
          -91.12052248909154,
          -90.35315355823411,
          -91.71815005170593,
          -91.47119703837026,
          -91.72057932683644,
          -89.2685325540463,
          -90.65982595161701,
          -92.40554371593056,
          -92.54917656686423,
          -89.98572467454167,
          -92.04510379487866,
          -90.56713561933495,
          -93.46856843010403,
          -93.49015312727406,
          -94.55317942776162,
          -89.95527522359328
        ]
      ],
      [
        [
          -84.97645427311099,
          -85.60430105060249,
          -82.04315025202195,
          -86.29668648230914,
          -85.88250223761139,
          -85.91131767766564,
          -85.68652675763865,
          -83.82258853974223,
          -86.52355483238972,
          -86.192037085764,
          -78.85391726070863,
          -86.11889651870167,
          -85.96584833243239,
          -86.72220035624632,
          -85.51967629656698,
          -85.62370357727085,
          -86.09843472992686,
          -85.38439006519809,
          -84.92231537485475,
          -85.46105631059633,
          -86.10346944092552,
          -86.0797751506019,
          -85.74762115421262,
          -86.14887777247174,
          -87.57688418916078,
          -85.96292524082956,
          -86.59259910891356,
          -86.46384723627531,
          -86.51523792855457,
          -86.60347055991315,
          -86.07909418130848,
          -86.74777820789865,
          -86.4979071855728,
          -86.3287733558584,
          -85.0691356191542,
          -85.92784157549453,
          -86.03138763187806,
          -86.42194229396237,
          -86.61281892777546,
          -86.71125490882623,
          -86.25716942314591,
          -86.40916650648722,
