[
  {
    "vqe2_energy": [
      -109.23270398594279,
      -119.1843425256931,
      -109.2365983699521
    ],
    "vqe2_vector": [
      [
        0,
        0,
        0,
        0,
        0,
        0,
        0,
        0,
        0,
        0,
        0,
        0,
        1,
        0,
        1,
        0
      ],
      [
        1,
        0,
        0,
        1,
        0,
        1,
        0,
        0,
        1,
        0,
        0,
        0,
        1,
        0,
        0,
        0
      ],
      [
        0,
        0,
        1,
        0,
        0,
        0,
        0,
        1,
        0,
        0,
        0,
        0,
        0,
        0,
        0,
        0
      ]
    ],
    "vqe2_min_error": [
      14.114807368442007,
      6.2902423636602585,
      14.111745374106821
    ],
    "vqe2_params": [
      [
        5.963151010287549,
        4.432475666705872,
        4.644238632811774,
        4.260408363501566,
        4.193468471017442,
        0.2776273565331545,
        6.127751361916681,
        3.671088325018301,
        4.063884603792577,
        6.567434923865603,
        4.512484609033997,
        3.208803968109129,
        5.86685339665934,
        1.7870336804896647,
        6.139791970302012,
        4.132157557864559,
        2.795047627424137,
        6.078189863316796,
        6.357048317600267,
        0.6190850129707482,
        1.9456734828778175,
        1.3795119652808592,
        5.835285010373609,
        6.417126976239077,
        2.5983625925738543,
        2.9132078117395945,
        2.983494399817393,
        1.9227011218875483,
        3.495281869569308,
        2.847326754377498,
        3.0997450521538084,
        6.067432829885153,
        0.8689317516283285,
        5.001564401943763,
        7.123629443613461,
        1.5465309497214226,
        2.9274632495016584,
        5.563916331739228,
        4.719312921650905,
        3.048778362386265,
        1.975239994696422,
        6.596273732758339,
        1.419072976125939,
        2.1820067874365985,
        4.780667995475465,
        2.0419453443520306,
        0.9623471247796919,
        2.870376085804397,
        6.019964503464421,
        3.566903037718856,
        2.0949654501249295,
        7.17912209669006,
        3.099855001045582,
        6.148945993738602,
        4.091179033105146,
        0.16949529327797716,
        0.6196439436955773,
        5.638204549448954,
        5.35129165025178,
        1.628192691587816,
        0.5352207989993604,
        0.5717584927126395,
        5.19286252864499,
        1.121379746041115
      ],
      [
        7.04029400075295,
        2.57793459047914,
        4.255633396815255,
        2.4977723152503084,
        4.033544517505269,
        1.7282792681091848,
        6.419190205581727,
        4.568855622281848,
        4.29548640180002,
        2.7460365149830417,
        4.295370818083796,
        4.809171639619879,
        4.2257750530281335,
        4.431261783172628,
        2.4897919571633857,
        4.061812486168257,
        2.1684891241390574,
        6.1090326273378075,
        5.183510161457872,
        5.960542483026834,
        4.336301104236347,
        1.3257740266804454,
        5.428516022718738,
        2.5762475027145393,
        3.732311578250946,
        0.6223016225621018,
        1.2298961465779696,
        4.934698675343672,
        5.322564672787738,
        4.861257724989564,
        1.3686043900868978,
        2.6965136369488936,
        4.4551832392730555,
        2.3869212327585285,
        1.6792675296706983,
        5.825022197056249,
        5.884535483956613,
        1.958446116687058,
        0.7505135169157695,
        2.7945724465873583,
        1.7699004163822063,
        3.4770819864811093,
        5.05680656716654,
        5.441266196373676,
        5.854020045366715,
        2.3142051963615704,
        2.4081113029183494,
        2.352923343256505,
        1.0998352779351328,
        5.993208598993199,
        4.554547344150494,
        2.988891984653673,
        1.796941184169215,
        1.0783323747204971,
        2.659535797499235,
        5.687735771046854,
        0.8673491076420593,
        3.4000978307153797,
        4.36738876690914,
        4.115490977392098,
        0.414019347198918,
        2.9369008073802036,
        2.548068900939718,
        6.110004924433565,
        4.082277680477145,
        1.2185207180944349,
        0.5702949521494494,
        1.3878695153053193,
        0.9889661761873181,
        3.3037734172423896,
        2.208358293759113,
        0.3723402595650716,
        0.17003755719893165,
        3.3888786467853356,
        0.1375470865467587,
        4.979516738179061,
        2.2625472882652535,
        5.520562606747202,
        5.9676760287457125,
        0.7554939501419136,
        3.0604882153152015,
        2.9663661818609945,
        4.592031076402593,
        1.6772028772760306,
        0.9756009321930065,
        3.6445992399476568,
        4.451696291026413,
        1.23274203798943,
        0.4486711232517087,
        3.9117051082512315,
        4.372106747879881,
        5.465683297456199,
        4.479335082328929,
        0.9050215116252622,
        3.868680474399609,
        5.663631243366124
      ],
      [
        4.136795567509086,
        2.799609411979135,
        6.381177586568213,
        1.7003477959971418,
        2.8808795341212443,
        3.333358100796331,
        4.72119226294177,
        3.5493379177346247,
        5.041972553336786,
        3.850645679104545,
        3.4740984532673505,
        5.120248672743177,
        6.193534877604249,
        1.2609477144117478,
        5.435461967008598,
        1.3031178715827227,
        5.424433396681718,
        6.154363255533503,
        2.7078163130888986,
        1.5830594411637033,
        4.278343910660008,
        0.12745288701165003,
        5.523477935846669,
        1.1092345306360745,
        2.1083558156831255,
        2.60896443823336,
        2.8624988553372432,
        3.8824407462029886,
        3.1781254895248088,
        3.6602274044406666,
        1.1679958579749203,
        6.326210759100128,
        2.8375061690531465,
        1.1712081833499588,
        2.475531171921244,
        5.076280915586117,
        1.4438445901944938,
        5.9727939581280705,
        5.972598902578648,
        1.4181141341299224,
        4.305142609097636,
        2.798815405736153,
        2.3944771078539597,
        1.1942795565367696,
        2.7183273124182232,
        4.803606646690871,
        3.943994761493667,
        1.3854948397285607,
        3.1699458671086083,
        1.242475320476338,
        4.605930600790201,
        2.5218442160384433,
        2.8321056871557273,
        3.235389033555069,
        1.4222664352486212,
        4.992333338460608,
        4.00042522822711,
        5.117202486121178,
        4.034977998814933,
        2.8390709744188882,
        4.431992458616742,
        4.815357131733079,
        6.12351356337404,
        4.692933068271237,
        2.9196757991089695,
        1.9267599851020667,
        0.35094823643629214,
        5.992196322814581,
        2.867915120673519,
        1.9875766228386713,
        5.804066171306848,
        0.7025397402878003,
        2.0916780352092315,
        6.087966806928814,
        5.324030343252491,
        0.03006190888604647,
        3.893428881679526,
        0.5261696029087835,
        3.861292765964564,
        0.8075604544248168,
        2.506947433515937,
        1.007667676213813,
        2.1127872120988145,
        4.945252351995675,
        2.7279501303817137,
        0.02335639612479113,
        2.1270657356128106,
        5.703786562688889,
        1.2341778310074434,
        0.7058227884879302,
        0.3647887358979223,
        5.812181183587843,
        1.3389865119131608,
        4.661893029765315,
        3.452333225440141,
        2.6842307034874384,
        4.0068028713781745,
        4.491890859311087,
        2.392086976212109,
        4.3370754047346045,
        2.83873724983605,
        3.223085431040974,
        3.973500402995682,
        3.9174738343957083,
        6.078970314539911,
        2.5662499829146794,
        1.0189933368408781,
        2.0316896943689344,
        5.699183097703264,
        0.9944182120652023,
        4.870291954550937,
        2.954728898231491,
        0.4760948197589683,
        5.018199307673397,
        4.24534623369991,
        0.6357446952455149,
        5.115280537924363,
        1.471396150975546,
        4.403312674910719,
        6.090703497945955,
        5.870543710113074,
        3.880118340264579,
        3.218766244524441,
        1.000526928716443,
        4.461170626414008,
        0.5986794921602762,
        3.582964248289817,
        5.396436039378314,
        2.0117399726600946,
        4.401055019011633,
        4.694074511460968,
        2.0244642865388576,
        3.416180815167102,
        5.997057036703814,
        4.060017399062294,
        3.5732278721952633,
        4.743485649705549,
        6.132841425680672,
        2.395539006200341,
        5.143333211092998,
        4.224968614251487,
        5.800359671974971,
        2.882650310273574,
        4.265963899577765
      ]
    ],
    "vqe2_time": [
      255.44126510620117,
      251.5481677055359,
      303.6996605396271
    ],
    "solution_vector": [
      0,
      0,
      0,
      0,
      1,
      0,
      1,
      1,
      0,
      1,
      0,
      0,
      0,
      0,
      0,
      0
    ],
    "solution_min_energy": -127.18455957192077,
    "solution_time": 0.02370929718017578,
    "matrix_size": 16,
    "qubo_matrix": [
      [
        -29.78028593366551,
        3.9666393160412197,
        7.933278632082439,
        1.9833196580206098,
        1.9833166813795424,
        3.966633362759085,
        7.93326672551817,
        1.9833166813795424,
        1.9833169610048387,
        3.9666339220096773,
        7.933267844019355,
        1.9833169610048387,
        1.9833173782127287,
        3.9666347564254574,
        7.933269512850915,
        1.9833173782127287
      ],
      [
        3.9666393160412197,
        -55.5939325512898,
        15.866557264164879,
        3.9666393160412197,
        3.966633362759085,
        7.93326672551817,
        15.86653345103634,
        3.966633362759085,
        3.9666339220096773,
        7.933267844019355,
        15.86653568803871,
        3.9666339220096773,
        3.9666347564254574,
        7.933269512850915,
        15.86653902570183,
        3.9666347564254574
      ],
      [
        7.933278632082439,
        15.866557264164879,
        -95.32130783841473,
        7.933278632082439,
        7.93326672551817,
        15.86653345103634,
        31.73306690207268,
        7.93326672551817,
        7.933267844019355,
        15.86653568803871,
        31.73307137607742,
        7.933267844019355,
        7.933269512850915,
        15.86653902570183,
        31.73307805140366,
        7.933269512850915
      ],
      [
        1.9833196580206098,
        3.9666393160412197,
        7.933278632082439,
        -29.78028593366551,
        1.9833166813795424,
        3.966633362759085,
        7.93326672551817,
        1.9833166813795424,
        1.9833169610048387,
        3.9666339220096773,
        7.933267844019355,
        1.9833169610048387,
        1.9833173782127287,
        3.9666347564254574,
        7.933269512850915,
        1.9833173782127287
      ],
      [
        1.9833166813795424,
        3.966633362759085,
        7.93326672551817,
        1.9833166813795424,
        -29.78182398257372,
        3.9666538031580942,
        7.9333076063161885,
        1.9833269015790471,
        1.9833189701038751,
        3.9666379402077503,
        7.933275880415501,
        1.9833189701038751,
        1.983317462357082,
        3.966634924714164,
        7.933269849428328,
        1.983317462357082
      ],
      [
        3.966633362759085,
        7.93326672551817,
        15.86653345103634,
        3.966633362759085,
        3.9666538031580942,
        -55.59699416198934,
        15.866615212632377,
        3.9666538031580942,
        3.9666379402077503,
        7.933275880415501,
        15.866551760831001,
        3.9666379402077503,
        3.966634924714164,
        7.933269849428328,
        15.866539698856656,
        3.966634924714164
      ],
      [
        7.93326672551817,
        15.86653345103634,
        31.73306690207268,
        7.93326672551817,
        7.9333076063161885,
        15.866615212632377,
        -95.32737311134632,
        7.9333076063161885,
        7.933275880415501,
        15.866551760831001,
        31.733103521662002,
        7.933275880415501,
        7.933269849428328,
        15.866539698856656,
        31.73307939771331,
        7.933269849428328
      ],
      [
        1.9833166813795424,
        3.966633362759085,
        7.93326672551817,
        1.9833166813795424,
        1.9833269015790471,
        3.9666538031580942,
        7.9333076063161885,
        -29.78182398257372,
        1.9833189701038751,
        3.9666379402077503,
        7.933275880415501,
        1.9833189701038751,
        1.983317462357082,
        3.966634924714164,
        7.933269849428328,
        1.983317462357082
      ],
      [
        1.9833169610048387,
        3.9666339220096773,
        7.933267844019355,
        1.9833169610048387,
        1.9833189701038751,
        3.9666379402077503,
        7.933275880415501,
        1.9833189701038751,
        -29.779856639398005,
        3.9666352724531424,
        7.933270544906285,
        1.9833176362265712,
        1.9833173808100997,
        3.9666347616201993,
        7.933269523240399,
        1.9833173808100997
      ],
      [
        3.9666339220096773,
        7.933267844019355,
        15.86653568803871,
        3.9666339220096773,
        3.9666379402077503,
        7.933275880415501,
        15.866551760831001,
        3.9666379402077503,
        3.9666352724531424,
        -55.593078006342864,
        15.86654108981257,
        3.9666352724531424,
        3.9666347616201993,
        7.933269523240399,
        15.866539046480797,
        3.9666347616201993
      ],
      [
        7.933267844019355,
        15.86653568803871,
        31.73307137607742,
        7.933267844019355,
        7.933275880415501,
        15.866551760831001,
        31.733103521662002,
        7.933275880415501,
        7.933270544906285,
        15.86654108981257,
        -95.31961492287316,
        7.933270544906285,
        7.933269523240399,
        15.866539046480797,
        31.733078092961595,
        7.933269523240399
      ],
      [
        1.9833169610048387,
        3.9666339220096773,
        7.933267844019355,
        1.9833169610048387,
        1.9833189701038751,
        3.9666379402077503,
        7.933275880415501,
        1.9833189701038751,
        1.9833176362265712,
        3.9666352724531424,
        7.933270544906285,
        -29.779856639398005,
        1.9833173808100997,
        3.9666347616201993,
        7.933269523240399,
        1.9833173808100997
      ],
      [
        1.9833173782127287,
        3.9666347564254574,
        7.933269512850915,
        1.9833173782127287,
        1.983317462357082,
        3.966634924714164,
        7.933269849428328,
        1.983317462357082,
        1.9833173808100997,
        3.9666347616201993,
        7.933269523240399,
        1.9833173808100997,
        -29.77981047238662,
        3.966634837599032,
        7.933269675198064,
        1.983317418799516
      ],
      [
        3.9666347564254574,
        7.933269512850915,
        15.86653902570183,
        3.9666347564254574,
        3.966634924714164,
        7.933269849428328,
        15.866539698856656,
        3.966634924714164,
        3.9666347616201993,
        7.933269523240399,
        15.866539046480797,
        3.9666347616201993,
        3.966634837599032,
        -55.59298610717421,
        15.866539350396128,
        3.966634837599032
      ],
      [
        7.933269512850915,
        15.86653902570183,
        31.73307805140366,
        7.933269512850915,
        7.933269849428328,
        15.866539698856656,
        31.73307939771331,
        7.933269849428328,
        7.933269523240399,
        15.866539046480797,
        31.733078092961595,
        7.933269523240399,
        7.933269675198064,
        15.866539350396128,
        -95.3194328639523,
        7.933269675198064
      ],
      [
        1.9833173782127287,
        3.9666347564254574,
        7.933269512850915,
        1.9833173782127287,
        1.983317462357082,
        3.966634924714164,
        7.933269849428328,
        1.983317462357082,
        1.9833173808100997,
        3.9666347616201993,
        7.933269523240399,
        1.9833173808100997,
        1.983317418799516,
        3.966634837599032,
        7.933269675198064,
        -29.77981047238662
      ]
    ],
    "ansatze": [
      "twolocal",
      "alternating_ry_rz",
      "random_circuit"
    ],
    "histories_energy": [
      [
        [
          117.39500964481725,
          117.76989056809258,
          77.67498567107313,
          63.17695938776929,
          57.76308208023023,
          72.46100508092331,
          55.4709209043339,
          85.58742163879336,
          48.15358560840078,
          68.00928250383136,
          19.174000013750273,
          -0.6014012257334542,
          4.419216980594168,
          -6.220912562938548,
          -17.74481134113449,
          -45.02761671591304,
          -35.34283136077171,
          -47.95170149548184,
          -50.619989687819974,
          -42.94836012193756,
          -48.6120507242252,
          -53.1467035297353,
          -54.28794093874446,
          -61.09286424529879,
          -63.09809160032443,
          -68.92365165390257,
          -68.93019697812193,
          -70.37808559909554,
          -69.55712470349229,
          -68.35544579627098,
          -54.205183161368325,
          -70.0969591054597,
          -71.69639402234179,
          -66.36850251188758,
          -62.370595488422204,
          -72.5482293811737,
          -73.90845329127282,
          -66.51017080604508,
          -84.27004825492037,
          -86.17947417177305,
          -83.10848993484063,
          -84.25957822852541,
          -86.61608279598312,
          -91.46449427270296,
          -89.87520436281635,
          -93.90353172782169,
          -83.4493128211672,
          -88.62530423574403,
          -87.62953080304,
          -94.20701705059071,
          -92.20837007207604,
          -95.35534057913937,
          -96.26696234839049,
          -93.35318789972096,
          -91.66288369999415,
          -91.12249938775975,
          -93.83585422356165,
          -93.53900390904127,
          -92.1627776611545,
          -93.2946002708652,
          -94.10467623844485,
          -95.49324038068929,
          -93.51329146627154,
          -95.19796634181088,
          -90.90340373900526,
          -96.18999641814337,
          -87.83288837585657,
          -95.16918248447207,
          -92.17867887070177,
          -95.9436069788732,
          -86.47946367202218,
          -99.73252767609092,
          -96.48546827035372,
          -102.14537664616643,
          -101.99825299935168,
          -95.15342545879152,
          -101.83337449414839,
          -99.28685445045883,
          -102.28533558373756,
          -104.19011342428828,
          -103.21966922371459,
          -102.6563468858465,
          -101.69366885420582,
          -102.24387786298715,
          -102.96237082855612,
          -104.78018362034096,
          -100.54046770088149,
          -103.87956569976515,
          -101.90790470598967,
          -102.83399590413515,
          -102.02255964057711,
          -101.82210948806181,
          -103.0382265802586,
          -102.40229596085611,
          -103.82539415711769,
          -103.8661468769784,
          -100.1640775616584,
          -103.38447575556958,
          -102.35935880040901,
          -102.6067645913248,
          -104.1741497131791,
          -97.91683982527395,
          -98.49663507215688,
          -99.83363295299324,
          -104.08535977746124,
          -99.76142504368799,
          -97.68534068612219,
          -102.79431643533133,
          -100.57075177432827,
          -104.42078959069484,
          -98.80713293691407,
          -96.91017740133539,
          -101.80122319199083,
          -104.65803661718898,
          -103.55816560692729,
          -103.70498752273772,
          -101.19562694128072,
          -100.86430327312446,
          -101.51349888448945,
          -105.60383987476742,
          -103.88405922356257,
          -102.59734279944402,
          -105.06600116174396,
          -103.6221763747567,
          -105.22287606444911,
          -103.29252588551508,
          -103.96338288151367,
          -99.88772147732902,
          -103.68994094814862,
          -105.40503306915525,
          -103.74032519851617,
          -102.41346570799605,
          -101.19050462188383,
          -101.99364575666317,
          -103.43264877756268,
          -103.26045588095114,
          -103.85194540984762,
          -105.9846697513349,
          -104.57545151385523,
          -102.95208614810275,
          -103.12426387252414,
          -103.52172529039734,
          -105.00278913922206,
          -106.88393554740132,
          -104.72532187727654,
          -106.76644066579112,
          -106.9295819265184,
          -105.25099321357598,
          -107.01459194905074,
          -105.08769358026444,
          -105.10882298616299,
          -105.25982559573184,
          -104.7825472219589,
          -103.34799096289305,
          -106.82106972645556,
          -103.27187636847269,
          -106.86726070674257,
          -103.48601408367225,
          -102.3627153606123,
          -101.88855858519065
        ]
      ],
      [
        [
          59.67900481934194,
          48.12004454349561,
          34.73584851532236,
          20.325813960949557,
          7.573828015005649,
          11.33086655287956,
          -22.12622318155022,
          -24.393973765882198,
          -30.856162506777345,
          -36.99333190681485,
          -56.74220723731284,
          -57.54938193398014,
          -61.920234053977964,
          -62.8364351187452,
          -84.84139105894855,
          -81.11299131604366,
          -87.43990591296331,
          -90.95971086679754,
          -91.57282734045265,
          -91.54166055941883,
          -95.78138222002474,
          -94.8193436846447,
          -95.31044902204026,
          -88.74716611479515,
          -93.32693064225319,
          -92.09250464478927,
          -91.94312385878975,
          -94.07227760777283,
          -94.6144714898937,
          -93.50328057898219,
          -84.67712797055779,
          -91.59087720567666,
          -95.66181659390944,
          -95.88346364319037,
          -95.79203762105338,
          -90.43932285697149,
          -96.56350426991283,
          -97.29864842074804,
          -106.75384620289859,
          -101.30428954518004,
          -103.99272624339162,
          -104.10057657029755,
          -87.95996395226169,
          -103.5368535005162,
          -103.08234958611575,
          -103.0370037130352,
          -106.94261472146083,
          -106.80123071616218,
          -107.61985784132077,
          -103.97515610798132,
          -104.48101764453492,
          -104.02567007697002,
          -105.54176600546742,
          -106.0626976187984,
          -102.50953319419845,
          -104.49820426039409,
          -105.05895551238014,
          -106.85362394557842,
          -104.13593231309125,
          -104.98874446465759,
          -106.29178307651001,
          -105.00599180586461,
          -103.92034859933946,
          -105.13859014546466,
          -104.61023644508226,
          -103.99266622227644,
          -104.57681449069055,
          -105.92335883894285,
          -105.0558532417372,
          -105.6374165754167,
          -105.76913625033316,
          -102.43331153502393,
          -105.50071080706913,
          -106.87547286032263,
          -103.84402650299731,
          -103.30475522870032,
          -106.31469874227592,
          -104.7721348573151,
          -105.60252715526472,
          -105.9541550405898,
          -104.86803105593071,
          -103.50792607201814,
          -104.8095582435794,
          -104.5436594575054,
          -106.47380660217196,
          -105.78199947131208,
          -105.40643568897723,
          -106.52921794120871,
          -105.26570438406401,
          -103.06511622957561,
          -106.48574111777116,
          -106.88458606086512,
          -106.03161530148269,
          -103.39139079604273,
          -103.80403991952726,
          -106.0999285251232,
          -105.76171963663545,
          -101.9885211196642,
          -102.23296600333582,
          -98.79008297542538,
          -103.50610102887384,
          -95.18780068118463,
          -105.30530014705025,
          -106.16513768067355,
          -104.95632584235825,
          -98.78931537851321,
          -105.87460096021125,
          -100.22480900051274,
          -104.68959223556976,
          -107.61657253172848,
          -105.28921833780791,
          -107.39604256407442,
          -105.60630086682329,
          -104.62013728476329,
          -106.33112408152478,
          -107.31970564110865,
          -108.29895127315987,
          -106.17748271300164,
          -105.87069995818646,
          -108.90764595607736,
          -108.3571235381652,
          -103.43083081568517,
          -109.59900992223382,
          -104.62020939806914,
          -108.5395755656627,
          -107.26770135037151,
          -109.1123462507984,
          -109.040024617998,
          -106.65608531716813,
          -107.6508563441557,
          -110.35232358729593,
          -96.35544102574714,
          -109.18487005366316,
          -107.32990099756064,
          -106.1404950895043,
          -110.5268228550587,
          -107.79465261705904,
          -105.4531001225859,
          -110.1278923754875,
          -111.49053026597679,
          -110.49620694210167,
          -108.21717852654658,
          -107.17499020881515,
          -112.13509687748098,
          -111.2960898502149,
          -106.82505117292452,
          -111.35439333208545,
          -106.97431875599518,
          -111.80418085516338,
          -112.89652126659826,
          -112.58874467524825,
          -113.3382746438769,
          -112.77984825158606,
          -113.22216172467266,
          -113.38336261219673,
          -113.32004651515702,
          -112.23757682490451,
          -111.38835561432246,
          -113.34875369202176,
          -113.34729798309465
        ]
      ],
      [
        [
          15.287862908289505,
          11.996356395562223,
          9.700961830132693,
          -4.972905298942928,
          0.736278837248463,
          -10.439247837044796,
          -41.42674703322613,
          -22.8317547942157,
          -45.97411132707242,
          -57.1450506139264,
          -61.06112943838705,
          -73.66410885355324,
          -68.63547390980575,
          -78.53825979592476,
          -71.42066136593319,
          -75.2477734494366,
          -74.49587326533945,
          -72.89001641606616,
          -71.53835456688336,
          -81.53884989834867,
          -82.80081421536794,
          -80.137110551101,
          -59.87886063973079,
          -84.10044613113162,
          -82.05577803818531,
          -77.45138899374412,
          -67.3158441772531,
          -74.40998935056045,
          -80.76861516760924,
          -85.23788671309173,
          -81.93066143548235,
          -84.15436666316732,
          -85.77813612135301,
          -77.92804788958074,
          -83.89931527864347,
          -82.57925040430507,
          -79.79301518251461,
          -83.88473721613431,
          -79.50770904608177,
          -81.59370174486479,
          -87.21710219108733,
          -83.81176566221697,
          -88.28623707259145,
          -91.41011783705414,
          -92.17394968860611,
          -92.61804926994053,
          -91.22632231356563,
          -99.82444959664254,
          -100.5492332358851,
          -99.50821500776095,
          -98.14084825933713,
          -98.0337951162839,
          -98.80492646416224,
          -101.38349325517302,
          -99.39888199660217,
          -98.11345941631994,
          -96.90189714741099,
          -97.08671213848805,
          -99.47868573652474,
          -98.57507807075523,
          -98.82027547460912,
          -97.15722532803207,
          -99.42083026397334,
          -97.7691137415163,
          -96.81244375144144,
          -99.13824395422206,
          -97.81550608166697,
          -98.06176648500818,
          -101.12264271299946,
          -97.45996406893657,
          -99.24326566150992,
          -98.32771013623024,
          -100.01135708371729,
          -99.47241063910107,
          -96.6770962951783,
          -98.02004938906495,
          -96.97944333978924,
          -97.40775474463908,
          -96.16263145860862,
          -95.75478978155684,
          -96.78865983996774,
          -100.11150995702974,
          -99.03115888419835,
          -99.21197728760426,
          -97.79600076016413,
          -99.84823938860073,
          -95.61433457668664,
          -98.09934208973146,
          -98.11705315379612,
          -99.67280095186344,
          -97.77713713057993,
          -97.68107778171394,
          -100.20639905144989,
          -97.63014993767588,
          -97.08503236094087,
          -99.81583130454067,
          -99.35859962154275,
          -97.65051937256736,
          -98.50506045351756,
          -97.587889233533,
          -98.71735219997248,
          -96.87985501164916,
          -97.60007018850233,
          -97.59974254821614,
          -100.22722942414107,
          -97.85622413653209,
          -96.23076981008184,
          -96.67199140151605,
          -99.15251332670405,
          -98.08866947023274,
          -99.67275553178172,
          -98.4724449410348,
          -97.35864675924259,
          -99.17819417330223,
          -99.02498569215676,
          -98.79583411694385,
          -97.65938447576089,
          -99.17413291052517,
          -99.25808186668894,
          -96.96359208191541,
          -95.61705163945257,
          -98.04795649190153,
          -99.59105169099777,
          -97.96342073166419,
          -96.20028474758882,
          -99.87837216805154,
          -96.9326618977877,
          -97.83291525333745,
          -98.67619864400459,
          -97.89271692180104,
          -97.83521923836612,
          -98.70911179032909,
          -97.43673969973463,
          -97.2754375442449,
          -96.66113084761075,
          -98.66750454653034,
          -98.51948351196802,
          -98.08946110404361,
          -99.71121618566826,
          -100.41502960959981,
          -97.35605493393571,
          -97.6578619901651,
          -99.13293438468718,
          -99.37721473181318,
          -99.98098417786889,
          -82.33625519934309,
          -98.46220303289222,
          -93.3698447546624,
          -98.38097993005474,
          -88.81628058084307,
          -96.32691664012732,
          -87.70494228530913,
          -95.20919373435271,
          -94.72278391669283,
          -96.94200168973683,
          -96.9471803497168,
          -98.7116680541681,
          -96.34607709991687,
          -97.36032278577379,
          -95.49610322691696
        ]
      ]
    ]
  },
  {
    "vqe2_energy": [
      -166.89341039140356,
      -156.38757082176377,
      -164.34192999725389
    ],
    "vqe2_vector": [
      [
        0,
        1,
        0,
        0,
        0,
        0,
        0,
        0,
        1,
        0,
        1,
        0,
        1,
        0,
        0,
        0
      ],
      [
        1,
        1,
        0,
        0,
        0,
        0,
        0,
        0,
        0,
        1,
        0,
        0,
        0,
        0,
        0,
        1
      ],
      [
        0,
        1,
        0,
        1,
        0,
        1,
        0,
        0,
        0,
        0,
        1,
        0,
        0,
        0,
        0,
        0
      ]
    ],
    "vqe2_min_error": [
      5.1942309342578596e-05,
      6.294891040746043,
      1.5287572020803109
    ],
    "vqe2_params": [
      [
        2.189805758081124,
        3.2823829851569983,
        3.204514638582802,
        0.8580067921790245,
        2.2385022447162153,
        6.1882540526369825,
        2.2702221867362122,
        2.2430841157362016,
        3.676310601331769,
        3.191288662130531,
        4.546807328516978,
        0.17410734539247216,
        6.6110668009200175,
        3.5647336670456244,
        3.800348385564234,
        2.489027908509554,
        0.10088236610797978,
        4.628047692549193,
        1.757728863904138,
        2.0703823866076996,
        5.4391700833624075,
        0.544390434435673,
        0.38154241521870774,
        3.884984918839928,
        1.0823323107570018,
        3.13751928690543,
        3.8831668595462188,
        5.393148445109097,
        -0.17049844545715234,
        5.781399363539923,
        5.760023410270636,
        0.3516518486747365,
        2.2243173977916113,
        3.259905705491734,
        3.2093754729754966,
        2.361759764733177,
        5.091475343355073,
        2.8225429870785352,
        2.402655094373784,
        5.58794743159035,
        3.572627621171683,
        2.8796598890065024,
        1.5806044860071267,
        6.899773044778319,
        5.970835992536706,
        3.3236207406823275,
        5.360613183129203,
        2.894947619348289,
        2.8518005417217154,
        4.444670101743246,
        1.5932099546164937,
        0.86656515184315,
        5.048753971600192,
        3.947374660168684,
        5.174412614820133,
        2.988794421613345,
        3.356627126883004,
        0.6993219377863651,
        0.47470272880786313,
        2.512470498776698,
        5.146510808145187,
        3.1696250027417436,
        3.942783657537468,
        0.22846588839970786
      ],
      [
        2.4086793574374106,
        2.9121732100950846,
        0.9094833455529201,
        1.9831322695445137,
        1.9571097600339389,
        2.951452015112875,
        7.0950305277867844,
        3.830696765875727,
        0.8532870007657796,
        3.342806583418512,
        4.023223297558456,
        4.218703303121713,
        5.511333350849768,
        5.387242007646848,
        2.2887282735406105,
        1.2644305111815701,
        0.8861623482020291,
        6.463198167113352,
        2.9742772137567868,
        0.6211084141319521,
        1.985375545101846,
        2.5547646143153027,
        5.327674979045054,
        4.406679698178334,
        4.559484013092945,
        3.3780466877450697,
        5.588549538719531,
        4.643341613169542,
        0.21737227645254228,
        4.664640633451469,
        5.387682647928872,
        6.392699883685964,
        5.02251437463763,
        4.41803374261629,
        4.403524091497863,
        2.6175251942192697,
        4.726975722878562,
        0.14253992406574872,
        4.43735696014442,
        5.265845492307738,
        3.346940196199444,
        -0.24767002345936973,
        2.4982053182606943,
        5.421564867448647,
        1.2768206038565773,
        1.2611039010775402,
        1.590377237388083,
        0.5525999391425207,
        4.96121368031164,
        1.0436072086439379,
        0.841441812499182,
        2.4450239189567844,
        1.0306807744789834,
        4.577741853850204,
        4.846140985896159,
        1.6155509858727377,
        1.631005376494067,
        3.5738398188368308,
        5.441350635970383,
        1.0219396713301416,
        0.7667704905567734,
        3.616501517392444,
        0.012575139114759163,
        5.186547112805711,
        5.299517632835955,
        2.5350518418165073,
        2.1368982191675703,
        1.0439854241381432,
        0.07204024132184905,
        1.0401806444164714,
        4.000191973455045,
        2.780799141894436,
        0.8368971609347201,
        2.485127448759694,
        3.886374579241329,
        4.3961505343213,
        3.618580948352234,
        6.155919039404316,
        1.5829975881387321,
        2.7217544748650893,
        5.00925736859382,
        -0.04702441610101959,
        0.4157066404786995,
        1.1794592752293565,
        2.884915938999066,
        1.4682540922606315,
        5.1464772112727655,
        5.9906352931184434,
        4.601353733389526,
        3.45115824818118,
        4.7119858625132975,
        1.8092639590898585,
        0.7117773691106879,
        3.94823684391771,
        4.620885000702099,
        2.125731066389809
      ],
      [
        3.492627609578826,
        3.92718175533893,
        2.8554384746552754,
        3.200336671859532,
        3.874272093282923,
        0.3738569431718185,
        4.191597650286812,
        6.853510259961627,
        5.576608118191722,
        4.27172723372634,
        0.7919915730303122,
        3.0282999514460527,
        1.6449845798752092,
        2.194419570279908,
        2.4479534344266245,
        0.9810759882577822,
        3.0136729603882193,
        5.489157469858322,
        0.00017428016364874515,
        2.112908402061472,
        5.302349662221282,
        1.1774803876999487,
        2.508464304738897,
        3.875346496143835,
        3.7420028481296366,
        5.355913798111733,
        2.7081691613252135,
        4.814946578466502,
        5.586162431309514,
        2.5878729203793935,
        1.5892578441437157,
        6.429157928259984,
        2.8332338101324934,
        3.2089980027725455,
        3.0210209932838175,
        3.996491731342196,
        1.0955542269676593,
        0.6387166445688724,
        2.413390814992464,
        4.664226581804087,
        2.682611177804981,
        1.0252292668753924,
        2.039380420277466,
        2.5685300219095697,
        1.049791884900723,
        0.4645653914150424,
        0.48200719055423125,
        1.5648104317491356,
        4.688609056402626,
        1.999039615571821,
        0.802787270398362,
        2.7169566165436323,
        4.337073992033978,
        3.861773153964692,
        3.1339204373776828,
        4.928498357032985,
        1.7433041197904149,
        4.065615455332064,
        0.2530676551806174,
        3.645989281495831,
        6.510090014812318,
        4.054026438535381,
        0.5342259723146657,
        5.9063484640900255,
        3.522842897286838,
        1.1505543985362499,
        2.245038345779321,
        3.8643627655103576,
        2.6620860354030933,
        0.8492107905632806,
        1.3044986346699319,
        3.034729047262907,
        2.7371672768418147,
        4.743802878465672,
        1.7657577491997911,
        5.388945951495225,
        1.240044463432899,
        1.9420927152321703,
        5.458656589245491,
        0.9204395270534326,
        0.27371710020668366,
        0.37746775023576984,
        5.071686515480364,
        3.061047427185663,
        1.2710607348122267,
        5.194521037730939,
        0.5177673317169552,
        2.126269196112911,
        0.965395889307854,
        0.4557818637645216,
        2.868889213984766,
        3.944794986539893,
        3.2113848510650516,
        4.9944405837392765,
        4.819248897330089,
        0.3606733534590474,
        2.8922811395311148,
        0.9114625788887324,
        2.2280130721424367,
        2.9799635383947303,
        2.4265332021389066,
        4.8625422915613,
        0.23870838724956758,
        4.387515407661208,
        4.697829342065888,
        6.1036184754422536,
        4.255491950163829,
        4.307970283960277,
        4.425858289364493,
